#####################################################################################
#_obs is as observed from the earth: beaming+cosmo               
#_src is in the AGN rest frame:cosmo                 
# log(nu_obs)|  log(nu_obs*F_nu_obs)|  nu_obs| nu_obs*F_nu_obs|   nu_src| nu_src*L_nu_src|      
####################################################################################
8.7082e+00	 -2.3204e+01	 5.1074e+08	 6.2510e-24	8.1718e+08	9.2871e+33 
8.7688e+00	 -2.3022e+01	 5.8722e+08	 9.5008e-24	9.3956e+08	1.4115e+34 
8.8294e+00	 -2.2840e+01	 6.7517e+08	 1.4440e-23	1.0803e+09	2.1453e+34 
8.8900e+00	 -2.2659e+01	 7.7628e+08	 2.1946e-23	1.2420e+09	3.2605e+34 
8.9506e+00	 -2.2477e+01	 8.9253e+08	 3.3355e-23	1.4280e+09	4.9555e+34 
9.0112e+00	 -2.2295e+01	 1.0262e+09	 5.0694e-23	1.6419e+09	7.5315e+34 
9.0718e+00	 -2.2113e+01	 1.1799e+09	 7.7046e-23	1.8878e+09	1.1447e+35 
9.1324e+00	 -2.1931e+01	 1.3566e+09	 1.1710e-22	2.1705e+09	1.7397e+35 
9.1930e+00	 -2.1750e+01	 1.5597e+09	 1.7796e-22	2.4956e+09	2.6439e+35 
9.2537e+00	 -2.1568e+01	 1.7933e+09	 2.7046e-22	2.8693e+09	4.0182e+35 
9.3143e+00	 -2.1386e+01	 2.0619e+09	 4.1103e-22	3.2990e+09	6.1066e+35 
9.3749e+00	 -2.1204e+01	 2.3706e+09	 6.2466e-22	3.7930e+09	9.2804e+35 
9.4355e+00	 -2.1023e+01	 2.7257e+09	 9.4930e-22	4.3610e+09	1.4103e+36 
9.4961e+00	 -2.0841e+01	 3.1338e+09	 1.4426e-21	5.0141e+09	2.1433e+36 
9.5567e+00	 -2.0659e+01	 3.6032e+09	 2.1923e-21	5.7651e+09	3.2570e+36 
9.6173e+00	 -2.0477e+01	 4.1428e+09	 3.3313e-21	6.6284e+09	4.9493e+36 
9.6779e+00	 -2.0296e+01	 4.7632e+09	 5.0621e-21	7.6211e+09	7.5207e+36 
9.7385e+00	 -2.0114e+01	 5.4765e+09	 7.6919e-21	8.7624e+09	1.1428e+37 
9.7991e+00	 -1.9932e+01	 6.2966e+09	 1.1687e-20	1.0075e+10	1.7364e+37 
9.8597e+00	 -1.9751e+01	 7.2396e+09	 1.7757e-20	1.1583e+10	2.6382e+37 
9.9203e+00	 -1.9569e+01	 8.3238e+09	 2.6978e-20	1.3318e+10	4.0081e+37 
9.9809e+00	 -1.9387e+01	 9.5703e+09	 4.0985e-20	1.5312e+10	6.0890e+37 
1.0042e+01	 -1.9206e+01	 1.1004e+10	 6.2259e-20	1.7606e+10	9.2497e+37 
1.0102e+01	 -1.9024e+01	 1.2651e+10	 9.4568e-20	2.0242e+10	1.4050e+38 
1.0163e+01	 -1.8843e+01	 1.4546e+10	 1.4363e-19	2.3274e+10	2.1339e+38 
1.0223e+01	 -1.8661e+01	 1.6724e+10	 2.1812e-19	2.6759e+10	3.2406e+38 
1.0284e+01	 -1.8480e+01	 1.9229e+10	 3.3121e-19	3.0766e+10	4.9207e+38 
1.0345e+01	 -1.8299e+01	 2.2109e+10	 5.0285e-19	3.5374e+10	7.4707e+38 
1.0405e+01	 -1.8117e+01	 2.5420e+10	 7.6331e-19	4.0671e+10	1.1340e+39 
1.0466e+01	 -1.7936e+01	 2.9226e+10	 1.1585e-18	4.6762e+10	1.7211e+39 
1.0526e+01	 -1.7755e+01	 3.3603e+10	 1.7578e-18	5.3765e+10	2.6115e+39 
1.0587e+01	 -1.7574e+01	 3.8635e+10	 2.6665e-18	6.1817e+10	3.9616e+39 
1.0648e+01	 -1.7393e+01	 4.4421e+10	 4.0438e-18	7.1074e+10	6.0078e+39 
1.0708e+01	 -1.7213e+01	 5.1074e+10	 6.1305e-18	8.1718e+10	9.1079e+39 
1.0769e+01	 -1.7032e+01	 5.8722e+10	 9.2903e-18	9.3956e+10	1.3802e+40 
1.0829e+01	 -1.6852e+01	 6.7517e+10	 1.4072e-17	1.0803e+11	2.0907e+40 
1.0890e+01	 -1.6672e+01	 7.7628e+10	 2.1305e-17	1.2420e+11	3.1653e+40 
1.0951e+01	 -1.6492e+01	 8.9253e+10	 3.2236e-17	1.4280e+11	4.7893e+40 
1.1011e+01	 -1.6312e+01	 1.0262e+11	 4.8742e-17	1.6419e+11	7.2415e+40 
1.1072e+01	 -1.6133e+01	 1.1799e+11	 7.3642e-17	1.8878e+11	1.0941e+41 
1.1132e+01	 -1.5954e+01	 1.3566e+11	 1.1116e-16	2.1705e+11	1.6515e+41 
1.1193e+01	 -1.5776e+01	 1.5597e+11	 1.6762e-16	2.4956e+11	2.4902e+41 
1.1254e+01	 -1.5598e+01	 1.7933e+11	 2.5244e-16	2.8693e+11	3.7504e+41 
1.1314e+01	 -1.5421e+01	 2.0619e+11	 3.7965e-16	3.2990e+11	5.6404e+41 
1.1375e+01	 -1.5244e+01	 2.3706e+11	 5.7005e-16	3.7930e+11	8.4691e+41 
1.1435e+01	 -1.5068e+01	 2.7257e+11	 8.5431e-16	4.3610e+11	1.2692e+42 
1.1496e+01	 -1.4894e+01	 3.1338e+11	 1.2775e-15	5.0141e+11	1.8980e+42 
1.1557e+01	 -1.4720e+01	 3.6032e+11	 1.9056e-15	5.7651e+11	2.8311e+42 
1.1617e+01	 -1.4548e+01	 4.1428e+11	 2.8340e-15	6.6284e+11	4.2105e+42 
1.1678e+01	 -1.4377e+01	 4.7632e+11	 4.2004e-15	7.6211e+11	6.2404e+42 
1.1739e+01	 -1.4208e+01	 5.4765e+11	 6.2006e-15	8.7624e+11	9.2121e+42 
1.1799e+01	 -1.4040e+01	 6.2966e+11	 9.1107e-15	1.0075e+12	1.3536e+43 
1.1860e+01	 -1.3876e+01	 7.2396e+11	 1.3313e-14	1.1583e+12	1.9780e+43 
1.1920e+01	 -1.3714e+01	 8.3238e+11	 1.9330e-14	1.3318e+12	2.8719e+43 
1.1981e+01	 -1.3555e+01	 9.5703e+11	 2.7856e-14	1.5312e+12	4.1385e+43 
1.2042e+01	 -1.3400e+01	 1.1004e+12	 3.9785e-14	1.7606e+12	5.9108e+43 
1.2102e+01	 -1.3250e+01	 1.2651e+12	 5.6229e-14	2.0242e+12	8.3538e+43 
1.2163e+01	 -1.3105e+01	 1.4546e+12	 7.8485e-14	2.3274e+12	1.1660e+44 
1.2223e+01	 -1.2967e+01	 1.6724e+12	 1.0794e-13	2.6759e+12	1.6036e+44 
1.2284e+01	 -1.2836e+01	 1.9229e+12	 1.4586e-13	3.0766e+12	2.1669e+44 
1.2345e+01	 -1.2714e+01	 2.2109e+12	 1.9299e-13	3.5374e+12	2.8672e+44 
1.2405e+01	 -1.2604e+01	 2.5420e+12	 2.4901e-13	4.0671e+12	3.6995e+44 
1.2466e+01	 -1.2506e+01	 2.9226e+12	 3.1178e-13	4.6762e+12	4.6320e+44 
1.2526e+01	 -1.2424e+01	 3.3603e+12	 3.7657e-13	5.3765e+12	5.5947e+44 
1.2587e+01	 -1.2361e+01	 3.8635e+12	 4.3571e-13	6.1817e+12	6.4732e+44 
1.2648e+01	 -1.2320e+01	 4.4421e+12	 4.7895e-13	7.1074e+12	7.1157e+44 
1.2708e+01	 -1.2305e+01	 5.1074e+12	 4.9543e-13	8.1718e+12	7.3604e+44 
1.2769e+01	 -1.2322e+01	 5.8722e+12	 4.7693e-13	9.3956e+12	7.0856e+44 
1.2829e+01	 -1.2375e+01	 6.7517e+12	 4.2193e-13	1.0803e+13	6.2685e+44 
1.2890e+01	 -1.2471e+01	 7.7628e+12	 3.3818e-13	1.2420e+13	5.0243e+44 
1.2951e+01	 -1.2617e+01	 8.9253e+12	 2.4167e-13	1.4280e+13	3.5905e+44 
1.3011e+01	 -1.2820e+01	 1.0262e+13	 1.5122e-13	1.6419e+13	2.2467e+44 
1.3072e+01	 -1.3091e+01	 1.1799e+13	 8.1176e-14	1.8878e+13	1.2060e+44 
1.3132e+01	 -1.3437e+01	 1.3566e+13	 3.6523e-14	2.1705e+13	5.4261e+43 
1.3193e+01	 -1.3873e+01	 1.5597e+13	 1.3412e-14	2.4956e+13	1.9925e+43 
1.3254e+01	 -1.4409e+01	 1.7933e+13	 3.8990e-15	2.8693e+13	5.7927e+42 
1.3314e+01	 -1.5062e+01	 2.0619e+13	 8.6651e-16	3.2990e+13	1.2874e+42 
1.3375e+01	 -1.5850e+01	 2.3706e+13	 1.4141e-16	3.7930e+13	2.1008e+41 
1.3435e+01	 -1.6791e+01	 2.7257e+13	 1.6179e-17	4.3610e+13	2.4037e+40 
1.3496e+01	 -1.7910e+01	 3.1338e+13	 1.2307e-18	5.0141e+13	1.8284e+39 
1.3557e+01	 -1.9233e+01	 3.6032e+13	 5.8541e-20	5.7651e+13	8.6974e+37 
1.3617e+01	 -2.0790e+01	 4.1428e+13	 1.6233e-21	6.6284e+13	2.4117e+36 
1.3678e+01	 -2.2616e+01	 4.7632e+13	 2.4203e-23	7.6211e+13	3.5958e+34 
1.3739e+01	 -2.4753e+01	 5.4765e+13	 1.7680e-25	8.7624e+13	2.6267e+32 
1.3799e+01	 -2.7245e+01	 6.2966e+13	 5.6866e-28	1.0075e+14	8.4485e+29 
1.3860e+01	 -3.0147e+01	 7.2396e+13	 7.1225e-31	1.1583e+14	1.0582e+27 
1.3920e+01	 -3.3521e+01	 8.3238e+13	 3.0164e-34	1.3318e+14	4.4813e+23 
1.3981e+01	 -3.7435e+01	 9.5703e+13	 3.6718e-38	1.5312e+14	5.4550e+19 
1.4042e+01	 -4.1972e+01	 1.1004e+14	 1.0659e-42	1.7606e+14	1.5836e+15 
1.4102e+01	 -4.7225e+01	 1.2651e+14	 5.9537e-48	2.0242e+14	8.8453e+09 
1.4163e+01	 -5.3301e+01	 1.4546e+14	 4.9991e-54	2.3274e+14	7.4270e+03 
1.4223e+01	 -6.0323e+01	 1.6724e+14	 4.7509e-61	2.6759e+14	7.0584e-04 
1.4284e+01	 -6.8433e+01	 1.9229e+14	 3.6877e-69	3.0766e+14	5.4787e-12 
1.4345e+01	 -7.7794e+01	 2.2109e+14	 1.6065e-78	3.5374e+14	2.3868e-21 
1.4405e+01	 -8.8593e+01	 2.5420e+14	 2.5519e-89	4.0671e+14	3.7913e-32 
1.4466e+01	 -1.0105e+02	 2.9226e+14	 9.0014e-102	4.6762e+14	1.3373e-44 
1.4526e+01	 -1.1540e+02	 3.3603e+14	 3.9865e-116	5.3765e+14	5.9226e-59 
1.4587e+01	 -1.3194e+02	 3.8635e+14	 1.1508e-132	6.1817e+14	1.7097e-75 
1.4648e+01	 -1.5099e+02	 4.4421e+14	 1.0190e-151	7.1074e+14	1.5139e-94 
1.4708e+01	 -1.7293e+02	 5.1074e+14	 1.1635e-173	8.1718e+14	1.7286e-116 
