#################################################################
# log(gamma)     log(N(gamma))   gamma     N(gamma)  TeV N(TeV) # 
#################################################################
0.000000e+00	-2.000000e+02	1.000000e+00	1.000000e-200	5.109989e-07	1.956951e-194
1.180811e-02	-2.000000e+02	1.027562e+00	1.000000e-200	5.250832e-07	1.956951e-194
2.330366e-02	-2.000000e+02	1.055124e+00	1.000000e-200	5.391674e-07	1.956951e-194
3.511177e-02	-2.000000e+02	1.084206e+00	1.000000e-200	5.540280e-07	1.956951e-194
4.660731e-02	-2.000000e+02	1.113287e+00	1.000000e-200	5.688887e-07	1.956951e-194
5.841543e-02	-2.000000e+02	1.143972e+00	1.000000e-200	5.845685e-07	1.956951e-194
6.991097e-02	-2.000000e+02	1.174657e+00	1.000000e-200	6.002483e-07	1.956951e-194
8.171908e-02	-2.000000e+02	1.207033e+00	1.000000e-200	6.167925e-07	1.956951e-194
9.321462e-02	-2.000000e+02	1.239409e+00	1.000000e-200	6.333366e-07	1.956951e-194
1.050227e-01	-2.000000e+02	1.273570e+00	1.000000e-200	6.507928e-07	1.956951e-194
1.165183e-01	-2.000000e+02	1.307731e+00	1.000000e-200	6.682489e-07	1.956951e-194
1.283264e-01	-2.000000e+02	1.343774e+00	1.000000e-200	6.866673e-07	1.956951e-194
1.398219e-01	-2.000000e+02	1.379818e+00	1.000000e-200	7.050857e-07	1.956951e-194
1.516300e-01	-2.000000e+02	1.417849e+00	1.000000e-200	7.245194e-07	1.956951e-194
1.631256e-01	-2.000000e+02	1.455880e+00	1.000000e-200	7.439531e-07	1.956951e-194
1.749337e-01	-2.000000e+02	1.496007e+00	1.000000e-200	7.644581e-07	1.956951e-194
1.864292e-01	-2.000000e+02	1.536135e+00	1.000000e-200	7.849631e-07	1.956951e-194
1.982374e-01	-2.000000e+02	1.578474e+00	1.000000e-200	8.065984e-07	1.956951e-194
2.097329e-01	-2.000000e+02	1.620813e+00	1.000000e-200	8.282337e-07	1.956951e-194
2.215410e-01	-2.000000e+02	1.665486e+00	1.000000e-200	8.510616e-07	1.956951e-194
2.330366e-01	-2.000000e+02	1.710159e+00	1.000000e-200	8.738895e-07	1.956951e-194
2.448447e-01	-2.000000e+02	1.757295e+00	1.000000e-200	8.979758e-07	1.956951e-194
2.563402e-01	-2.000000e+02	1.804431e+00	1.000000e-200	9.220621e-07	1.956951e-194
2.681483e-01	-2.000000e+02	1.854165e+00	1.000000e-200	9.474762e-07	1.956951e-194
2.796439e-01	-2.000000e+02	1.903899e+00	1.000000e-200	9.728902e-07	1.956951e-194
2.914520e-01	-2.000000e+02	1.956374e+00	1.000000e-200	9.997052e-07	1.956951e-194
3.029475e-01	-2.000000e+02	2.008850e+00	1.000000e-200	1.026520e-06	1.956951e-194
3.147556e-01	-2.000000e+02	2.064218e+00	1.000000e-200	1.054813e-06	1.956951e-194
3.262512e-01	-2.000000e+02	2.119587e+00	1.000000e-200	1.083106e-06	1.956951e-194
3.380593e-01	-2.000000e+02	2.178007e+00	1.000000e-200	1.112959e-06	1.956951e-194
3.495548e-01	-2.000000e+02	2.236428e+00	1.000000e-200	1.142812e-06	1.956951e-194
3.613630e-01	-2.000000e+02	2.298068e+00	1.000000e-200	1.174310e-06	1.956951e-194
3.728585e-01	-2.000000e+02	2.359709e+00	1.000000e-200	1.205809e-06	1.956951e-194
3.846666e-01	-2.000000e+02	2.424748e+00	1.000000e-200	1.239044e-06	1.956951e-194
3.961622e-01	-2.000000e+02	2.489787e+00	1.000000e-200	1.272278e-06	1.956951e-194
4.079703e-01	-2.000000e+02	2.558411e+00	1.000000e-200	1.307345e-06	1.956951e-194
4.194658e-01	-2.000000e+02	2.627035e+00	1.000000e-200	1.342412e-06	1.956951e-194
4.312739e-01	-2.000000e+02	2.699442e+00	1.000000e-200	1.379412e-06	1.956951e-194
4.427695e-01	-2.000000e+02	2.771848e+00	1.000000e-200	1.416411e-06	1.956951e-194
4.545776e-01	-2.000000e+02	2.848247e+00	1.000000e-200	1.455451e-06	1.956951e-194
4.660731e-01	-2.000000e+02	2.924645e+00	1.000000e-200	1.494490e-06	1.956951e-194
4.778812e-01	-2.000000e+02	3.005254e+00	1.000000e-200	1.535682e-06	1.956951e-194
4.893768e-01	-2.000000e+02	3.085864e+00	1.000000e-200	1.576873e-06	1.956951e-194
5.011849e-01	-2.000000e+02	3.170917e+00	1.000000e-200	1.620335e-06	1.956951e-194
5.126804e-01	-2.000000e+02	3.255970e+00	1.000000e-200	1.663797e-06	1.956951e-194
5.244885e-01	-2.000000e+02	3.345712e+00	1.000000e-200	1.709655e-06	1.956951e-194
5.359841e-01	-2.000000e+02	3.435454e+00	1.000000e-200	1.755513e-06	1.956951e-194
5.477922e-01	-2.000000e+02	3.530142e+00	1.000000e-200	1.803899e-06	1.956951e-194
5.592877e-01	-2.000000e+02	3.624831e+00	1.000000e-200	1.852285e-06	1.956951e-194
5.710959e-01	-2.000000e+02	3.724739e+00	1.000000e-200	1.903338e-06	1.956951e-194
5.825914e-01	-2.000000e+02	3.824647e+00	1.000000e-200	1.954391e-06	1.956951e-194
5.943995e-01	-2.000000e+02	3.930063e+00	1.000000e-200	2.008258e-06	1.956951e-194
6.058951e-01	-2.000000e+02	4.035479e+00	1.000000e-200	2.062125e-06	1.956951e-194
6.177032e-01	-2.000000e+02	4.146705e+00	1.000000e-200	2.118962e-06	1.956951e-194
6.291987e-01	-2.000000e+02	4.257932e+00	1.000000e-200	2.175799e-06	1.956951e-194
6.410068e-01	-2.000000e+02	4.375290e+00	1.000000e-200	2.235768e-06	1.956951e-194
6.525024e-01	-2.000000e+02	4.492648e+00	1.000000e-200	2.295738e-06	1.956951e-194
6.643105e-01	-2.000000e+02	4.616475e+00	1.000000e-200	2.359014e-06	1.956951e-194
6.758060e-01	-2.000000e+02	4.740302e+00	1.000000e-200	2.422289e-06	1.956951e-194
6.876141e-01	-2.000000e+02	4.870955e+00	1.000000e-200	2.489053e-06	1.956951e-194
6.991097e-01	-2.000000e+02	5.001608e+00	1.000000e-200	2.555816e-06	1.956951e-194
7.109178e-01	-2.000000e+02	5.139464e+00	1.000000e-200	2.626260e-06	1.956951e-194
7.224133e-01	-2.000000e+02	5.277319e+00	1.000000e-200	2.696704e-06	1.956951e-194
7.342214e-01	-2.000000e+02	5.422773e+00	1.000000e-200	2.771031e-06	1.956951e-194
7.457170e-01	-2.000000e+02	5.568228e+00	1.000000e-200	2.845358e-06	1.956951e-194
7.575251e-01	-2.000000e+02	5.721700e+00	1.000000e-200	2.923783e-06	1.956951e-194
7.690206e-01	-2.000000e+02	5.875173e+00	1.000000e-200	3.002207e-06	1.956951e-194
7.808288e-01	-2.000000e+02	6.037105e+00	1.000000e-200	3.084954e-06	1.956951e-194
7.923243e-01	-2.000000e+02	6.199038e+00	1.000000e-200	3.167702e-06	1.956951e-194
8.041324e-01	-2.000000e+02	6.369897e+00	1.000000e-200	3.255010e-06	1.956951e-194
8.156280e-01	-2.000000e+02	6.540756e+00	1.000000e-200	3.342319e-06	1.956951e-194
8.274361e-01	-2.000000e+02	6.721034e+00	1.000000e-200	3.434441e-06	1.956951e-194
8.389316e-01	-2.000000e+02	6.901311e+00	1.000000e-200	3.526563e-06	1.956951e-194
8.507397e-01	-2.000000e+02	7.091526e+00	1.000000e-200	3.623762e-06	1.956951e-194
8.622353e-01	-2.000000e+02	7.281742e+00	1.000000e-200	3.720962e-06	1.956951e-194
8.740434e-01	-2.000000e+02	7.482442e+00	1.000000e-200	3.823520e-06	1.956951e-194
8.855389e-01	-2.000000e+02	7.683143e+00	1.000000e-200	3.926078e-06	1.956951e-194
8.973470e-01	-2.000000e+02	7.894907e+00	1.000000e-200	4.034289e-06	1.956951e-194
9.088426e-01	-2.000000e+02	8.106672e+00	1.000000e-200	4.142500e-06	1.956951e-194
9.206507e-01	-2.000000e+02	8.330109e+00	1.000000e-200	4.256677e-06	1.956951e-194
9.321462e-01	-2.000000e+02	8.553547e+00	1.000000e-200	4.370853e-06	1.956951e-194
9.439544e-01	-2.000000e+02	8.789301e+00	1.000000e-200	4.491323e-06	1.956951e-194
9.554499e-01	-2.000000e+02	9.025056e+00	1.000000e-200	4.611794e-06	1.956951e-194
9.672580e-01	-2.000000e+02	9.273806e+00	1.000000e-200	4.738905e-06	1.956951e-194
9.787535e-01	-2.000000e+02	9.522556e+00	1.000000e-200	4.866016e-06	1.956951e-194
9.905617e-01	-2.000000e+02	9.785019e+00	1.000000e-200	5.000134e-06	1.956951e-194
1.002057e+00	-2.000000e+02	1.004748e+01	1.000000e-200	5.134252e-06	1.956951e-194
1.013865e+00	-2.000000e+02	1.032441e+01	1.000000e-200	5.275763e-06	1.956951e-194
1.025361e+00	-2.000000e+02	1.060134e+01	1.000000e-200	5.417274e-06	1.956951e-194
1.037169e+00	-2.000000e+02	1.089354e+01	1.000000e-200	5.566586e-06	1.956951e-194
1.048665e+00	-2.000000e+02	1.118573e+01	1.000000e-200	5.715898e-06	1.956951e-194
1.060473e+00	-2.000000e+02	1.149404e+01	1.000000e-200	5.873441e-06	1.956951e-194
1.071968e+00	-2.000000e+02	1.180234e+01	1.000000e-200	6.030984e-06	1.956951e-194
1.083776e+00	-2.000000e+02	1.212764e+01	1.000000e-200	6.197211e-06	1.956951e-194
1.095272e+00	-2.000000e+02	1.245294e+01	1.000000e-200	6.363438e-06	1.956951e-194
1.107080e+00	-2.000000e+02	1.279617e+01	1.000000e-200	6.538828e-06	1.956951e-194
1.118575e+00	-2.000000e+02	1.313940e+01	1.000000e-200	6.714218e-06	1.956951e-194
1.130384e+00	-2.000000e+02	1.350155e+01	1.000000e-200	6.899277e-06	1.956951e-194
1.141879e+00	-2.000000e+02	1.386370e+01	1.000000e-200	7.084335e-06	1.956951e-194
1.153687e+00	-2.000000e+02	1.424581e+01	1.000000e-200	7.279595e-06	1.956951e-194
1.165183e+00	-2.000000e+02	1.462793e+01	1.000000e-200	7.474855e-06	1.956951e-194
1.176991e+00	-2.000000e+02	1.503111e+01	1.000000e-200	7.680878e-06	1.956951e-194
1.188486e+00	-2.000000e+02	1.543428e+01	1.000000e-200	7.886902e-06	1.956951e-194
1.200295e+00	-2.000000e+02	1.585969e+01	1.000000e-200	8.104282e-06	1.956951e-194
1.211790e+00	-2.000000e+02	1.628509e+01	1.000000e-200	8.321662e-06	1.956951e-194
1.223598e+00	-2.000000e+02	1.673394e+01	1.000000e-200	8.551025e-06	1.956951e-194
1.235094e+00	-2.000000e+02	1.718279e+01	1.000000e-200	8.780389e-06	1.956951e-194
1.246902e+00	-2.000000e+02	1.765639e+01	1.000000e-200	9.022395e-06	1.956951e-194
1.258397e+00	-2.000000e+02	1.812998e+01	1.000000e-200	9.264402e-06	1.956951e-194
1.270206e+00	-2.000000e+02	1.862969e+01	1.000000e-200	9.519749e-06	1.956951e-194
1.281701e+00	-2.000000e+02	1.912939e+01	1.000000e-200	9.775096e-06	1.956951e-194
1.293509e+00	-2.000000e+02	1.965664e+01	1.000000e-200	1.004452e-05	1.956951e-194
1.305005e+00	-2.000000e+02	2.018388e+01	1.000000e-200	1.031394e-05	1.956951e-194
1.316813e+00	-2.000000e+02	2.074020e+01	1.000000e-200	1.059822e-05	1.956951e-194
1.328308e+00	-2.000000e+02	2.129651e+01	1.000000e-200	1.088249e-05	1.956951e-194
1.340117e+00	-2.000000e+02	2.188349e+01	1.000000e-200	1.118244e-05	1.956951e-194
1.351612e+00	-2.000000e+02	2.247046e+01	1.000000e-200	1.148238e-05	1.956951e-194
1.363420e+00	-2.000000e+02	2.308980e+01	1.000000e-200	1.179886e-05	1.956951e-194
1.374916e+00	-2.000000e+02	2.370913e+01	1.000000e-200	1.211534e-05	1.956951e-194
1.386724e+00	-2.000000e+02	2.436261e+01	1.000000e-200	1.244927e-05	1.956951e-194
1.398219e+00	-2.000000e+02	2.501609e+01	1.000000e-200	1.278319e-05	1.956951e-194
1.410027e+00	-2.000000e+02	2.570558e+01	1.000000e-200	1.313553e-05	1.956951e-194
1.421523e+00	-2.000000e+02	2.639508e+01	1.000000e-200	1.348786e-05	1.956951e-194
1.433331e+00	-2.000000e+02	2.712259e+01	1.000000e-200	1.385961e-05	1.956951e-194
1.444827e+00	-2.000000e+02	2.785009e+01	1.000000e-200	1.423137e-05	1.956951e-194
1.456635e+00	-2.000000e+02	2.861770e+01	1.000000e-200	1.462362e-05	1.956951e-194
1.468130e+00	-2.000000e+02	2.938531e+01	1.000000e-200	1.501586e-05	1.956951e-194
1.479938e+00	-2.000000e+02	3.019524e+01	1.000000e-200	1.542973e-05	1.956951e-194
1.491434e+00	-2.000000e+02	3.100516e+01	1.000000e-200	1.584360e-05	1.956951e-194
1.503242e+00	-2.000000e+02	3.185973e+01	1.000000e-200	1.628029e-05	1.956951e-194
1.514738e+00	-2.000000e+02	3.271430e+01	1.000000e-200	1.671697e-05	1.956951e-194
1.526546e+00	-2.000000e+02	3.361598e+01	1.000000e-200	1.717773e-05	1.956951e-194
1.538041e+00	-2.000000e+02	3.451766e+01	1.000000e-200	1.763848e-05	1.956951e-194
1.549849e+00	-2.000000e+02	3.546904e+01	1.000000e-200	1.812464e-05	1.956951e-194
1.561345e+00	-2.000000e+02	3.642042e+01	1.000000e-200	1.861079e-05	1.956951e-194
1.573153e+00	-2.000000e+02	3.742425e+01	1.000000e-200	1.912375e-05	1.956951e-194
1.584649e+00	-2.000000e+02	3.842807e+01	1.000000e-200	1.963670e-05	1.956951e-194
1.596457e+00	-2.000000e+02	3.948723e+01	1.000000e-200	2.017793e-05	1.956951e-194
1.607952e+00	-2.000000e+02	4.054640e+01	1.000000e-200	2.071916e-05	1.956951e-194
1.619760e+00	-2.000000e+02	4.166394e+01	1.000000e-200	2.129023e-05	1.956951e-194
1.631256e+00	-2.000000e+02	4.278149e+01	1.000000e-200	2.186130e-05	1.956951e-194
1.643064e+00	-2.000000e+02	4.396064e+01	1.000000e-200	2.246384e-05	1.956951e-194
1.654560e+00	-2.000000e+02	4.513979e+01	1.000000e-200	2.306639e-05	1.956951e-194
1.666368e+00	-2.000000e+02	4.638395e+01	1.000000e-200	2.370215e-05	1.956951e-194
1.677863e+00	-2.000000e+02	4.762810e+01	1.000000e-200	2.433791e-05	1.956951e-194
1.689671e+00	-2.000000e+02	4.894083e+01	1.000000e-200	2.500871e-05	1.956951e-194
1.701167e+00	-2.000000e+02	5.025357e+01	1.000000e-200	2.567952e-05	1.956951e-194
1.712975e+00	-2.000000e+02	5.163866e+01	1.000000e-200	2.638730e-05	1.956951e-194
1.724471e+00	-2.000000e+02	5.302376e+01	1.000000e-200	2.709508e-05	1.956951e-194
1.736279e+00	-2.000000e+02	5.448521e+01	1.000000e-200	2.784188e-05	1.956951e-194
1.747774e+00	-2.000000e+02	5.594666e+01	1.000000e-200	2.858868e-05	1.956951e-194
1.759582e+00	-2.000000e+02	5.748868e+01	1.000000e-200	2.937665e-05	1.956951e-194
1.771078e+00	-2.000000e+02	5.903069e+01	1.000000e-200	3.016462e-05	1.956951e-194
1.782886e+00	-2.000000e+02	6.065770e+01	1.000000e-200	3.099602e-05	1.956951e-194
1.794382e+00	-2.000000e+02	6.228472e+01	1.000000e-200	3.182742e-05	1.956951e-194
1.806190e+00	-2.000000e+02	6.400142e+01	1.000000e-200	3.270466e-05	1.956951e-194
1.817685e+00	-2.000000e+02	6.571812e+01	1.000000e-200	3.358189e-05	1.956951e-194
1.829493e+00	-2.000000e+02	6.752946e+01	1.000000e-200	3.450748e-05	1.956951e-194
1.840989e+00	-2.000000e+02	6.934079e+01	1.000000e-200	3.543307e-05	1.956951e-194
1.852797e+00	-2.000000e+02	7.125198e+01	1.000000e-200	3.640968e-05	1.956951e-194
1.864292e+00	-2.000000e+02	7.316316e+01	1.000000e-200	3.738630e-05	1.956951e-194
1.876101e+00	-2.000000e+02	7.517970e+01	1.000000e-200	3.841674e-05	1.956951e-194
1.887596e+00	-2.000000e+02	7.719624e+01	1.000000e-200	3.944719e-05	1.956951e-194
1.899404e+00	-2.000000e+02	7.932393e+01	1.000000e-200	4.053444e-05	1.956951e-194
1.910900e+00	-2.000000e+02	8.145163e+01	1.000000e-200	4.162169e-05	1.956951e-194
1.922708e+00	-2.000000e+02	8.369662e+01	1.000000e-200	4.276888e-05	1.956951e-194
1.934203e+00	-2.000000e+02	8.594160e+01	1.000000e-200	4.391606e-05	1.956951e-194
1.946012e+00	-2.000000e+02	8.831034e+01	1.000000e-200	4.512649e-05	1.956951e-194
1.957507e+00	-2.000000e+02	9.067908e+01	1.000000e-200	4.633691e-05	1.956951e-194
1.969315e+00	-2.000000e+02	9.317839e+01	1.000000e-200	4.761406e-05	1.956951e-194
1.980811e+00	-2.000000e+02	9.567771e+01	1.000000e-200	4.889120e-05	1.956951e-194
1.992619e+00	-2.000000e+02	9.831479e+01	1.000000e-200	5.023875e-05	1.956951e-194
2.004114e+00	-2.000000e+02	1.009519e+02	1.000000e-200	5.158630e-05	1.956951e-194
2.015923e+00	-2.000000e+02	1.037343e+02	1.000000e-200	5.300813e-05	1.956951e-194
2.027418e+00	-2.000000e+02	1.065168e+02	1.000000e-200	5.442996e-05	1.956951e-194
2.039226e+00	-2.000000e+02	1.094526e+02	1.000000e-200	5.593017e-05	1.956951e-194
2.050722e+00	-2.000000e+02	1.123885e+02	1.000000e-200	5.743038e-05	1.956951e-194
2.062530e+00	-2.000000e+02	1.154861e+02	1.000000e-200	5.901329e-05	1.956951e-194
2.074025e+00	-2.000000e+02	1.185838e+02	1.000000e-200	6.059619e-05	1.956951e-194
2.085833e+00	-2.000000e+02	1.218522e+02	1.000000e-200	6.226636e-05	1.956951e-194
2.097329e+00	-2.000000e+02	1.251207e+02	1.000000e-200	6.393652e-05	1.956951e-194
2.109137e+00	-2.000000e+02	1.285693e+02	1.000000e-200	6.569875e-05	1.956951e-194
2.120633e+00	-2.000000e+02	1.320179e+02	1.000000e-200	6.746098e-05	1.956951e-194
2.132441e+00	-2.000000e+02	1.356566e+02	1.000000e-200	6.932035e-05	1.956951e-194
2.143936e+00	-2.000000e+02	1.392953e+02	1.000000e-200	7.117973e-05	1.956951e-194
2.155744e+00	-2.000000e+02	1.431345e+02	1.000000e-200	7.314160e-05	1.956951e-194
2.167240e+00	-2.000000e+02	1.469738e+02	1.000000e-200	7.510346e-05	1.956951e-194
2.179048e+00	-2.000000e+02	1.510247e+02	1.000000e-200	7.717348e-05	1.956951e-194
2.190544e+00	-2.000000e+02	1.550757e+02	1.000000e-200	7.924350e-05	1.956951e-194
2.202352e+00	-2.000000e+02	1.593499e+02	1.000000e-200	8.142762e-05	1.956951e-194
2.213847e+00	-2.000000e+02	1.636241e+02	1.000000e-200	8.361174e-05	1.956951e-194
2.225655e+00	-2.000000e+02	1.681340e+02	1.000000e-200	8.591627e-05	1.956951e-194
2.237151e+00	-2.000000e+02	1.726438e+02	1.000000e-200	8.822079e-05	1.956951e-194
2.248959e+00	-2.000000e+02	1.774022e+02	1.000000e-200	9.065235e-05	1.956951e-194
2.260455e+00	-2.000000e+02	1.821607e+02	1.000000e-200	9.308391e-05	1.956951e-194
2.272263e+00	-2.000000e+02	1.871814e+02	1.000000e-200	9.564950e-05	1.956951e-194
2.283758e+00	-2.000000e+02	1.922022e+02	1.000000e-200	9.821510e-05	1.956951e-194
2.295566e+00	-2.000000e+02	1.974997e+02	1.000000e-200	1.009221e-04	1.956951e-194
2.307062e+00	-2.000000e+02	2.027972e+02	1.000000e-200	1.036291e-04	1.956951e-194
2.318870e+00	-2.000000e+02	2.083867e+02	1.000000e-200	1.064854e-04	1.956951e-194
2.330366e+00	-2.000000e+02	2.139763e+02	1.000000e-200	1.093416e-04	1.956951e-194
2.342174e+00	-2.000000e+02	2.198739e+02	1.000000e-200	1.123553e-04	1.956951e-194
2.353669e+00	-2.000000e+02	2.257716e+02	1.000000e-200	1.153690e-04	1.956951e-194
2.365477e+00	-2.000000e+02	2.319943e+02	1.000000e-200	1.185488e-04	1.956951e-194
2.376973e+00	-2.000000e+02	2.382171e+02	1.000000e-200	1.217287e-04	1.956951e-194
2.388781e+00	-2.000000e+02	2.447829e+02	1.000000e-200	1.250838e-04	1.956951e-194
2.400277e+00	-2.000000e+02	2.513487e+02	1.000000e-200	1.284389e-04	1.956951e-194
2.412085e+00	-2.000000e+02	2.582764e+02	1.000000e-200	1.319789e-04	1.956951e-194
2.423580e+00	-2.000000e+02	2.652041e+02	1.000000e-200	1.355190e-04	1.956951e-194
2.435388e+00	-2.000000e+02	2.725137e+02	1.000000e-200	1.392542e-04	1.956951e-194
2.446884e+00	-2.000000e+02	2.798233e+02	1.000000e-200	1.429894e-04	1.956951e-194
2.458692e+00	-2.000000e+02	2.875358e+02	1.000000e-200	1.469305e-04	1.956951e-194
2.470188e+00	-2.000000e+02	2.952484e+02	1.000000e-200	1.508716e-04	1.956951e-194
2.481996e+00	-2.000000e+02	3.033861e+02	1.000000e-200	1.550300e-04	1.956951e-194
2.493491e+00	-2.000000e+02	3.115238e+02	1.000000e-200	1.591883e-04	1.956951e-194
2.505299e+00	-2.000000e+02	3.201100e+02	1.000000e-200	1.635759e-04	1.956951e-194
2.516795e+00	-2.000000e+02	3.286963e+02	1.000000e-200	1.679635e-04	1.956951e-194
2.528603e+00	-2.000000e+02	3.377559e+02	1.000000e-200	1.725929e-04	1.956951e-194
2.540098e+00	-2.000000e+02	3.468155e+02	1.000000e-200	1.772223e-04	1.956951e-194
2.551907e+00	-2.000000e+02	3.563745e+02	1.000000e-200	1.821070e-04	1.956951e-194
2.563402e+00	-2.000000e+02	3.659335e+02	1.000000e-200	1.869916e-04	1.956951e-194
2.575210e+00	-2.000000e+02	3.760194e+02	1.000000e-200	1.921455e-04	1.956951e-194
2.586706e+00	-2.000000e+02	3.861053e+02	1.000000e-200	1.972994e-04	1.956951e-194
2.598514e+00	-2.000000e+02	3.967472e+02	1.000000e-200	2.027374e-04	1.956951e-194
2.610009e+00	-2.000000e+02	4.073892e+02	1.000000e-200	2.081754e-04	1.956951e-194
2.621818e+00	-2.000000e+02	4.186177e+02	1.000000e-200	2.139132e-04	1.956951e-194
2.633313e+00	-2.000000e+02	4.298462e+02	1.000000e-200	2.196510e-04	1.956951e-194
2.645121e+00	-2.000000e+02	4.416937e+02	1.000000e-200	2.257050e-04	1.956951e-194
2.656617e+00	-2.000000e+02	4.535412e+02	1.000000e-200	2.317591e-04	1.956951e-194
2.668425e+00	-2.000000e+02	4.660418e+02	1.000000e-200	2.381469e-04	1.956951e-194
2.679920e+00	-2.000000e+02	4.785424e+02	1.000000e-200	2.445346e-04	1.956951e-194
2.691729e+00	-2.000000e+02	4.917321e+02	1.000000e-200	2.512746e-04	1.956951e-194
2.703224e+00	-2.000000e+02	5.049218e+02	1.000000e-200	2.580145e-04	1.956951e-194
2.715032e+00	-2.000000e+02	5.188385e+02	1.000000e-200	2.651259e-04	1.956951e-194
2.726528e+00	-2.000000e+02	5.327553e+02	1.000000e-200	2.722374e-04	1.956951e-194
2.738336e+00	-2.000000e+02	5.474392e+02	1.000000e-200	2.797408e-04	1.956951e-194
2.749831e+00	-2.000000e+02	5.621231e+02	1.000000e-200	2.872443e-04	1.956951e-194
2.761640e+00	-2.000000e+02	5.776164e+02	1.000000e-200	2.951613e-04	1.956951e-194
2.773135e+00	-2.000000e+02	5.931097e+02	1.000000e-200	3.030784e-04	1.956951e-194
2.784943e+00	-2.000000e+02	6.094571e+02	1.000000e-200	3.114319e-04	1.956951e-194
2.796439e+00	-2.000000e+02	6.258045e+02	1.000000e-200	3.197854e-04	1.956951e-194
2.808247e+00	-2.000000e+02	6.430531e+02	1.000000e-200	3.285994e-04	1.956951e-194
2.819742e+00	-2.000000e+02	6.603016e+02	1.000000e-200	3.374134e-04	1.956951e-194
2.831550e+00	-2.000000e+02	6.785010e+02	1.000000e-200	3.467133e-04	1.956951e-194
2.843046e+00	-2.000000e+02	6.967003e+02	1.000000e-200	3.560131e-04	1.956951e-194
2.854854e+00	-2.000000e+02	7.159029e+02	1.000000e-200	3.658256e-04	1.956951e-194
2.866350e+00	-1.743949e+00	7.351055e+02	1.803231e-02	3.756381e-04	3.528836e+04
2.878158e+00	-1.780542e+00	7.553666e+02	1.657518e-02	3.859915e-04	3.243683e+04
2.889653e+00	-1.816166e+00	7.756277e+02	1.526982e-02	3.963449e-04	2.988229e+04
2.901461e+00	-1.852759e+00	7.970057e+02	1.403592e-02	4.072691e-04	2.746760e+04
2.912957e+00	-1.888384e+00	8.183837e+02	1.293053e-02	4.181932e-04	2.530442e+04
2.924765e+00	-1.924977e+00	8.409402e+02	1.188566e-02	4.297195e-04	2.325965e+04
2.936261e+00	-1.960601e+00	8.634966e+02	1.094961e-02	4.412458e-04	2.142786e+04
2.948069e+00	-1.997194e+00	8.872965e+02	1.006481e-02	4.534075e-04	1.969634e+04
2.959564e+00	-2.032819e+00	9.110963e+02	9.272164e-03	4.655692e-04	1.814517e+04
2.971372e+00	-2.069412e+00	9.362081e+02	8.522911e-03	4.784013e-04	1.667892e+04
2.982868e+00	-2.105037e+00	9.613200e+02	7.851696e-03	4.912334e-04	1.536539e+04
2.994676e+00	-2.141630e+00	9.878160e+02	7.217227e-03	5.047729e-04	1.412376e+04
3.006172e+00	-2.177254e+00	1.014312e+03	6.648840e-03	5.183124e-04	1.301146e+04
3.017980e+00	-2.213847e+00	1.042269e+03	6.111569e-03	5.325982e-04	1.196004e+04
3.029475e+00	-2.249472e+00	1.070225e+03	5.630258e-03	5.468840e-04	1.101814e+04
3.041283e+00	-2.286065e+00	1.099723e+03	5.175296e-03	5.619573e-04	1.012780e+04
3.052779e+00	-2.321689e+00	1.129221e+03	4.767719e-03	5.770307e-04	9.330195e+03
3.064587e+00	-2.358282e+00	1.160345e+03	4.382456e-03	5.929349e-04	8.576253e+03
3.076083e+00	-2.393907e+00	1.191469e+03	4.037319e-03	6.088391e-04	7.900837e+03
3.087891e+00	-2.430500e+00	1.224308e+03	3.711077e-03	6.256201e-04	7.262397e+03
3.099386e+00	-2.466125e+00	1.257147e+03	3.418814e-03	6.424010e-04	6.690453e+03
3.111194e+00	-2.502718e+00	1.291797e+03	3.142551e-03	6.601070e-04	6.149820e+03
3.122690e+00	-2.538342e+00	1.326447e+03	2.895062e-03	6.778130e-04	5.665496e+03
3.134498e+00	-2.574935e+00	1.363007e+03	2.661122e-03	6.964950e-04	5.207686e+03
3.145994e+00	-2.610560e+00	1.399567e+03	2.451547e-03	7.151770e-04	4.797559e+03
3.157802e+00	-2.647153e+00	1.438142e+03	2.253446e-03	7.348888e-04	4.409884e+03
3.169297e+00	-2.682777e+00	1.476717e+03	2.075978e-03	7.546007e-04	4.062587e+03
3.181105e+00	-2.719370e+00	1.517418e+03	1.908225e-03	7.753991e-04	3.734303e+03
3.192601e+00	-2.754995e+00	1.558120e+03	1.757944e-03	7.961975e-04	3.440211e+03
3.204409e+00	-2.791588e+00	1.601065e+03	1.615891e-03	8.181425e-04	3.162219e+03
3.215905e+00	-2.827213e+00	1.644010e+03	1.488632e-03	8.400874e-04	2.913181e+03
3.227713e+00	-2.863806e+00	1.689323e+03	1.368341e-03	8.632421e-04	2.677777e+03
3.239208e+00	-2.899430e+00	1.734635e+03	1.260578e-03	8.863967e-04	2.466891e+03
3.251016e+00	-2.936023e+00	1.782446e+03	1.158715e-03	9.108278e-04	2.267550e+03
3.262512e+00	-2.971648e+00	1.830256e+03	1.067462e-03	9.352588e-04	2.088971e+03
3.274320e+00	-3.008241e+00	1.880702e+03	9.812037e-04	9.610366e-04	1.920168e+03
3.285815e+00	-3.043865e+00	1.931148e+03	9.039298e-04	9.868143e-04	1.768947e+03
3.297624e+00	-3.080458e+00	1.984374e+03	8.308862e-04	1.014013e-03	1.626004e+03
3.309119e+00	-3.116083e+00	2.037601e+03	7.654505e-04	1.041212e-03	1.497949e+03
3.320927e+00	-3.152676e+00	2.093762e+03	7.035970e-04	1.069910e-03	1.376905e+03
3.332423e+00	-3.188301e+00	2.149922e+03	6.481858e-04	1.098608e-03	1.268468e+03
3.344231e+00	-3.224894e+00	2.209179e+03	5.958080e-04	1.128888e-03	1.165967e+03
3.355726e+00	-3.260518e+00	2.268436e+03	5.488857e-04	1.159168e-03	1.074143e+03
3.367535e+00	-3.297111e+00	2.330959e+03	5.045321e-04	1.191117e-03	9.873447e+02
3.379030e+00	-3.332736e+00	2.393482e+03	4.647980e-04	1.223067e-03	9.095871e+02
3.390838e+00	-3.369329e+00	2.459451e+03	4.272393e-04	1.256777e-03	8.360865e+02
3.402334e+00	-3.404953e+00	2.525421e+03	3.935924e-04	1.290487e-03	7.702411e+02
3.414142e+00	-3.441546e+00	2.595027e+03	3.617875e-04	1.326056e-03	7.080005e+02
3.425637e+00	-3.477171e+00	2.664633e+03	3.332952e-04	1.361625e-03	6.522425e+02
3.437446e+00	-3.513764e+00	2.738076e+03	3.063628e-04	1.399154e-03	5.995370e+02
3.448941e+00	-3.549389e+00	2.811519e+03	2.822354e-04	1.436683e-03	5.523210e+02
3.460749e+00	-3.585982e+00	2.889011e+03	2.594289e-04	1.476281e-03	5.076897e+02
3.472245e+00	-3.621606e+00	2.966503e+03	2.389978e-04	1.515880e-03	4.677071e+02
3.484053e+00	-3.658199e+00	3.048266e+03	2.196852e-04	1.557661e-03	4.299132e+02
3.495548e+00	-3.693824e+00	3.130029e+03	2.023841e-04	1.599441e-03	3.960557e+02
3.507356e+00	-3.730417e+00	3.216300e+03	1.860301e-04	1.643526e-03	3.640518e+02
3.518852e+00	-3.766041e+00	3.302570e+03	1.713794e-04	1.687610e-03	3.353812e+02
3.530660e+00	-3.802634e+00	3.393596e+03	1.575308e-04	1.734124e-03	3.082802e+02
3.542156e+00	-3.838259e+00	3.484622e+03	1.451246e-04	1.780638e-03	2.840018e+02
3.553964e+00	-3.874852e+00	3.580666e+03	1.333976e-04	1.829716e-03	2.610526e+02
3.565459e+00	-3.910477e+00	3.676710e+03	1.228920e-04	1.878795e-03	2.404936e+02
3.577267e+00	-3.947070e+00	3.778048e+03	1.129615e-04	1.930578e-03	2.210601e+02
3.588763e+00	-3.982694e+00	3.879386e+03	1.040653e-04	1.982362e-03	2.036507e+02
3.600571e+00	-4.019287e+00	3.986310e+03	9.565612e-05	2.037000e-03	1.871944e+02
3.612067e+00	-4.054912e+00	4.093235e+03	8.812280e-05	2.091639e-03	1.724520e+02
3.623875e+00	-4.091505e+00	4.206053e+03	8.100189e-05	2.149289e-03	1.585168e+02
3.635370e+00	-4.127129e+00	4.318872e+03	7.462265e-05	2.206939e-03	1.460329e+02
3.647178e+00	-4.163722e+00	4.437909e+03	6.859265e-05	2.267767e-03	1.342325e+02
3.658674e+00	-4.199347e+00	4.556947e+03	6.319069e-05	2.328595e-03	1.236611e+02
3.670482e+00	-4.235940e+00	4.682546e+03	5.808446e-05	2.392776e-03	1.136685e+02
3.681978e+00	-4.271565e+00	4.808146e+03	5.351007e-05	2.456957e-03	1.047166e+02
3.693786e+00	-4.308158e+00	4.940669e+03	4.918610e-05	2.524676e-03	9.625480e+01
3.705281e+00	-4.343782e+00	5.073192e+03	4.531249e-05	2.592396e-03	8.867433e+01
3.717089e+00	-4.380375e+00	5.213020e+03	4.165094e-05	2.663848e-03	8.150886e+01
3.728585e+00	-4.416000e+00	5.352848e+03	3.837075e-05	2.735300e-03	7.508969e+01
3.740393e+00	-4.452593e+00	5.500385e+03	3.527014e-05	2.810691e-03	6.902195e+01
3.751889e+00	-4.488217e+00	5.647921e+03	3.249247e-05	2.886081e-03	6.358618e+01
3.763697e+00	-4.524810e+00	5.803590e+03	2.986686e-05	2.965628e-03	5.844799e+01
3.775192e+00	-4.560435e+00	5.959259e+03	2.751472e-05	3.045175e-03	5.384497e+01
3.787000e+00	-4.597028e+00	6.123509e+03	2.529135e-05	3.129106e-03	4.949394e+01
3.798496e+00	-4.632653e+00	6.287759e+03	2.329955e-05	3.213038e-03	4.559608e+01
3.810304e+00	-4.669246e+00	6.461064e+03	2.141679e-05	3.301597e-03	4.191161e+01
3.821800e+00	-4.704870e+00	6.634368e+03	1.973013e-05	3.390155e-03	3.861090e+01
3.833608e+00	-4.741463e+00	6.817226e+03	1.813580e-05	3.483595e-03	3.549088e+01
3.845103e+00	-4.777088e+00	7.000084e+03	1.670753e-05	3.577035e-03	3.269583e+01
3.856911e+00	-4.813681e+00	7.193021e+03	1.535745e-05	3.675626e-03	3.005379e+01
3.868407e+00	-4.849305e+00	7.385959e+03	1.414799e-05	3.774217e-03	2.768693e+01
3.880215e+00	-4.885898e+00	7.589532e+03	1.300474e-05	3.878243e-03	2.544964e+01
3.891711e+00	-4.921523e+00	7.793105e+03	1.198056e-05	3.982268e-03	2.344537e+01
3.903519e+00	-4.958116e+00	8.007900e+03	1.101245e-05	4.092028e-03	2.155083e+01
3.915014e+00	-4.993741e+00	8.222695e+03	1.014517e-05	4.201788e-03	1.985361e+01
3.926822e+00	-5.030334e+00	8.449331e+03	9.325376e-06	4.317599e-03	1.824931e+01
3.938318e+00	-5.065958e+00	8.675966e+03	8.590964e-06	4.433409e-03	1.681210e+01
3.950126e+00	-5.102551e+00	8.915095e+03	7.896757e-06	4.555604e-03	1.545357e+01
3.961622e+00	-5.138176e+00	9.154223e+03	7.274854e-06	4.677798e-03	1.423654e+01
3.973430e+00	-5.174769e+00	9.406534e+03	6.686998e-06	4.806728e-03	1.308613e+01
3.984925e+00	-5.210393e+00	9.658844e+03	6.160369e-06	4.935659e-03	1.205554e+01
3.996733e+00	-5.246986e+00	9.925063e+03	5.662570e-06	5.071696e-03	1.108137e+01
4.008229e+00	-5.282611e+00	1.019128e+04	5.216619e-06	5.207734e-03	1.020867e+01
4.020037e+00	-5.319204e+00	1.047218e+04	4.795081e-06	5.351270e-03	9.383741e+00
4.031532e+00	-5.354828e+00	1.075307e+04	4.417449e-06	5.494807e-03	8.644732e+00
4.043341e+00	-5.391422e+00	1.104945e+04	4.060489e-06	5.646256e-03	7.946180e+00
4.054836e+00	-5.427046e+00	1.134583e+04	3.740709e-06	5.797705e-03	7.320385e+00
4.066644e+00	-5.463639e+00	1.165854e+04	3.438435e-06	5.957502e-03	6.728849e+00
4.078140e+00	-5.499264e+00	1.197126e+04	3.167644e-06	6.117300e-03	6.198924e+00
4.089948e+00	-5.535857e+00	1.230121e+04	2.911677e-06	6.285906e-03	5.698010e+00
4.101443e+00	-5.571481e+00	1.263117e+04	2.682370e-06	6.454512e-03	5.249268e+00
4.113252e+00	-5.608074e+00	1.297931e+04	2.465617e-06	6.632412e-03	4.825092e+00
4.124747e+00	-5.643699e+00	1.332745e+04	2.271439e-06	6.810313e-03	4.445096e+00
4.136555e+00	-5.680292e+00	1.369478e+04	2.087892e-06	6.998020e-03	4.085903e+00
4.148051e+00	-5.715916e+00	1.406212e+04	1.923462e-06	7.185727e-03	3.764121e+00
4.159859e+00	-5.752510e+00	1.444970e+04	1.768033e-06	7.383782e-03	3.459955e+00
4.171354e+00	-5.788134e+00	1.483728e+04	1.628793e-06	7.581836e-03	3.187469e+00
4.183163e+00	-5.824727e+00	1.524623e+04	1.497176e-06	7.790808e-03	2.929900e+00
4.194658e+00	-5.860352e+00	1.565518e+04	1.379267e-06	7.999780e-03	2.699158e+00
4.206466e+00	-5.896945e+00	1.608667e+04	1.267813e-06	8.220271e-03	2.481048e+00
4.217962e+00	-5.932569e+00	1.651816e+04	1.167967e-06	8.440763e-03	2.285655e+00
4.229770e+00	-5.969162e+00	1.697344e+04	1.073588e-06	8.673409e-03	2.100959e+00
4.241265e+00	-6.004787e+00	1.742872e+04	9.890383e-07	8.906054e-03	1.935500e+00
4.253073e+00	-6.041380e+00	1.790909e+04	9.091174e-07	9.151525e-03	1.779099e+00
4.264569e+00	-6.077004e+00	1.838946e+04	8.375206e-07	9.396995e-03	1.638987e+00
4.276377e+00	-6.113598e+00	1.889632e+04	7.698434e-07	9.655997e-03	1.506546e+00
4.287873e+00	-6.149222e+00	1.940317e+04	7.092150e-07	9.914999e-03	1.387899e+00
4.299681e+00	-6.185815e+00	1.993796e+04	6.519057e-07	1.018828e-02	1.275748e+00
4.311176e+00	-6.221440e+00	2.047276e+04	6.005654e-07	1.046156e-02	1.175277e+00
4.322984e+00	-6.258033e+00	2.103703e+04	5.520357e-07	1.074990e-02	1.080307e+00
4.334480e+00	-6.293657e+00	2.160131e+04	5.085606e-07	1.103824e-02	9.952283e-01
4.346288e+00	-6.330250e+00	2.219668e+04	4.674655e-07	1.134248e-02	9.148073e-01
4.357784e+00	-6.365875e+00	2.279206e+04	4.306507e-07	1.164672e-02	8.427624e-01
4.369592e+00	-6.402468e+00	2.342026e+04	3.958512e-07	1.196773e-02	7.746616e-01
4.381087e+00	-6.438092e+00	2.404846e+04	3.646763e-07	1.228874e-02	7.136537e-01
4.392895e+00	-6.474686e+00	2.471129e+04	3.352080e-07	1.262744e-02	6.559858e-01
4.404391e+00	-6.510310e+00	2.537412e+04	3.088090e-07	1.296615e-02	6.043241e-01
4.416199e+00	-6.546903e+00	2.607348e+04	2.838552e-07	1.332352e-02	5.554907e-01
4.427695e+00	-6.582528e+00	2.677285e+04	2.615004e-07	1.368090e-02	5.117435e-01
4.439503e+00	-6.619121e+00	2.751077e+04	2.403694e-07	1.405797e-02	4.703912e-01
4.450998e+00	-6.654745e+00	2.824869e+04	2.214393e-07	1.443505e-02	4.333459e-01
4.462806e+00	-6.691338e+00	2.902728e+04	2.035455e-07	1.483291e-02	3.983287e-01
4.474302e+00	-6.726963e+00	2.980588e+04	1.875155e-07	1.523077e-02	3.669587e-01
4.486110e+00	-6.763556e+00	3.062739e+04	1.723630e-07	1.565057e-02	3.373060e-01
4.497606e+00	-6.799180e+00	3.144891e+04	1.587887e-07	1.607036e-02	3.107417e-01
4.509414e+00	-6.835774e+00	3.231571e+04	1.459575e-07	1.651329e-02	2.856317e-01
4.520909e+00	-6.871398e+00	3.318251e+04	1.344627e-07	1.695623e-02	2.631370e-01
4.532717e+00	-6.907991e+00	3.409709e+04	1.235972e-07	1.742358e-02	2.418738e-01
4.544213e+00	-6.943616e+00	3.501168e+04	1.138634e-07	1.789093e-02	2.228252e-01
4.556021e+00	-6.980209e+00	3.597667e+04	1.046625e-07	1.838404e-02	2.048195e-01
4.567517e+00	-7.015833e+00	3.694167e+04	9.641991e-08	1.887715e-02	1.886891e-01
4.579325e+00	-7.052426e+00	3.795987e+04	8.862854e-08	1.939745e-02	1.734417e-01
4.590820e+00	-7.088051e+00	3.897806e+04	8.164867e-08	1.991775e-02	1.597825e-01
4.602628e+00	-7.124644e+00	4.005238e+04	7.505091e-08	2.046672e-02	1.468710e-01
4.614124e+00	-7.160268e+00	4.112670e+04	6.914034e-08	2.101570e-02	1.353043e-01
4.625932e+00	-7.196862e+00	4.226024e+04	6.355334e-08	2.159494e-02	1.243708e-01
4.637428e+00	-7.232486e+00	4.339378e+04	5.854825e-08	2.217418e-02	1.145761e-01
4.649236e+00	-7.269079e+00	4.458981e+04	5.381716e-08	2.278535e-02	1.053176e-01
4.660731e+00	-7.304704e+00	4.578584e+04	4.957883e-08	2.339651e-02	9.702337e-02
4.672539e+00	-7.341297e+00	4.704780e+04	4.557253e-08	2.404137e-02	8.918323e-02
4.684035e+00	-7.376921e+00	4.830976e+04	4.198351e-08	2.468623e-02	8.215968e-02
4.695843e+00	-7.413514e+00	4.964128e+04	3.859096e-08	2.536664e-02	7.552063e-02
4.707338e+00	-7.449139e+00	5.097280e+04	3.555176e-08	2.604705e-02	6.957307e-02
4.719147e+00	-7.485732e+00	5.237772e+04	3.267894e-08	2.676496e-02	6.395110e-02
4.730642e+00	-7.521356e+00	5.378264e+04	3.010534e-08	2.748287e-02	5.891468e-02
4.742450e+00	-7.557950e+00	5.526501e+04	2.767263e-08	2.824036e-02	5.415398e-02
4.753946e+00	-7.593574e+00	5.674738e+04	2.549329e-08	2.899785e-02	4.988913e-02
4.765754e+00	-7.630167e+00	5.831146e+04	2.343326e-08	2.979709e-02	4.585776e-02
4.777249e+00	-7.665792e+00	5.987554e+04	2.158780e-08	3.059634e-02	4.224627e-02
4.789058e+00	-7.702385e+00	6.152584e+04	1.984336e-08	3.143964e-02	3.883249e-02
4.800553e+00	-7.738009e+00	6.317614e+04	1.828061e-08	3.228294e-02	3.577427e-02
4.812361e+00	-7.774602e+00	6.491742e+04	1.680342e-08	3.317273e-02	3.288347e-02
4.823857e+00	-7.810227e+00	6.665869e+04	1.548008e-08	3.406252e-02	3.029376e-02
4.835665e+00	-7.846820e+00	6.849595e+04	1.422918e-08	3.500136e-02	2.784582e-02
4.847160e+00	-7.882444e+00	7.033321e+04	1.310858e-08	3.594019e-02	2.565285e-02
4.858969e+00	-7.919038e+00	7.227175e+04	1.204932e-08	3.693078e-02	2.357992e-02
4.870464e+00	-7.954662e+00	7.421028e+04	1.110038e-08	3.792137e-02	2.172291e-02
4.882272e+00	-7.991255e+00	7.625568e+04	1.020340e-08	3.896657e-02	1.996755e-02
4.893768e+00	-8.026880e+00	7.830108e+04	9.399837e-09	4.001177e-02	1.839502e-02
4.905576e+00	-8.063473e+00	8.045923e+04	8.640268e-09	4.111458e-02	1.690858e-02
4.917071e+00	-8.099097e+00	8.261738e+04	7.959810e-09	4.221739e-02	1.557696e-02
4.928880e+00	-8.135690e+00	8.489449e+04	7.316605e-09	4.338099e-02	1.431824e-02
4.940375e+00	-8.171315e+00	8.717161e+04	6.740391e-09	4.454460e-02	1.319062e-02
4.952183e+00	-8.207908e+00	8.957425e+04	6.195723e-09	4.577234e-02	1.212473e-02
4.963679e+00	-8.243532e+00	9.197689e+04	5.707784e-09	4.700009e-02	1.116986e-02
4.975487e+00	-8.280126e+00	9.451197e+04	5.246557e-09	4.829551e-02	1.026726e-02
4.986982e+00	-8.315750e+00	9.704706e+04	4.833369e-09	4.959094e-02	9.458667e-03
4.998790e+00	-8.352343e+00	9.972188e+04	4.442800e-09	5.095777e-02	8.694344e-03
5.010286e+00	-8.387968e+00	1.023967e+05	4.092911e-09	5.232461e-02	8.009628e-03
5.022094e+00	-8.424561e+00	1.052190e+05	3.762177e-09	5.376679e-02	7.362397e-03
5.033590e+00	-8.460185e+00	1.080413e+05	3.465890e-09	5.520897e-02	6.782577e-03
5.045398e+00	-8.496778e+00	1.110191e+05	3.185823e-09	5.673065e-02	6.234500e-03
5.056893e+00	-8.532403e+00	1.139970e+05	2.934926e-09	5.825233e-02	5.743507e-03
5.068701e+00	-8.568996e+00	1.171390e+05	2.697764e-09	5.985789e-02	5.279393e-03
5.080197e+00	-8.604620e+00	1.202810e+05	2.485304e-09	6.146345e-02	4.863619e-03
5.092005e+00	-8.641214e+00	1.235962e+05	2.284475e-09	6.315752e-02	4.470606e-03
5.103501e+00	-8.676838e+00	1.269114e+05	2.104563e-09	6.485159e-02	4.118527e-03
5.115309e+00	-8.713431e+00	1.304094e+05	1.934500e-09	6.663904e-02	3.785723e-03
5.126804e+00	-8.749056e+00	1.339073e+05	1.782150e-09	6.842649e-02	3.487581e-03
5.138612e+00	-8.785649e+00	1.375981e+05	1.638141e-09	7.031248e-02	3.205762e-03
5.150108e+00	-8.821273e+00	1.412889e+05	1.509130e-09	7.219846e-02	2.953294e-03
5.161916e+00	-8.857866e+00	1.451831e+05	1.387182e-09	7.418841e-02	2.714649e-03
5.173412e+00	-8.893491e+00	1.490773e+05	1.277936e-09	7.617835e-02	2.500859e-03
5.185220e+00	-8.930084e+00	1.531862e+05	1.174670e-09	7.827800e-02	2.298773e-03
5.196715e+00	-8.965708e+00	1.572951e+05	1.082160e-09	8.037764e-02	2.117735e-03
5.208523e+00	-9.002302e+00	1.616305e+05	9.947144e-10	8.259302e-02	1.946608e-03
5.220019e+00	-9.037926e+00	1.659659e+05	9.163765e-10	8.480841e-02	1.793304e-03
5.231827e+00	-9.074519e+00	1.705403e+05	8.423271e-10	8.714591e-02	1.648393e-03
5.243323e+00	-9.110144e+00	1.751147e+05	7.759904e-10	8.948342e-02	1.518575e-03
5.255131e+00	-9.146737e+00	1.799412e+05	7.132852e-10	9.194977e-02	1.395864e-03
5.266626e+00	-9.182361e+00	1.847678e+05	6.571110e-10	9.441613e-02	1.285934e-03
5.278434e+00	-9.218954e+00	1.898604e+05	6.040120e-10	9.701845e-02	1.182022e-03
5.289930e+00	-9.254579e+00	1.949530e+05	5.564436e-10	9.962076e-02	1.088933e-03
5.301738e+00	-9.291172e+00	2.003263e+05	5.114792e-10	1.023665e-01	1.000940e-03
5.313234e+00	-9.326796e+00	2.056996e+05	4.711981e-10	1.051123e-01	9.221117e-04
5.325042e+00	-9.363390e+00	2.113692e+05	4.331222e-10	1.080094e-01	8.475990e-04
5.336537e+00	-9.399014e+00	2.170387e+05	3.990120e-10	1.109065e-01	7.808470e-04
5.348345e+00	-9.435607e+00	2.230208e+05	3.667691e-10	1.139634e-01	7.177494e-04
5.359841e+00	-9.471232e+00	2.290028e+05	3.378845e-10	1.170202e-01	6.612236e-04
5.371649e+00	-9.507825e+00	2.353147e+05	3.105812e-10	1.202455e-01	6.077923e-04
5.383145e+00	-9.543449e+00	2.416265e+05	2.861217e-10	1.234709e-01	5.599262e-04
5.394953e+00	-9.580042e+00	2.482862e+05	2.630011e-10	1.268740e-01	5.146804e-04
5.406448e+00	-9.615667e+00	2.549460e+05	2.422887e-10	1.302771e-01	4.741472e-04
5.418256e+00	-9.652260e+00	2.619728e+05	2.227101e-10	1.338678e-01	4.358329e-04
5.429752e+00	-9.687884e+00	2.689997e+05	2.051708e-10	1.374586e-01	4.015093e-04
5.441560e+00	-9.724478e+00	2.764139e+05	1.885916e-10	1.412472e-01	3.690646e-04
5.453055e+00	-9.760102e+00	2.838282e+05	1.737392e-10	1.450359e-01	3.399992e-04
5.464864e+00	-9.796695e+00	2.916511e+05	1.597000e-10	1.490334e-01	3.125250e-04
5.476359e+00	-9.832320e+00	2.994740e+05	1.471229e-10	1.530309e-01	2.879124e-04
5.488167e+00	-9.868913e+00	3.077282e+05	1.352344e-10	1.572488e-01	2.646472e-04
5.499663e+00	-9.904537e+00	3.159823e+05	1.245841e-10	1.614666e-01	2.438051e-04
5.511471e+00	-9.941130e+00	3.246915e+05	1.145169e-10	1.659170e-01	2.241040e-04
5.522966e+00	-9.976755e+00	3.334007e+05	1.054982e-10	1.703674e-01	2.064549e-04
5.534775e+00	-1.001335e+01	3.425899e+05	9.697326e-11	1.750631e-01	1.897720e-04
5.546270e+00	-1.004897e+01	3.517792e+05	8.933621e-11	1.797588e-01	1.748266e-04
5.558078e+00	-1.008557e+01	3.614750e+05	8.211725e-11	1.847133e-01	1.606995e-04
5.569574e+00	-1.012119e+01	3.711708e+05	7.565017e-11	1.896679e-01	1.480437e-04
5.581382e+00	-1.015778e+01	3.814010e+05	6.953714e-11	1.948955e-01	1.360808e-04
5.592877e+00	-1.019341e+01	3.916313e+05	6.406080e-11	2.001232e-01	1.253639e-04
5.604686e+00	-1.023000e+01	4.024255e+05	5.888426e-11	2.056390e-01	1.152336e-04
5.616181e+00	-1.026563e+01	4.132198e+05	5.424688e-11	2.111548e-01	1.061585e-04
5.627989e+00	-1.030222e+01	4.246090e+05	4.986337e-11	2.169747e-01	9.758018e-05
5.639485e+00	-1.033784e+01	4.359982e+05	4.593642e-11	2.227946e-01	8.989534e-05
5.651293e+00	-1.037444e+01	4.480153e+05	4.222445e-11	2.289353e-01	8.263119e-05
5.662788e+00	-1.041006e+01	4.600324e+05	3.889910e-11	2.350760e-01	7.612364e-05
5.674596e+00	-1.044665e+01	4.727119e+05	3.575579e-11	2.415552e-01	6.997235e-05
5.686092e+00	-1.048228e+01	4.853914e+05	3.293987e-11	2.480345e-01	6.446173e-05
5.697900e+00	-1.051887e+01	4.987698e+05	3.027811e-11	2.548708e-01	5.925279e-05
5.709396e+00	-1.055450e+01	5.121483e+05	2.789358e-11	2.617072e-01	5.458639e-05
5.721204e+00	-1.059109e+01	5.262642e+05	2.563960e-11	2.689204e-01	5.017544e-05
5.732699e+00	-1.062671e+01	5.403801e+05	2.362037e-11	2.761336e-01	4.622392e-05
5.744507e+00	-1.066331e+01	5.552742e+05	2.171169e-11	2.837445e-01	4.248872e-05
5.756003e+00	-1.069893e+01	5.701682e+05	2.000180e-11	2.913553e-01	3.914255e-05
5.767811e+00	-1.073552e+01	5.858833e+05	1.838552e-11	2.993857e-01	3.597958e-05
5.779307e+00	-1.077115e+01	6.015984e+05	1.693759e-11	3.074161e-01	3.314603e-05
5.791115e+00	-1.080774e+01	6.181798e+05	1.556892e-11	3.158892e-01	3.046761e-05
5.802610e+00	-1.084337e+01	6.347611e+05	1.434280e-11	3.243622e-01	2.806816e-05
5.814418e+00	-1.087996e+01	6.522565e+05	1.318381e-11	3.333024e-01	2.580007e-05
5.825914e+00	-1.091558e+01	6.697519e+05	1.214553e-11	3.422425e-01	2.376820e-05
5.837722e+00	-1.095218e+01	6.882118e+05	1.116409e-11	3.516755e-01	2.184757e-05
5.849218e+00	-1.098780e+01	7.066716e+05	1.028487e-11	3.611084e-01	2.012699e-05
5.861026e+00	-1.102439e+01	7.261490e+05	9.453783e-12	3.710613e-01	1.850059e-05
5.872521e+00	-1.106002e+01	7.456264e+05	8.709258e-12	3.810143e-01	1.704359e-05
5.884329e+00	-1.109661e+01	7.661775e+05	8.005492e-12	3.915159e-01	1.566636e-05
5.895825e+00	-1.113224e+01	7.867286e+05	7.375026e-12	4.020175e-01	1.443257e-05
5.907633e+00	-1.116883e+01	8.084126e+05	6.779075e-12	4.130979e-01	1.326632e-05
5.919129e+00	-1.120445e+01	8.300965e+05	6.245194e-12	4.241784e-01	1.222154e-05
5.930937e+00	-1.124105e+01	8.529758e+05	5.740541e-12	4.358697e-01	1.123396e-05
5.942432e+00	-1.127667e+01	8.758551e+05	5.288449e-12	4.475610e-01	1.034924e-05
5.954240e+00	-1.131326e+01	8.999956e+05	4.861107e-12	4.598968e-01	9.512950e-06
5.965736e+00	-1.134889e+01	9.241360e+05	4.478275e-12	4.722325e-01	8.763766e-06
5.977544e+00	-1.138548e+01	9.496073e+05	4.116400e-12	4.852483e-01	8.055595e-06
5.989040e+00	-1.142111e+01	9.750785e+05	3.792217e-12	4.982640e-01	7.421183e-06
6.000848e+00	-1.145770e+01	1.001954e+06	3.485780e-12	5.119973e-01	6.821502e-06
6.012343e+00	-1.149332e+01	1.028829e+06	3.211261e-12	5.257305e-01	6.284281e-06
6.024151e+00	-1.152992e+01	1.057186e+06	2.951769e-12	5.402208e-01	5.776469e-06
6.035647e+00	-1.156554e+01	1.085543e+06	2.719305e-12	5.547111e-01	5.321548e-06
6.047455e+00	-1.160214e+01	1.115463e+06	2.499567e-12	5.700001e-01	4.891531e-06
6.058951e+00	-1.163776e+01	1.145382e+06	2.302716e-12	5.852892e-01	4.506303e-06
6.070759e+00	-1.167435e+01	1.176952e+06	2.116641e-12	6.014210e-01	4.142164e-06
6.082254e+00	-1.170998e+01	1.208521e+06	1.949947e-12	6.175529e-01	3.815951e-06
6.094062e+00	-1.174657e+01	1.241830e+06	1.792378e-12	6.345740e-01	3.507597e-06
6.105558e+00	-1.178219e+01	1.275140e+06	1.651221e-12	6.515951e-01	3.231359e-06
6.117366e+00	-1.181879e+01	1.310286e+06	1.517791e-12	6.695545e-01	2.970243e-06
6.128862e+00	-1.185441e+01	1.345431e+06	1.398259e-12	6.875139e-01	2.736324e-06
6.140670e+00	-1.189101e+01	1.382514e+06	1.285270e-12	7.064633e-01	2.515211e-06
6.152165e+00	-1.192663e+01	1.419597e+06	1.184050e-12	7.254127e-01	2.317128e-06
6.163973e+00	-1.196322e+01	1.458724e+06	1.088371e-12	7.454066e-01	2.129888e-06
6.175469e+00	-1.199885e+01	1.497852e+06	1.002657e-12	7.654006e-01	1.962151e-06
6.187277e+00	-1.203544e+01	1.539136e+06	9.216355e-13	7.864967e-01	1.803596e-06
6.198772e+00	-1.207107e+01	1.580420e+06	8.490529e-13	8.075928e-01	1.661555e-06
6.210581e+00	-1.210766e+01	1.623980e+06	7.804438e-13	8.298518e-01	1.527290e-06
6.222076e+00	-1.214328e+01	1.667539e+06	7.189806e-13	8.521109e-01	1.407010e-06
6.233884e+00	-1.217988e+01	1.713501e+06	6.608821e-13	8.755969e-01	1.293314e-06
6.245380e+00	-1.221550e+01	1.759462e+06	6.088349e-13	8.990829e-01	1.191460e-06
6.257188e+00	-1.225209e+01	1.807956e+06	5.596370e-13	9.238636e-01	1.095182e-06
6.268683e+00	-1.228772e+01	1.856451e+06	5.155632e-13	9.486443e-01	1.008932e-06
6.280492e+00	-1.232431e+01	1.907619e+06	4.739023e-13	9.747910e-01	9.274037e-07
6.291987e+00	-1.235994e+01	1.958786e+06	4.365805e-13	1.000938e+00	8.543668e-07
6.303795e+00	-1.239653e+01	2.012775e+06	4.013019e-13	1.028526e+00	7.853283e-07
6.315291e+00	-1.243215e+01	2.066763e+06	3.696977e-13	1.056114e+00	7.234804e-07
6.327099e+00	-1.246875e+01	2.123728e+06	3.398237e-13	1.085223e+00	6.650184e-07
6.338594e+00	-1.250437e+01	2.180692e+06	3.130611e-13	1.114331e+00	6.126454e-07
6.350403e+00	-1.254096e+01	2.240797e+06	2.877637e-13	1.145045e+00	5.631396e-07
6.361898e+00	-1.257659e+01	2.300902e+06	2.651011e-13	1.175758e+00	5.187900e-07
6.373706e+00	-1.261318e+01	2.364320e+06	2.436792e-13	1.208165e+00	4.768683e-07
6.385202e+00	-1.264881e+01	2.427737e+06	2.244884e-13	1.240571e+00	4.393129e-07
6.397010e+00	-1.268540e+01	2.494651e+06	2.063483e-13	1.274764e+00	4.038135e-07
6.408505e+00	-1.272102e+01	2.561565e+06	1.900975e-13	1.308957e+00	3.720115e-07
6.420313e+00	-1.275762e+01	2.632167e+06	1.747363e-13	1.345035e+00	3.419505e-07
6.431809e+00	-1.279324e+01	2.702770e+06	1.609751e-13	1.381112e+00	3.150205e-07
6.443617e+00	-1.282983e+01	2.777264e+06	1.479673e-13	1.419179e+00	2.895647e-07
6.455113e+00	-1.286546e+01	2.851758e+06	1.363142e-13	1.457245e+00	2.667603e-07
6.466921e+00	-1.290205e+01	2.930359e+06	1.252991e-13	1.497410e+00	2.452043e-07
6.478416e+00	-1.293768e+01	3.008959e+06	1.154313e-13	1.537575e+00	2.258934e-07
6.490224e+00	-1.297427e+01	3.091893e+06	1.061037e-13	1.579954e+00	2.076397e-07
6.501720e+00	-1.300989e+01	3.174826e+06	9.774757e-14	1.622333e+00	1.912872e-07
6.513528e+00	-1.304649e+01	3.262332e+06	8.984891e-14	1.667048e+00	1.758299e-07
6.525024e+00	-1.308211e+01	3.349837e+06	8.277293e-14	1.711763e+00	1.619826e-07
6.536832e+00	-1.311870e+01	3.442166e+06	7.608433e-14	1.758943e+00	1.488933e-07
6.548327e+00	-1.315433e+01	3.534494e+06	7.009237e-14	1.806123e+00	1.371674e-07
6.560135e+00	-1.319092e+01	3.631913e+06	6.442844e-14	1.855904e+00	1.260833e-07
6.571631e+00	-1.322655e+01	3.729331e+06	5.935443e-14	1.905684e+00	1.161537e-07
6.583439e+00	-1.326314e+01	3.832120e+06	5.455820e-14	1.958209e+00	1.067677e-07
6.594935e+00	-1.329876e+01	3.934908e+06	5.026151e-14	2.010734e+00	9.835933e-08
6.606743e+00	-1.333536e+01	4.043363e+06	4.620005e-14	2.066154e+00	9.041124e-08
6.618238e+00	-1.337098e+01	4.151818e+06	4.256160e-14	2.121574e+00	8.329098e-08
6.630046e+00	-1.340758e+01	4.266251e+06	3.912234e-14	2.180050e+00	7.656052e-08
6.641542e+00	-1.344320e+01	4.380684e+06	3.604129e-14	2.238525e+00	7.053105e-08
6.653350e+00	-1.347979e+01	4.501425e+06	3.312892e-14	2.300223e+00	6.483168e-08
6.664846e+00	-1.351542e+01	4.622167e+06	3.051988e-14	2.361922e+00	5.972591e-08
6.676654e+00	-1.355201e+01	4.749564e+06	2.805367e-14	2.427022e+00	5.489966e-08
6.688149e+00	-1.358763e+01	4.876961e+06	2.584432e-14	2.492122e+00	5.057608e-08
6.699957e+00	-1.362423e+01	5.011380e+06	2.375593e-14	2.560810e+00	4.648920e-08
6.711453e+00	-1.365985e+01	5.145800e+06	2.188505e-14	2.629498e+00	4.282798e-08
6.723261e+00	-1.369645e+01	5.287629e+06	2.011659e-14	2.701973e+00	3.936719e-08
6.734757e+00	-1.373207e+01	5.429459e+06	1.853233e-14	2.774448e+00	3.626686e-08
6.746565e+00	-1.376866e+01	5.579107e+06	1.703479e-14	2.850917e+00	3.333626e-08
6.758060e+00	-1.380429e+01	5.728755e+06	1.569323e-14	2.927387e+00	3.071089e-08
6.769868e+00	-1.384088e+01	5.886652e+06	1.442511e-14	3.008073e+00	2.822924e-08
6.781364e+00	-1.387651e+01	6.044549e+06	1.328908e-14	3.088758e+00	2.600607e-08
6.793172e+00	-1.391310e+01	6.211149e+06	1.221523e-14	3.173891e+00	2.390461e-08
6.804668e+00	-1.394872e+01	6.377750e+06	1.125323e-14	3.259024e+00	2.202202e-08
6.816476e+00	-1.398532e+01	6.553535e+06	1.034389e-14	3.348849e+00	2.024250e-08
6.827971e+00	-1.402094e+01	6.729320e+06	9.529268e-15	3.438675e+00	1.864831e-08
6.839779e+00	-1.405753e+01	6.914795e+06	8.759240e-15	3.533453e+00	1.714141e-08
6.851275e+00	-1.409316e+01	7.100270e+06	8.069413e-15	3.628230e+00	1.579145e-08
6.863083e+00	-1.412975e+01	7.295968e+06	7.417351e-15	3.728232e+00	1.451539e-08
6.874578e+00	-1.416538e+01	7.491667e+06	6.833204e-15	3.828234e+00	1.337225e-08
6.886387e+00	-1.420197e+01	7.698154e+06	6.281035e-15	3.933748e+00	1.229168e-08
6.897882e+00	-1.423759e+01	7.904641e+06	5.786377e-15	4.039263e+00	1.132366e-08
6.909690e+00	-1.427419e+01	8.122510e+06	5.318800e-15	4.150594e+00	1.040863e-08
6.921186e+00	-1.430981e+01	8.340379e+06	4.899922e-15	4.261925e+00	9.588909e-09
6.932994e+00	-1.434640e+01	8.570258e+06	4.503976e-15	4.379393e+00	8.814061e-09
6.944489e+00	-1.438203e+01	8.800138e+06	4.149269e-15	4.496861e+00	8.119917e-09
6.956298e+00	-1.441862e+01	9.042689e+06	3.813980e-15	4.620804e+00	7.463774e-09
6.967793e+00	-1.445425e+01	9.285240e+06	3.513613e-15	4.744747e+00	6.875970e-09
6.979601e+00	-1.449084e+01	9.541161e+06	3.229690e-15	4.875523e+00	6.320346e-09
6.991097e+00	-1.452646e+01	9.797083e+06	2.975338e-15	5.006299e+00	5.822592e-09
7.002905e+00	-1.456306e+01	1.006711e+07	2.734911e-15	5.144283e+00	5.352088e-09
7.014400e+00	-1.459868e+01	1.033714e+07	2.519526e-15	5.282268e+00	4.930589e-09
7.026209e+00	-1.463527e+01	1.062205e+07	2.315931e-15	5.427858e+00	4.532164e-09
7.037704e+00	-1.467090e+01	1.090697e+07	2.133542e-15	5.573449e+00	4.175238e-09
7.049512e+00	-1.470749e+01	1.120759e+07	1.961137e-15	5.727066e+00	3.837851e-09
7.061008e+00	-1.474312e+01	1.150821e+07	1.806690e-15	5.880682e+00	3.535604e-09
7.072816e+00	-1.477971e+01	1.182540e+07	1.660697e-15	6.042767e+00	3.249903e-09
7.084311e+00	-1.481533e+01	1.214259e+07	1.529910e-15	6.204851e+00	2.993960e-09
7.096120e+00	-1.485193e+01	1.247727e+07	1.406283e-15	6.375870e+00	2.752028e-09
7.107615e+00	-1.488755e+01	1.281194e+07	1.295533e-15	6.546890e+00	2.535294e-09
7.119423e+00	-1.492414e+01	1.316507e+07	1.190845e-15	6.727336e+00	2.330426e-09
7.130919e+00	-1.495977e+01	1.351819e+07	1.097061e-15	6.907783e+00	2.146895e-09
7.142727e+00	-1.499636e+01	1.389079e+07	1.008411e-15	7.098177e+00	1.973412e-09
7.154222e+00	-1.503199e+01	1.426338e+07	9.289945e-16	7.288570e+00	1.817997e-09
7.166030e+00	-1.506858e+01	1.465651e+07	8.539256e-16	7.489459e+00	1.671091e-09
7.177526e+00	-1.510420e+01	1.504964e+07	7.866754e-16	7.690348e+00	1.539485e-09
7.189334e+00	-1.514080e+01	1.546444e+07	7.231068e-16	7.902311e+00	1.415085e-09
7.200830e+00	-1.517642e+01	1.587924e+07	6.661591e-16	8.114274e+00	1.303641e-09
7.212638e+00	-1.521302e+01	1.631691e+07	6.123290e-16	8.337921e+00	1.198298e-09
7.224133e+00	-1.524864e+01	1.675457e+07	5.641055e-16	8.561568e+00	1.103927e-09
7.235941e+00	-1.528523e+01	1.721636e+07	5.185221e-16	8.797543e+00	1.014722e-09
7.247437e+00	-1.532086e+01	1.767816e+07	4.776863e-16	9.033519e+00	9.348088e-10
7.259245e+00	-1.535745e+01	1.816541e+07	4.390860e-16	9.282502e+00	8.592700e-10
7.270741e+00	-1.539307e+01	1.865265e+07	4.045062e-16	9.531486e+00	7.915989e-10
7.282549e+00	-1.542967e+01	1.916676e+07	3.718194e-16	9.794195e+00	7.276325e-10
7.294044e+00	-1.546529e+01	1.968087e+07	3.425371e-16	1.005690e+01	6.703284e-10
7.305852e+00	-1.550189e+01	2.022332e+07	3.148578e-16	1.033409e+01	6.161614e-10
7.317348e+00	-1.553751e+01	2.076577e+07	2.900614e-16	1.061128e+01	5.676361e-10
7.329156e+00	-1.557410e+01	2.133812e+07	2.666225e-16	1.090375e+01	5.217673e-10
7.340652e+00	-1.560973e+01	2.191047e+07	2.456249e-16	1.119622e+01	4.806759e-10
7.352460e+00	-1.564632e+01	2.251437e+07	2.257768e-16	1.150482e+01	4.418341e-10
7.363955e+00	-1.568195e+01	2.311827e+07	2.079959e-16	1.181341e+01	4.070378e-10
7.375763e+00	-1.571854e+01	2.375546e+07	1.911884e-16	1.213901e+01	3.741465e-10
7.387259e+00	-1.575416e+01	2.439265e+07	1.761316e-16	1.246462e+01	3.446809e-10
7.399067e+00	-1.579076e+01	2.506496e+07	1.618990e-16	1.280817e+01	3.168284e-10
7.410563e+00	-1.582638e+01	2.573728e+07	1.491487e-16	1.315172e+01	2.918768e-10
7.422371e+00	-1.586297e+01	2.644665e+07	1.370965e-16	1.351421e+01	2.682912e-10
7.433866e+00	-1.589860e+01	2.715603e+07	1.262996e-16	1.387670e+01	2.471622e-10
7.445674e+00	-1.593519e+01	2.790451e+07	1.160937e-16	1.425917e+01	2.271898e-10
7.457170e+00	-1.597082e+01	2.865299e+07	1.069509e-16	1.464164e+01	2.092977e-10
7.468978e+00	-1.600741e+01	2.944273e+07	9.830854e-17	1.504520e+01	1.923850e-10
7.480474e+00	-1.604303e+01	3.023246e+07	9.056633e-17	1.544876e+01	1.772339e-10
7.492282e+00	-1.607963e+01	3.106574e+07	8.324797e-17	1.587456e+01	1.629122e-10
7.503777e+00	-1.611525e+01	3.189901e+07	7.669184e-17	1.630036e+01	1.500822e-10
7.515585e+00	-1.615184e+01	3.277822e+07	7.049463e-17	1.674963e+01	1.379546e-10
7.527081e+00	-1.618747e+01	3.365742e+07	6.494288e-17	1.719891e+01	1.270901e-10
7.538889e+00	-1.622406e+01	3.458509e+07	5.969507e-17	1.767295e+01	1.168203e-10
7.550385e+00	-1.625969e+01	3.551277e+07	5.499383e-17	1.814699e+01	1.076203e-10
7.562193e+00	-1.629628e+01	3.649158e+07	5.054996e-17	1.864716e+01	9.892382e-11
7.573688e+00	-1.633190e+01	3.747039e+07	4.656894e-17	1.914733e+01	9.113315e-11
7.585496e+00	-1.636850e+01	3.850315e+07	4.280586e-17	1.967507e+01	8.376899e-11
7.596992e+00	-1.640412e+01	3.953592e+07	3.943472e-17	2.020281e+01	7.717183e-11
7.608800e+00	-1.644071e+01	4.062561e+07	3.624813e-17	2.075964e+01	7.093583e-11
7.620295e+00	-1.647634e+01	4.171531e+07	3.339344e-17	2.131648e+01	6.534934e-11
7.632104e+00	-1.651293e+01	4.286508e+07	3.069503e-17	2.190401e+01	6.006868e-11
7.643599e+00	-1.654856e+01	4.401484e+07	2.827767e-17	2.249154e+01	5.533802e-11
7.655407e+00	-1.658515e+01	4.522799e+07	2.599264e-17	2.311145e+01	5.086634e-11
7.666903e+00	-1.662077e+01	4.644113e+07	2.394561e-17	2.373137e+01	4.686040e-11
7.678711e+00	-1.665737e+01	4.772115e+07	2.201065e-17	2.438546e+01	4.307377e-11
7.690206e+00	-1.669299e+01	4.900117e+07	2.027722e-17	2.503954e+01	3.968153e-11
7.702015e+00	-1.672958e+01	5.035175e+07	1.863868e-17	2.572969e+01	3.647500e-11
7.713510e+00	-1.676521e+01	5.170233e+07	1.717081e-17	2.641983e+01	3.360244e-11
7.725318e+00	-1.680180e+01	5.312736e+07	1.578329e-17	2.714802e+01	3.088714e-11
7.736814e+00	-1.683743e+01	5.455239e+07	1.454029e-17	2.787621e+01	2.845465e-11
7.748622e+00	-1.687402e+01	5.605597e+07	1.336534e-17	2.864454e+01	2.615532e-11
7.760117e+00	-1.690964e+01	5.755955e+07	1.231276e-17	2.941287e+01	2.409548e-11
7.771926e+00	-1.694624e+01	5.914602e+07	1.131781e-17	3.022355e+01	2.214841e-11
7.783421e+00	-1.698186e+01	6.073249e+07	1.042649e-17	3.103424e+01	2.040413e-11
7.795229e+00	-1.701846e+01	6.240641e+07	9.583957e-18	3.188961e+01	1.875534e-11
7.806725e+00	-1.705408e+01	6.408033e+07	8.829180e-18	3.274498e+01	1.727828e-11
7.818533e+00	-1.709067e+01	6.584652e+07	8.115724e-18	3.364750e+01	1.588208e-11
7.830028e+00	-1.712630e+01	6.761272e+07	7.476576e-18	3.455002e+01	1.463130e-11
7.841836e+00	-1.716289e+01	6.947627e+07	6.872419e-18	3.550230e+01	1.344899e-11
7.853332e+00	-1.719851e+01	7.133982e+07	6.331188e-18	3.645457e+01	1.238983e-11
7.865140e+00	-1.723511e+01	7.330611e+07	5.819585e-18	3.745934e+01	1.138865e-11
7.876636e+00	-1.727073e+01	7.527239e+07	5.361269e-18	3.846411e+01	1.049174e-11
7.888444e+00	-1.730733e+01	7.734706e+07	4.928043e-18	3.952426e+01	9.643939e-12
7.899939e+00	-1.734295e+01	7.942173e+07	4.539939e-18	4.058442e+01	8.884439e-12
7.911747e+00	-1.737954e+01	8.161077e+07	4.173081e-18	4.170301e+01	8.166517e-12
7.923243e+00	-1.741517e+01	8.379980e+07	3.844434e-18	4.282161e+01	7.523370e-12
7.935051e+00	-1.745176e+01	8.610951e+07	3.533778e-18	4.400187e+01	6.915431e-12
7.946547e+00	-1.748739e+01	8.841922e+07	3.255478e-18	4.518212e+01	6.370812e-12
7.958355e+00	-1.752398e+01	9.085624e+07	2.992414e-18	4.642744e+01	5.856008e-12
7.969850e+00	-1.755960e+01	9.329327e+07	2.756749e-18	4.767276e+01	5.394823e-12
7.981658e+00	-1.759620e+01	9.586464e+07	2.533985e-18	4.898673e+01	4.958885e-12
7.993154e+00	-1.763182e+01	9.843600e+07	2.334423e-18	5.030069e+01	4.568352e-12
8.004962e+00	-1.766841e+01	1.011491e+08	2.145786e-18	5.168709e+01	4.199199e-12
8.016458e+00	-1.770404e+01	1.038622e+08	1.976797e-18	5.307348e+01	3.868495e-12
8.028266e+00	-1.774063e+01	1.067249e+08	1.817058e-18	5.453631e+01	3.555895e-12
8.039761e+00	-1.777626e+01	1.095876e+08	1.673957e-18	5.599913e+01	3.275853e-12
8.051569e+00	-1.781285e+01	1.126080e+08	1.538690e-18	5.754259e+01	3.011142e-12
8.063065e+00	-1.784847e+01	1.156285e+08	1.417512e-18	5.908604e+01	2.774002e-12
8.074873e+00	-1.788507e+01	1.188155e+08	1.302968e-18	6.071458e+01	2.549844e-12
8.086369e+00	-1.792069e+01	1.220025e+08	1.200354e-18	6.234313e+01	2.349033e-12
8.098177e+00	-1.795728e+01	1.253651e+08	1.103357e-18	6.406144e+01	2.159216e-12
8.109672e+00	-1.799291e+01	1.287278e+08	1.016463e-18	6.577975e+01	1.989169e-12
8.121480e+00	-1.802950e+01	1.322758e+08	9.343260e-19	6.759279e+01	1.828431e-12
8.132976e+00	-1.806513e+01	1.358238e+08	8.607440e-19	6.940582e+01	1.684434e-12
8.144784e+00	-1.810172e+01	1.395674e+08	7.911901e-19	7.131880e+01	1.548321e-12
8.156280e+00	-1.813734e+01	1.433110e+08	7.288806e-19	7.323177e+01	1.426384e-12
8.168088e+00	-1.817394e+01	1.472610e+08	6.699822e-19	7.525020e+01	1.311123e-12
8.179583e+00	-1.820956e+01	1.512109e+08	6.172183e-19	7.726863e+01	1.207866e-12
8.191391e+00	-1.824615e+01	1.553786e+08	5.673429e-19	7.939832e+01	1.110263e-12
8.202887e+00	-1.828178e+01	1.595464e+08	5.226623e-19	8.152801e+01	1.022825e-12
8.214695e+00	-1.831837e+01	1.639438e+08	4.804277e-19	8.377510e+01	9.401737e-13
8.226191e+00	-1.835400e+01	1.683412e+08	4.425920e-19	8.602219e+01	8.661311e-13
8.237999e+00	-1.839059e+01	1.729811e+08	4.068276e-19	8.839315e+01	7.961419e-13
8.249494e+00	-1.842621e+01	1.776210e+08	3.747883e-19	9.076411e+01	7.334424e-13
8.261302e+00	-1.846281e+01	1.825166e+08	3.445029e-19	9.326577e+01	6.741754e-13
8.272798e+00	-1.849843e+01	1.874122e+08	3.173718e-19	9.576743e+01	6.210812e-13
8.284606e+00	-1.853502e+01	1.925777e+08	2.917261e-19	9.840699e+01	5.708937e-13
8.296102e+00	-1.857065e+01	1.977432e+08	2.687514e-19	1.010465e+02	5.259335e-13
8.307910e+00	-1.860724e+01	2.031934e+08	2.470345e-19	1.038316e+02	4.834345e-13
8.319405e+00	-1.864287e+01	2.086436e+08	2.275795e-19	1.066167e+02	4.453621e-13
8.331213e+00	-1.867946e+01	2.143943e+08	2.091896e-19	1.095553e+02	4.093738e-13
8.342709e+00	-1.871508e+01	2.201450e+08	1.927150e-19	1.124939e+02	3.771339e-13
8.354517e+00	-1.875168e+01	2.262127e+08	1.771424e-19	1.155944e+02	3.466590e-13
8.366012e+00	-1.878730e+01	2.322803e+08	1.631917e-19	1.186950e+02	3.193582e-13
8.377821e+00	-1.882390e+01	2.386825e+08	1.500047e-19	1.219665e+02	2.935519e-13
8.389316e+00	-1.885952e+01	2.450847e+08	1.381912e-19	1.252380e+02	2.704335e-13
8.401124e+00	-1.889611e+01	2.518397e+08	1.270244e-19	1.286898e+02	2.485806e-13
8.412620e+00	-1.893174e+01	2.585948e+08	1.170207e-19	1.321417e+02	2.290039e-13
8.424428e+00	-1.896833e+01	2.657222e+08	1.075647e-19	1.357838e+02	2.104988e-13
8.435923e+00	-1.900395e+01	2.728497e+08	9.909350e-20	1.394259e+02	1.939212e-13
8.447732e+00	-1.904055e+01	2.803700e+08	9.108609e-20	1.432688e+02	1.782510e-13
8.459227e+00	-1.907617e+01	2.878903e+08	8.391268e-20	1.471116e+02	1.642130e-13
8.471035e+00	-1.911277e+01	2.958252e+08	7.713198e-20	1.511664e+02	1.509435e-13
8.482531e+00	-1.914839e+01	3.037601e+08	7.105751e-20	1.552211e+02	1.390561e-13
8.494339e+00	-1.918498e+01	3.121324e+08	6.531559e-20	1.594993e+02	1.278194e-13
8.505834e+00	-1.922061e+01	3.205047e+08	6.017171e-20	1.637776e+02	1.177531e-13
8.517643e+00	-1.925720e+01	3.293385e+08	5.530944e-20	1.682916e+02	1.082379e-13
8.529138e+00	-1.929283e+01	3.381723e+08	5.095359e-20	1.728057e+02	9.971370e-14
8.540946e+00	-1.932942e+01	3.474931e+08	4.683620e-20	1.775686e+02	9.165617e-14
8.552442e+00	-1.936504e+01	3.568139e+08	4.314765e-20	1.823315e+02	8.443786e-14
8.564250e+00	-1.940164e+01	3.666484e+08	3.966104e-20	1.873569e+02	7.761472e-14
8.575745e+00	-1.943726e+01	3.764830e+08	3.653756e-20	1.923824e+02	7.150223e-14
8.587553e+00	-1.947385e+01	3.868597e+08	3.358509e-20	1.976849e+02	6.572438e-14
8.599049e+00	-1.950948e+01	3.972364e+08	3.094012e-20	2.029874e+02	6.054831e-14
8.610857e+00	-1.954607e+01	4.081851e+08	2.843995e-20	2.085821e+02	5.565560e-14
8.622353e+00	-1.958170e+01	4.191338e+08	2.620019e-20	2.141769e+02	5.127249e-14
8.634161e+00	-1.961829e+01	4.306860e+08	2.408304e-20	2.200801e+02	4.712933e-14
8.645656e+00	-1.965391e+01	4.422383e+08	2.218640e-20	2.259833e+02	4.341770e-14
8.657464e+00	-1.969051e+01	4.544273e+08	2.039359e-20	2.322119e+02	3.990926e-14
8.668960e+00	-1.972613e+01	4.666164e+08	1.878751e-20	2.384405e+02	3.676624e-14
8.680768e+00	-1.976272e+01	4.794774e+08	1.726935e-20	2.450124e+02	3.379528e-14
8.692264e+00	-1.979835e+01	4.923383e+08	1.590932e-20	2.515844e+02	3.113376e-14
8.704072e+00	-1.983494e+01	5.059083e+08	1.462374e-20	2.585186e+02	2.861795e-14
8.715567e+00	-1.987057e+01	5.194782e+08	1.347206e-20	2.654528e+02	2.636416e-14
8.727375e+00	-1.990716e+01	5.337961e+08	1.238343e-20	2.727692e+02	2.423376e-14
8.738871e+00	-1.994278e+01	5.481141e+08	1.140818e-20	2.800857e+02	2.232525e-14
8.750679e+00	-1.997938e+01	5.632213e+08	1.048632e-20	2.878055e+02	2.052123e-14
8.762175e+00	-2.001500e+01	5.783285e+08	9.660482e-21	2.955252e+02	1.890509e-14
8.773983e+00	-2.005159e+01	5.942685e+08	8.879851e-21	3.036706e+02	1.737744e-14
8.785478e+00	-2.008722e+01	6.102085e+08	8.180525e-21	3.118159e+02	1.600889e-14
8.797286e+00	-2.012381e+01	6.270272e+08	7.519484e-21	3.204102e+02	1.471527e-14
8.808782e+00	-2.015944e+01	6.438459e+08	6.927294e-21	3.290046e+02	1.355638e-14
8.820590e+00	-2.019603e+01	6.615917e+08	6.367522e-21	3.380726e+02	1.246093e-14
8.832086e+00	-2.023165e+01	6.793375e+08	5.866053e-21	3.471407e+02	1.147958e-14
8.843894e+00	-2.026825e+01	6.980615e+08	5.392037e-21	3.567087e+02	1.055195e-14
8.855389e+00	-2.030387e+01	7.167856e+08	4.967392e-21	3.662766e+02	9.720944e-15
8.867197e+00	-2.034046e+01	7.365417e+08	4.565993e-21	3.763720e+02	8.935427e-15
8.878693e+00	-2.037609e+01	7.562979e+08	4.206402e-21	3.864674e+02	8.231724e-15
8.890501e+00	-2.041268e+01	7.771431e+08	3.866497e-21	3.971193e+02	7.566546e-15
8.901997e+00	-2.044831e+01	7.979884e+08	3.561994e-21	4.077712e+02	6.970649e-15
8.913805e+00	-2.048490e+01	8.199827e+08	3.274161e-21	4.190102e+02	6.407374e-15
8.925300e+00	-2.052052e+01	8.419770e+08	3.016307e-21	4.302493e+02	5.902767e-15
8.937108e+00	-2.055712e+01	8.651837e+08	2.772570e-21	4.421079e+02	5.425784e-15
8.948604e+00	-2.059274e+01	8.883904e+08	2.554218e-21	4.539665e+02	4.998481e-15
8.960412e+00	-2.062934e+01	9.128764e+08	2.347820e-21	4.664788e+02	4.594570e-15
8.971908e+00	-2.066496e+01	9.373624e+08	2.162920e-21	4.789912e+02	4.232729e-15
8.983716e+00	-2.070155e+01	9.631981e+08	1.988141e-21	4.921932e+02	3.890696e-15
8.995211e+00	-2.073718e+01	9.890339e+08	1.831567e-21	5.053952e+02	3.584287e-15
9.007019e+00	-2.077377e+01	1.016294e+09	1.683564e-21	5.193250e+02	3.294653e-15
9.018515e+00	-2.080939e+01	1.043554e+09	1.550976e-21	5.332548e+02	3.035185e-15
9.030323e+00	-2.084599e+01	1.072316e+09	1.425647e-21	5.479525e+02	2.789922e-15
9.041818e+00	-2.088161e+01	1.101079e+09	1.313372e-21	5.626502e+02	2.570204e-15
9.053627e+00	-2.091821e+01	1.131427e+09	1.207242e-21	5.781581e+02	2.362515e-15
9.065122e+00	-2.095383e+01	1.161775e+09	1.112167e-21	5.936659e+02	2.176457e-15
9.076930e+00	-2.099042e+01	1.193796e+09	1.022296e-21	6.100287e+02	2.000584e-15
9.088426e+00	-2.102605e+01	1.225817e+09	9.417864e-22	6.263914e+02	1.843030e-15
9.100234e+00	-2.106264e+01	1.259604e+09	8.656838e-22	6.436561e+02	1.694101e-15
9.111729e+00	-2.109827e+01	1.293390e+09	7.975075e-22	6.609208e+02	1.560683e-15
9.123538e+00	-2.113486e+01	1.329039e+09	7.330636e-22	6.791372e+02	1.434570e-15
9.135033e+00	-2.117048e+01	1.364687e+09	6.753318e-22	6.973537e+02	1.321591e-15
9.146841e+00	-2.120708e+01	1.402301e+09	6.207605e-22	7.165743e+02	1.214798e-15
9.158337e+00	-2.124270e+01	1.439915e+09	5.718730e-22	7.357948e+02	1.119128e-15
9.170145e+00	-2.127929e+01	1.479602e+09	5.256619e-22	7.560750e+02	1.028695e-15
9.181640e+00	-2.131492e+01	1.519289e+09	4.842638e-22	7.763551e+02	9.476807e-16
9.193449e+00	-2.135151e+01	1.561164e+09	4.451321e-22	7.977531e+02	8.711018e-16
9.204944e+00	-2.138714e+01	1.603039e+09	4.100760e-22	8.191512e+02	8.024989e-16
9.216752e+00	-2.142373e+01	1.647222e+09	3.769392e-22	8.417288e+02	7.376516e-16
9.228248e+00	-2.145935e+01	1.691405e+09	3.472536e-22	8.643064e+02	6.795585e-16
9.240056e+00	-2.149595e+01	1.738024e+09	3.191932e-22	8.881285e+02	6.246456e-16
9.251551e+00	-2.153157e+01	1.784643e+09	2.940554e-22	9.119507e+02	5.754522e-16
9.263360e+00	-2.156816e+01	1.833832e+09	2.702938e-22	9.370861e+02	5.289518e-16
9.274855e+00	-2.160379e+01	1.883021e+09	2.490070e-22	9.622214e+02	4.872946e-16
9.286663e+00	-2.164038e+01	1.934921e+09	2.288856e-22	9.887424e+02	4.479180e-16
9.298159e+00	-2.167601e+01	1.986821e+09	2.108599e-22	1.015263e+03	4.126426e-16
9.309967e+00	-2.171260e+01	2.041582e+09	1.938210e-22	1.043246e+03	3.792983e-16
9.321462e+00	-2.174822e+01	2.096343e+09	1.785568e-22	1.071229e+03	3.494270e-16
9.333270e+00	-2.178482e+01	2.154123e+09	1.641282e-22	1.100754e+03	3.211910e-16
9.344766e+00	-2.182044e+01	2.211903e+09	1.512024e-22	1.130280e+03	2.958958e-16
9.356574e+00	-2.185703e+01	2.272868e+09	1.389843e-22	1.161433e+03	2.719855e-16
9.368070e+00	-2.189266e+01	2.333832e+09	1.280387e-22	1.192586e+03	2.505655e-16
9.379878e+00	-2.192925e+01	2.398158e+09	1.176923e-22	1.225456e+03	2.303181e-16
9.391373e+00	-2.196488e+01	2.462483e+09	1.084235e-22	1.258326e+03	2.121796e-16
9.403181e+00	-2.200147e+01	2.530355e+09	9.966220e-23	1.293009e+03	1.950341e-16
9.414677e+00	-2.203709e+01	2.598226e+09	9.181339e-23	1.327691e+03	1.796743e-16
9.426485e+00	-2.207369e+01	2.669839e+09	8.439425e-23	1.364285e+03	1.651554e-16
9.437981e+00	-2.210931e+01	2.741452e+09	7.774785e-23	1.400879e+03	1.521488e-16
9.449789e+00	-2.214590e+01	2.817012e+09	7.146531e-23	1.439490e+03	1.398541e-16
9.461284e+00	-2.218153e+01	2.892573e+09	6.583712e-23	1.478102e+03	1.288400e-16
9.473092e+00	-2.221812e+01	2.972298e+09	6.051704e-23	1.518841e+03	1.184289e-16
9.484588e+00	-2.225375e+01	3.052024e+09	5.575107e-23	1.559581e+03	1.091021e-16
9.496396e+00	-2.229034e+01	3.136145e+09	5.124601e-23	1.602566e+03	1.002860e-16
9.507892e+00	-2.232596e+01	3.220265e+09	4.721017e-23	1.645552e+03	9.238801e-17
9.519700e+00	-2.236256e+01	3.309023e+09	4.339528e-23	1.690907e+03	8.492245e-17
9.531195e+00	-2.239818e+01	3.397780e+09	3.997772e-23	1.736262e+03	7.823445e-17
9.543003e+00	-2.243478e+01	3.491430e+09	3.674725e-23	1.784117e+03	7.191259e-17
9.554499e+00	-2.247040e+01	3.585081e+09	3.385325e-23	1.831972e+03	6.624917e-17
9.566307e+00	-2.250699e+01	3.683893e+09	3.111769e-23	1.882465e+03	6.089580e-17
9.577803e+00	-2.254262e+01	3.782706e+09	2.866704e-23	1.932959e+03	5.610000e-17
9.589611e+00	-2.257921e+01	3.886966e+09	2.635055e-23	1.986235e+03	5.156674e-17
9.601106e+00	-2.261483e+01	3.991225e+09	2.427533e-23	2.039512e+03	4.750565e-17
9.612914e+00	-2.265143e+01	4.101232e+09	2.231373e-23	2.095725e+03	4.366687e-17
9.624410e+00	-2.268705e+01	4.211239e+09	2.055643e-23	2.151939e+03	4.022793e-17
9.636218e+00	-2.272365e+01	4.327310e+09	1.889533e-23	2.211251e+03	3.697724e-17
9.647714e+00	-2.275927e+01	4.443381e+09	1.740724e-23	2.270563e+03	3.406513e-17
9.659522e+00	-2.279586e+01	4.565850e+09	1.600062e-23	2.333144e+03	3.131244e-17
9.671017e+00	-2.283149e+01	4.688319e+09	1.474051e-23	2.395726e+03	2.884645e-17
9.682825e+00	-2.286808e+01	4.817540e+09	1.354938e-23	2.461758e+03	2.651547e-17
9.694321e+00	-2.290371e+01	4.946760e+09	1.248231e-23	2.527789e+03	2.442726e-17
9.706129e+00	-2.294030e+01	5.083104e+09	1.147365e-23	2.597460e+03	2.245338e-17
9.717625e+00	-2.297592e+01	5.219447e+09	1.057005e-23	2.667132e+03	2.068508e-17
9.729433e+00	-2.301252e+01	5.363307e+09	9.715923e-24	2.740644e+03	1.901359e-17
9.740928e+00	-2.304814e+01	5.507166e+09	8.950754e-24	2.814156e+03	1.751619e-17
9.752736e+00	-2.308473e+01	5.658956e+09	8.227473e-24	2.891720e+03	1.610076e-17
9.764232e+00	-2.312036e+01	5.810745e+09	7.579525e-24	2.969284e+03	1.483276e-17
9.776040e+00	-2.315695e+01	5.970902e+09	6.967049e-24	3.051124e+03	1.363418e-17
9.787535e+00	-2.319258e+01	6.131059e+09	6.418365e-24	3.132964e+03	1.256043e-17
9.799344e+00	-2.322917e+01	6.300044e+09	5.899718e-24	3.219316e+03	1.154546e-17
9.810839e+00	-2.326479e+01	6.469030e+09	5.435091e-24	3.305667e+03	1.063621e-17
9.822647e+00	-2.330139e+01	6.647330e+09	4.995899e-24	3.396778e+03	9.776732e-18
9.834143e+00	-2.333701e+01	6.825631e+09	4.602451e-24	3.487890e+03	9.006773e-18
9.845951e+00	-2.337360e+01	7.013760e+09	4.230543e-24	3.584024e+03	8.278966e-18
9.857446e+00	-2.340923e+01	7.201889e+09	3.897370e-24	3.680158e+03	7.626963e-18
9.869255e+00	-2.344582e+01	7.400389e+09	3.582436e-24	3.781591e+03	7.010654e-18
9.880750e+00	-2.348145e+01	7.598889e+09	3.300305e-24	3.883024e+03	6.458535e-18
9.892558e+00	-2.351804e+01	7.808331e+09	3.033618e-24	3.990049e+03	5.936643e-18
9.904054e+00	-2.355366e+01	8.017773e+09	2.794708e-24	4.097073e+03	5.469107e-18
9.915862e+00	-2.359026e+01	8.238760e+09	2.568877e-24	4.209998e+03	5.027167e-18
9.927357e+00	-2.362588e+01	8.459748e+09	2.366567e-24	4.322922e+03	4.631257e-18
9.939166e+00	-2.366247e+01	8.692917e+09	2.175333e-24	4.442071e+03	4.257020e-18
9.950661e+00	-2.369810e+01	8.926086e+09	2.004016e-24	4.561220e+03	3.921762e-18
9.962469e+00	-2.373469e+01	9.172109e+09	1.842078e-24	4.686937e+03	3.604858e-18
9.973965e+00	-2.377032e+01	9.418131e+09	1.697007e-24	4.812655e+03	3.320960e-18
9.985773e+00	-2.380691e+01	9.677715e+09	1.559877e-24	4.945302e+03	3.052604e-18
9.997268e+00	-2.384253e+01	9.937300e+09	1.437031e-24	5.077949e+03	2.812199e-18
1.000908e+01	-2.387913e+01	1.021119e+10	1.320909e-24	5.217909e+03	2.584955e-18
1.002057e+01	-2.391475e+01	1.048509e+10	1.216882e-24	5.357868e+03	2.381379e-18
1.003238e+01	-2.395134e+01	1.077408e+10	1.118550e-24	5.505543e+03	2.188947e-18
1.004388e+01	-2.398697e+01	1.106307e+10	1.030459e-24	5.653217e+03	2.016559e-18
1.005568e+01	-2.402356e+01	1.136799e+10	9.471913e-25	5.809032e+03	1.853607e-18
1.006718e+01	-2.405919e+01	1.167292e+10	8.725960e-25	5.964847e+03	1.707628e-18
1.007899e+01	-2.409578e+01	1.199465e+10	8.020844e-25	6.129251e+03	1.569640e-18
1.009048e+01	-2.413140e+01	1.231638e+10	7.389169e-25	6.293656e+03	1.446024e-18
1.010229e+01	-2.416800e+01	1.265584e+10	6.792075e-25	6.467123e+03	1.329176e-18
1.011379e+01	-2.420362e+01	1.299531e+10	6.257171e-25	6.640590e+03	1.224498e-18
1.012559e+01	-2.424022e+01	1.335349e+10	5.751550e-25	6.823619e+03	1.125550e-18
1.013709e+01	-2.427584e+01	1.371167e+10	5.298591e-25	7.006648e+03	1.036909e-18
1.014890e+01	-2.431243e+01	1.408959e+10	4.870430e-25	7.199766e+03	9.531194e-19
1.016039e+01	-2.434806e+01	1.446752e+10	4.486863e-25	7.392885e+03	8.780573e-19
1.017220e+01	-2.438465e+01	1.486627e+10	4.124295e-25	7.596649e+03	8.071044e-19
1.018370e+01	-2.442027e+01	1.526503e+10	3.799489e-25	7.800413e+03	7.435416e-19
1.019551e+01	-2.445687e+01	1.568577e+10	3.492465e-25	8.015410e+03	6.834585e-19
1.020700e+01	-2.000000e+02	1.610650e+10	1.000000e-200	8.230406e+03	1.956951e-194
1.021881e+01	-2.000000e+02	1.655043e+10	1.000000e-200	8.457254e+03	1.956951e-194
1.023030e+01	-2.000000e+02	1.699436e+10	1.000000e-200	8.684102e+03	1.956951e-194
1.024211e+01	-2.000000e+02	1.746277e+10	1.000000e-200	8.923455e+03	1.956951e-194
1.025361e+01	-2.000000e+02	1.793117e+10	1.000000e-200	9.162808e+03	1.956951e-194
1.026542e+01	-2.000000e+02	1.842539e+10	1.000000e-200	9.415355e+03	1.956951e-194
1.027691e+01	-2.000000e+02	1.891961e+10	1.000000e-200	9.667902e+03	1.956951e-194
1.028872e+01	-2.000000e+02	1.944108e+10	1.000000e-200	9.934370e+03	1.956951e-194
1.030022e+01	-2.000000e+02	1.996255e+10	1.000000e-200	1.020084e+04	1.956951e-194
1.031202e+01	-2.000000e+02	2.051276e+10	1.000000e-200	1.048200e+04	1.956951e-194
1.032352e+01	-2.000000e+02	2.106297e+10	1.000000e-200	1.076315e+04	1.956951e-194
1.033533e+01	-2.000000e+02	2.164351e+10	1.000000e-200	1.105981e+04	1.956951e-194
1.034682e+01	-2.000000e+02	2.222405e+10	1.000000e-200	1.135647e+04	1.956951e-194
1.035863e+01	-2.000000e+02	2.283659e+10	1.000000e-200	1.166947e+04	1.956951e-194
1.037013e+01	-2.000000e+02	2.344914e+10	1.000000e-200	1.198248e+04	1.956951e-194
1.038193e+01	-2.000000e+02	2.409545e+10	1.000000e-200	1.231275e+04	1.956951e-194
1.039343e+01	-2.000000e+02	2.474176e+10	1.000000e-200	1.264301e+04	1.956951e-194
1.040524e+01	-2.000000e+02	2.542369e+10	1.000000e-200	1.299148e+04	1.956951e-194
1.041673e+01	-2.000000e+02	2.610563e+10	1.000000e-200	1.333995e+04	1.956951e-194
1.042854e+01	-2.000000e+02	2.682516e+10	1.000000e-200	1.370763e+04	1.956951e-194
1.044004e+01	-2.000000e+02	2.754469e+10	1.000000e-200	1.407531e+04	1.956951e-194
1.045185e+01	-2.000000e+02	2.830388e+10	1.000000e-200	1.446325e+04	1.956951e-194
1.046334e+01	-2.000000e+02	2.906307e+10	1.000000e-200	1.485120e+04	1.956951e-194
1.047515e+01	-2.000000e+02	2.986411e+10	1.000000e-200	1.526053e+04	1.956951e-194
1.048665e+01	-2.000000e+02	3.066515e+10	1.000000e-200	1.566986e+04	1.956951e-194
1.049845e+01	-2.000000e+02	3.151035e+10	1.000000e-200	1.610176e+04	1.956951e-194
1.050995e+01	-2.000000e+02	3.235555e+10	1.000000e-200	1.653365e+04	1.956951e-194
1.052176e+01	-2.000000e+02	3.324734e+10	1.000000e-200	1.698936e+04	1.956951e-194
1.053325e+01	-2.000000e+02	3.413913e+10	1.000000e-200	1.744506e+04	1.956951e-194
1.054506e+01	-2.000000e+02	3.508008e+10	1.000000e-200	1.792588e+04	1.956951e-194
1.055656e+01	-2.000000e+02	3.602103e+10	1.000000e-200	1.840671e+04	1.956951e-194
1.056836e+01	-2.000000e+02	3.701385e+10	1.000000e-200	1.891404e+04	1.956951e-194
1.057986e+01	-2.000000e+02	3.800667e+10	1.000000e-200	1.942137e+04	1.956951e-194
1.059167e+01	-2.000000e+02	3.905421e+10	1.000000e-200	1.995666e+04	1.956951e-194
1.060316e+01	-2.000000e+02	4.010176e+10	1.000000e-200	2.049196e+04	1.956951e-194
1.061497e+01	-2.000000e+02	4.120705e+10	1.000000e-200	2.105676e+04	1.956951e-194
1.062647e+01	-2.000000e+02	4.231234e+10	1.000000e-200	2.162156e+04	1.956951e-194
1.063828e+01	-2.000000e+02	4.347857e+10	1.000000e-200	2.221750e+04	1.956951e-194
1.064977e+01	-2.000000e+02	4.464479e+10	1.000000e-200	2.281344e+04	1.956951e-194
1.066158e+01	-2.000000e+02	4.587529e+10	1.000000e-200	2.344223e+04	1.956951e-194
1.067307e+01	-2.000000e+02	4.710580e+10	1.000000e-200	2.407101e+04	1.956951e-194
1.068488e+01	-2.000000e+02	4.840414e+10	1.000000e-200	2.473446e+04	1.956951e-194
1.069638e+01	-2.000000e+02	4.970248e+10	1.000000e-200	2.539791e+04	1.956951e-194
1.070819e+01	-2.000000e+02	5.107239e+10	1.000000e-200	2.609794e+04	1.956951e-194
1.071968e+01	-2.000000e+02	5.244230e+10	1.000000e-200	2.679796e+04	1.956951e-194
1.073149e+01	-2.000000e+02	5.388772e+10	1.000000e-200	2.753657e+04	1.956951e-194
1.074299e+01	-2.000000e+02	5.533315e+10	1.000000e-200	2.827518e+04	1.956951e-194
1.075479e+01	-2.000000e+02	5.685825e+10	1.000000e-200	2.905450e+04	1.956951e-194
1.076629e+01	-2.000000e+02	5.838335e+10	1.000000e-200	2.983383e+04	1.956951e-194
1.077810e+01	-2.000000e+02	5.999252e+10	1.000000e-200	3.065611e+04	1.956951e-194
1.078959e+01	-2.000000e+02	6.160170e+10	1.000000e-200	3.147840e+04	1.956951e-194
1.080140e+01	-2.000000e+02	6.329958e+10	1.000000e-200	3.234601e+04	1.956951e-194
1.081290e+01	-2.000000e+02	6.499745e+10	1.000000e-200	3.321363e+04	1.956951e-194
1.082470e+01	-2.000000e+02	6.678892e+10	1.000000e-200	3.412907e+04	1.956951e-194
1.083620e+01	-2.000000e+02	6.858040e+10	1.000000e-200	3.504451e+04	1.956951e-194
1.084801e+01	-2.000000e+02	7.047062e+10	1.000000e-200	3.601041e+04	1.956951e-194
1.085950e+01	-2.000000e+02	7.236085e+10	1.000000e-200	3.697631e+04	1.956951e-194
1.087131e+01	-2.000000e+02	7.435527e+10	1.000000e-200	3.799546e+04	1.956951e-194
1.088281e+01	-2.000000e+02	7.634969e+10	1.000000e-200	3.901461e+04	1.956951e-194
1.089462e+01	-2.000000e+02	7.845406e+10	1.000000e-200	4.008994e+04	1.956951e-194
1.090611e+01	-2.000000e+02	8.055842e+10	1.000000e-200	4.116527e+04	1.956951e-194
1.091792e+01	-2.000000e+02	8.277879e+10	1.000000e-200	4.229987e+04	1.956951e-194
1.092941e+01	-2.000000e+02	8.499916e+10	1.000000e-200	4.343448e+04	1.956951e-194
1.094122e+01	-2.000000e+02	8.734192e+10	1.000000e-200	4.463163e+04	1.956951e-194
1.095272e+01	-2.000000e+02	8.968468e+10	1.000000e-200	4.582877e+04	1.956951e-194
1.096453e+01	-2.000000e+02	9.215659e+10	1.000000e-200	4.709192e+04	1.956951e-194
1.097602e+01	-2.000000e+02	9.462849e+10	1.000000e-200	4.835506e+04	1.956951e-194
1.098783e+01	-2.000000e+02	9.723666e+10	1.000000e-200	4.968783e+04	1.956951e-194
1.099933e+01	-2.000000e+02	9.984483e+10	1.000000e-200	5.102060e+04	1.956951e-194
1.101113e+01	-2.000000e+02	1.025968e+11	1.000000e-200	5.242684e+04	1.956951e-194
1.102263e+01	-2.000000e+02	1.053487e+11	1.000000e-200	5.383308e+04	1.956951e-194
1.103444e+01	-2.000000e+02	1.082524e+11	1.000000e-200	5.531684e+04	1.956951e-194
1.104593e+01	-2.000000e+02	1.111560e+11	1.000000e-200	5.680059e+04	1.956951e-194
1.105774e+01	-2.000000e+02	1.142197e+11	1.000000e-200	5.836614e+04	1.956951e-194
1.106924e+01	-2.000000e+02	1.172834e+11	1.000000e-200	5.993169e+04	1.956951e-194
1.108104e+01	-2.000000e+02	1.205160e+11	1.000000e-200	6.158354e+04	1.956951e-194
1.109254e+01	-2.000000e+02	1.237486e+11	1.000000e-200	6.323539e+04	1.956951e-194
1.110435e+01	-2.000000e+02	1.271594e+11	1.000000e-200	6.497829e+04	1.956951e-194
1.111584e+01	-2.000000e+02	1.305701e+11	1.000000e-200	6.672120e+04	1.956951e-194
1.112765e+01	-2.000000e+02	1.341689e+11	1.000000e-200	6.856018e+04	1.956951e-194
1.113915e+01	-2.000000e+02	1.377677e+11	1.000000e-200	7.039916e+04	1.956951e-194
1.115096e+01	-2.000000e+02	1.415649e+11	1.000000e-200	7.233952e+04	1.956951e-194
1.116245e+01	-2.000000e+02	1.453621e+11	1.000000e-200	7.427987e+04	1.956951e-194
1.117426e+01	-2.000000e+02	1.493686e+11	1.000000e-200	7.632719e+04	1.956951e-194
1.118575e+01	-2.000000e+02	1.533751e+11	1.000000e-200	7.837450e+04	1.956951e-194
1.119756e+01	-2.000000e+02	1.576024e+11	1.000000e-200	8.053468e+04	1.956951e-194
1.120906e+01	-2.000000e+02	1.618298e+11	1.000000e-200	8.269485e+04	1.956951e-194
1.122087e+01	-2.000000e+02	1.662902e+11	1.000000e-200	8.497410e+04	1.956951e-194
1.123236e+01	-2.000000e+02	1.707506e+11	1.000000e-200	8.725335e+04	1.956951e-194
1.124417e+01	-2.000000e+02	1.754568e+11	1.000000e-200	8.965824e+04	1.956951e-194
1.125567e+01	-2.000000e+02	1.801631e+11	1.000000e-200	9.206314e+04	1.956951e-194
1.126747e+01	-2.000000e+02	1.851288e+11	1.000000e-200	9.460060e+04	1.956951e-194
1.127897e+01	-2.000000e+02	1.900945e+11	1.000000e-200	9.713806e+04	1.956951e-194
1.129078e+01	-2.000000e+02	1.953339e+11	1.000000e-200	9.981540e+04	1.956951e-194
1.130227e+01	-2.000000e+02	2.005733e+11	1.000000e-200	1.024927e+05	1.956951e-194
1.131408e+01	-2.000000e+02	2.061015e+11	1.000000e-200	1.053177e+05	1.956951e-194
1.132558e+01	-2.000000e+02	2.116298e+11	1.000000e-200	1.081426e+05	1.956951e-194
1.133738e+01	-2.000000e+02	2.174628e+11	1.000000e-200	1.111232e+05	1.956951e-194
1.134888e+01	-2.000000e+02	2.232957e+11	1.000000e-200	1.141039e+05	1.956951e-194
1.136069e+01	-2.000000e+02	2.294503e+11	1.000000e-200	1.172488e+05	1.956951e-194
1.137218e+01	-2.000000e+02	2.356048e+11	1.000000e-200	1.203938e+05	1.956951e-194
1.138399e+01	-2.000000e+02	2.420986e+11	1.000000e-200	1.237121e+05	1.956951e-194
1.139549e+01	-2.000000e+02	2.485923e+11	1.000000e-200	1.270304e+05	1.956951e-194
1.140730e+01	-2.000000e+02	2.554441e+11	1.000000e-200	1.305316e+05	1.956951e-194
1.141879e+01	-2.000000e+02	2.622958e+11	1.000000e-200	1.340329e+05	1.956951e-194
1.143060e+01	-2.000000e+02	2.695253e+11	1.000000e-200	1.377271e+05	1.956951e-194
1.144210e+01	-2.000000e+02	2.767547e+11	1.000000e-200	1.414214e+05	1.956951e-194
1.145390e+01	-2.000000e+02	2.843827e+11	1.000000e-200	1.453192e+05	1.956951e-194
1.146540e+01	-2.000000e+02	2.920107e+11	1.000000e-200	1.492171e+05	1.956951e-194
1.147721e+01	-2.000000e+02	3.000591e+11	1.000000e-200	1.533299e+05	1.956951e-194
1.148870e+01	-2.000000e+02	3.081076e+11	1.000000e-200	1.574426e+05	1.956951e-194
1.150051e+01	-2.000000e+02	3.165997e+11	1.000000e-200	1.617821e+05	1.956951e-194
1.151201e+01	-2.000000e+02	3.250918e+11	1.000000e-200	1.661216e+05	1.956951e-194
1.152381e+01	-2.000000e+02	3.340520e+11	1.000000e-200	1.707002e+05	1.956951e-194
1.153531e+01	-2.000000e+02	3.430123e+11	1.000000e-200	1.752789e+05	1.956951e-194
1.154712e+01	-2.000000e+02	3.524665e+11	1.000000e-200	1.801100e+05	1.956951e-194
1.155861e+01	-2.000000e+02	3.619206e+11	1.000000e-200	1.849410e+05	1.956951e-194
1.157042e+01	-2.000000e+02	3.718959e+11	1.000000e-200	1.900384e+05	1.956951e-194
1.158192e+01	-2.000000e+02	3.818713e+11	1.000000e-200	1.951358e+05	1.956951e-194
1.159373e+01	-2.000000e+02	3.923965e+11	1.000000e-200	2.005142e+05	1.956951e-194
1.160522e+01	-2.000000e+02	4.029217e+11	1.000000e-200	2.058925e+05	1.956951e-194
1.161703e+01	-2.000000e+02	4.140271e+11	1.000000e-200	2.115674e+05	1.956951e-194
1.162852e+01	-2.000000e+02	4.251325e+11	1.000000e-200	2.172422e+05	1.956951e-194
1.164033e+01	-2.000000e+02	4.368501e+11	1.000000e-200	2.232299e+05	1.956951e-194
1.165183e+01	-2.000000e+02	4.485677e+11	1.000000e-200	2.292176e+05	1.956951e-194
