########################################################################
#_src is in the AGN rest frame:cosmo                 
#nu_src  nuFnu_somma_src  nuFnu_Sync_src nuFnu_SSC_src nu_Fnu_Disk_src  nu_Fnu_DT_src nu_Fnu_Star_src nu_Fnu_EC_Disk_src nu_Fnu_EC_BLR_src nu_Fnu_EC_DT_src nu_Fnu_EC_Star_src nu_Fnu_EC_CMB_src  
########################################################################
6.0132e+00	 -6.5673e+01	 -6.5673e+01	 -6.5673e+01	 -6.5673e+01	 -6.5673e+01	 -6.5673e+01	 -6.5673e+01	 -6.5673e+01	 -6.5673e+01	 -6.5673e+01	 -6.5673e+01	 -6.5673e+01
6.1332e+00	 -6.5673e+01	 -6.5673e+01	 -6.5673e+01	 -6.5673e+01	 -6.5673e+01	 -6.5673e+01	 -6.5673e+01	 -6.5673e+01	 -6.5673e+01	 -6.5673e+01	 -6.5673e+01	 -6.5673e+01
6.2532e+00	 -6.5673e+01	 -6.5673e+01	 -6.5673e+01	 -6.5673e+01	 -6.5673e+01	 -6.5673e+01	 -6.5673e+01	 -6.5673e+01	 -6.5673e+01	 -6.5673e+01	 -6.5673e+01	 -6.5673e+01
6.3732e+00	 -6.5673e+01	 -6.5673e+01	 -6.5673e+01	 -6.5673e+01	 -6.5673e+01	 -6.5673e+01	 -6.5673e+01	 -6.5673e+01	 -6.5673e+01	 -6.5673e+01	 -6.5673e+01	 -6.5673e+01
6.4932e+00	 -6.5673e+01	 -6.5673e+01	 -6.5673e+01	 -6.5673e+01	 -6.5673e+01	 -6.5673e+01	 -6.5673e+01	 -6.5673e+01	 -6.5673e+01	 -6.5673e+01	 -6.5673e+01	 -6.5673e+01
6.6132e+00	 -6.5673e+01	 -6.5673e+01	 -6.5673e+01	 -6.5673e+01	 -6.5673e+01	 -6.5673e+01	 -6.5673e+01	 -6.5673e+01	 -6.5673e+01	 -6.5673e+01	 -6.5673e+01	 -6.5673e+01
6.7332e+00	 -6.5673e+01	 -6.5673e+01	 -6.5673e+01	 -6.5673e+01	 -6.5673e+01	 -6.5673e+01	 -6.5673e+01	 -6.5673e+01	 -6.5673e+01	 -6.5673e+01	 -6.5673e+01	 -6.5673e+01
6.8532e+00	 -6.5673e+01	 -6.5673e+01	 -6.5673e+01	 -6.5673e+01	 -6.5673e+01	 -6.5673e+01	 -6.5673e+01	 -6.5673e+01	 -6.5673e+01	 -6.5673e+01	 -6.5673e+01	 -6.5673e+01
6.9732e+00	 -6.5673e+01	 -6.5673e+01	 -6.5673e+01	 -6.5673e+01	 -6.5673e+01	 -6.5673e+01	 -6.5673e+01	 -6.5673e+01	 -6.5673e+01	 -6.5673e+01	 -6.5673e+01	 -6.5673e+01
7.0932e+00	 -6.5673e+01	 -6.5673e+01	 -6.5673e+01	 -6.5673e+01	 -6.5673e+01	 -6.5673e+01	 -6.5673e+01	 -6.5673e+01	 -6.5673e+01	 -6.5673e+01	 -6.5673e+01	 -6.5673e+01
7.2132e+00	 -6.5673e+01	 -6.5673e+01	 -6.5673e+01	 -6.5673e+01	 -6.5673e+01	 -6.5673e+01	 -6.5673e+01	 -6.5673e+01	 -6.5673e+01	 -6.5673e+01	 -6.5673e+01	 -6.5673e+01
7.3332e+00	 -6.5673e+01	 -6.5673e+01	 -6.5673e+01	 -6.5673e+01	 -6.5673e+01	 -6.5673e+01	 -6.5673e+01	 -6.5673e+01	 -6.5673e+01	 -6.5673e+01	 -6.5673e+01	 -6.5673e+01
7.4532e+00	 3.4191e+01	 3.4191e+01	 -6.5673e+01	 -6.5673e+01	 -6.5673e+01	 -6.5673e+01	 -6.5673e+01	 -6.5673e+01	 -6.5673e+01	 -6.5673e+01	 -6.5673e+01	 -6.5673e+01
7.5732e+00	 3.4551e+01	 3.4551e+01	 -6.5673e+01	 -6.5673e+01	 -6.5673e+01	 -6.5673e+01	 -6.5673e+01	 -6.5673e+01	 -6.5673e+01	 -6.5673e+01	 -6.5673e+01	 -6.5673e+01
7.6932e+00	 3.4911e+01	 3.4911e+01	 -6.5673e+01	 -6.5673e+01	 -6.5673e+01	 -6.5673e+01	 -6.5673e+01	 -6.5673e+01	 -6.5673e+01	 -6.5673e+01	 -6.5673e+01	 -6.5673e+01
7.8132e+00	 3.5271e+01	 3.5271e+01	 -6.5673e+01	 -6.5673e+01	 -6.5673e+01	 -6.5673e+01	 -6.5673e+01	 -6.5673e+01	 -6.5673e+01	 -6.5673e+01	 -6.5673e+01	 -6.5673e+01
7.9332e+00	 3.5631e+01	 3.5631e+01	 -6.5673e+01	 -6.5673e+01	 -6.5673e+01	 -6.5673e+01	 -6.5673e+01	 -6.5673e+01	 -6.5673e+01	 -6.5673e+01	 -6.5673e+01	 -6.5673e+01
8.0532e+00	 3.5991e+01	 3.5991e+01	 -6.5673e+01	 -6.5673e+01	 -6.5673e+01	 -6.5673e+01	 -6.5673e+01	 -6.5673e+01	 -6.5673e+01	 -6.5673e+01	 -6.5673e+01	 -6.5673e+01
8.1732e+00	 3.6351e+01	 3.6351e+01	 -6.5673e+01	 -6.5673e+01	 -6.5673e+01	 -6.5673e+01	 -6.5673e+01	 -6.5673e+01	 -6.5673e+01	 -6.5673e+01	 -6.5673e+01	 -6.5673e+01
8.2932e+00	 3.6711e+01	 3.6711e+01	 -6.5673e+01	 -6.5673e+01	 -6.5673e+01	 -6.5673e+01	 -6.5673e+01	 -6.5673e+01	 -6.5673e+01	 -6.5673e+01	 -6.5673e+01	 -6.5673e+01
8.4132e+00	 3.7070e+01	 3.7070e+01	 -6.5673e+01	 -6.5673e+01	 -6.5673e+01	 -6.5673e+01	 -6.5673e+01	 -6.5673e+01	 -6.5673e+01	 -6.5673e+01	 -6.5673e+01	 -6.5673e+01
8.5332e+00	 3.7430e+01	 3.7430e+01	 -6.5673e+01	 -6.5673e+01	 -6.5673e+01	 -6.5673e+01	 -6.5673e+01	 -6.5673e+01	 -6.5673e+01	 -6.5673e+01	 -6.5673e+01	 -6.5673e+01
8.6532e+00	 3.7789e+01	 3.7789e+01	 -6.5673e+01	 -6.5673e+01	 -6.5673e+01	 -6.5673e+01	 -6.5673e+01	 -6.5673e+01	 -6.5673e+01	 -6.5673e+01	 -6.5673e+01	 -6.5673e+01
8.7732e+00	 3.8144e+01	 3.8144e+01	 -6.5673e+01	 -6.5673e+01	 -6.5673e+01	 -6.5673e+01	 -6.5673e+01	 -6.5673e+01	 -6.5673e+01	 -6.5673e+01	 -6.5673e+01	 -6.5673e+01
8.8932e+00	 3.8499e+01	 3.8499e+01	 -6.5673e+01	 -6.5673e+01	 -6.5673e+01	 -6.5673e+01	 -6.5673e+01	 -6.5673e+01	 -6.5673e+01	 -6.5673e+01	 -6.5673e+01	 -6.5673e+01
9.0132e+00	 3.8832e+01	 3.8832e+01	 -6.5673e+01	 -6.5673e+01	 -6.5673e+01	 -6.5673e+01	 -6.5673e+01	 -6.5673e+01	 -6.5673e+01	 -6.5673e+01	 -6.5673e+01	 -6.5673e+01
9.1332e+00	 3.9165e+01	 3.9165e+01	 -6.5673e+01	 -6.5673e+01	 -6.5673e+01	 -6.5673e+01	 -6.5673e+01	 -6.5673e+01	 -6.5673e+01	 -6.5673e+01	 -6.5673e+01	 -6.5673e+01
9.2532e+00	 3.9443e+01	 3.9443e+01	 -6.5673e+01	 -6.5673e+01	 -6.5673e+01	 -6.5673e+01	 -6.5673e+01	 -6.5673e+01	 -6.5673e+01	 -6.5673e+01	 -6.5673e+01	 -6.5673e+01
9.3732e+00	 3.9716e+01	 3.9716e+01	 -6.5673e+01	 -6.5673e+01	 -6.5673e+01	 -6.5673e+01	 -6.5673e+01	 -6.5673e+01	 -6.5673e+01	 -6.5673e+01	 -6.5673e+01	 -6.5673e+01
9.4932e+00	 3.9940e+01	 3.9940e+01	 -6.5673e+01	 -6.5673e+01	 -6.5673e+01	 -6.5673e+01	 -6.5673e+01	 -6.5673e+01	 -6.5673e+01	 -6.5673e+01	 -6.5673e+01	 -6.5673e+01
9.6132e+00	 4.0155e+01	 4.0155e+01	 -6.5673e+01	 -6.5673e+01	 -6.5673e+01	 -6.5673e+01	 -6.5673e+01	 -6.5673e+01	 -6.5673e+01	 -6.5673e+01	 -6.5673e+01	 -6.5673e+01
9.7332e+00	 4.0345e+01	 4.0345e+01	 -6.5673e+01	 -6.5673e+01	 -6.5673e+01	 -6.5673e+01	 -6.5673e+01	 -6.5673e+01	 -6.5673e+01	 -6.5673e+01	 -6.5673e+01	 -6.5673e+01
9.8532e+00	 4.0528e+01	 4.0528e+01	 -6.5673e+01	 -6.5673e+01	 -6.5673e+01	 -6.5673e+01	 -6.5673e+01	 -6.5673e+01	 -6.5673e+01	 -6.5673e+01	 -6.5673e+01	 -6.5673e+01
9.9732e+00	 4.0700e+01	 4.0700e+01	 -6.5673e+01	 -6.5673e+01	 -6.5673e+01	 -6.5673e+01	 -6.5673e+01	 -6.5673e+01	 -6.5673e+01	 -6.5673e+01	 -6.5673e+01	 -6.5673e+01
1.0093e+01	 4.0869e+01	 4.0869e+01	 -6.5673e+01	 -6.5673e+01	 -6.5673e+01	 -6.5673e+01	 -6.5673e+01	 -6.5673e+01	 -6.5673e+01	 -6.5673e+01	 -6.5673e+01	 -6.5673e+01
1.0213e+01	 4.1033e+01	 4.1033e+01	 -6.5673e+01	 -6.5673e+01	 -6.5673e+01	 -6.5673e+01	 -6.5673e+01	 -6.5673e+01	 -6.5673e+01	 -6.5673e+01	 -6.5673e+01	 -6.5673e+01
1.0333e+01	 4.1195e+01	 4.1195e+01	 -6.5673e+01	 -6.5673e+01	 -6.5673e+01	 -6.5673e+01	 -6.5673e+01	 -6.5673e+01	 -6.5673e+01	 -6.5673e+01	 -6.5673e+01	 -6.5673e+01
1.0453e+01	 4.1356e+01	 4.1356e+01	 -6.5673e+01	 -6.5673e+01	 -6.5673e+01	 -6.5673e+01	 -6.5673e+01	 -6.5673e+01	 -6.5673e+01	 -6.5673e+01	 -6.5673e+01	 -6.5673e+01
1.0573e+01	 4.1515e+01	 4.1515e+01	 -6.5673e+01	 -6.5673e+01	 -6.5673e+01	 -6.5673e+01	 -6.5673e+01	 -6.5673e+01	 -6.5673e+01	 -6.5673e+01	 -6.5673e+01	 -6.5673e+01
1.0693e+01	 4.1673e+01	 4.1673e+01	 -6.5673e+01	 -6.5673e+01	 -6.5673e+01	 -6.5673e+01	 -6.5673e+01	 -6.5673e+01	 -6.5673e+01	 -6.5673e+01	 -6.5673e+01	 -6.5673e+01
1.0813e+01	 4.1831e+01	 4.1831e+01	 -6.5673e+01	 -6.5673e+01	 -6.5673e+01	 -6.5673e+01	 -6.5673e+01	 -6.5673e+01	 -6.5673e+01	 -6.5673e+01	 -6.5673e+01	 -6.5673e+01
1.0933e+01	 4.1987e+01	 4.1987e+01	 -6.5673e+01	 -6.5673e+01	 -6.5673e+01	 -6.5673e+01	 -6.5673e+01	 -6.5673e+01	 -6.5673e+01	 -6.5673e+01	 -6.5673e+01	 -6.5673e+01
1.1053e+01	 4.2143e+01	 4.2143e+01	 -6.5673e+01	 -6.5673e+01	 -6.5673e+01	 -6.5673e+01	 -6.5673e+01	 -6.5673e+01	 -6.5673e+01	 -6.5673e+01	 -6.5673e+01	 -6.5673e+01
1.1173e+01	 4.2297e+01	 4.2297e+01	 -6.5673e+01	 -6.5673e+01	 -6.5673e+01	 -6.5673e+01	 -6.5673e+01	 -6.5673e+01	 -6.5673e+01	 -6.5673e+01	 -6.5673e+01	 -6.5673e+01
1.1293e+01	 4.2450e+01	 4.2450e+01	 -6.5673e+01	 -6.5673e+01	 -6.5673e+01	 -6.5673e+01	 -6.5673e+01	 -6.5673e+01	 -6.5673e+01	 -6.5673e+01	 -6.5673e+01	 -6.5673e+01
1.1413e+01	 4.2602e+01	 4.2602e+01	 -6.5673e+01	 -6.5673e+01	 -6.5673e+01	 -6.5673e+01	 -6.5673e+01	 -6.5673e+01	 -6.5673e+01	 -6.5673e+01	 -6.5673e+01	 -6.5673e+01
1.1533e+01	 4.2752e+01	 4.2752e+01	 -6.5673e+01	 -6.5673e+01	 -6.5673e+01	 -6.5673e+01	 -6.5673e+01	 -6.5673e+01	 -6.5673e+01	 -6.5673e+01	 -6.5673e+01	 -6.5673e+01
1.1653e+01	 4.2900e+01	 4.2900e+01	 -6.5673e+01	 -6.5673e+01	 -6.5673e+01	 -6.5673e+01	 -6.5673e+01	 -6.5673e+01	 -6.5673e+01	 -6.5673e+01	 -6.5673e+01	 -6.5673e+01
1.1773e+01	 4.3044e+01	 4.3044e+01	 -6.5673e+01	 -6.5673e+01	 -6.5673e+01	 -6.5673e+01	 -6.5673e+01	 -6.5673e+01	 -6.5673e+01	 -6.5673e+01	 -6.5673e+01	 -6.5673e+01
1.1893e+01	 4.3186e+01	 4.3186e+01	 -6.5673e+01	 -6.5673e+01	 -6.5673e+01	 -6.5673e+01	 -6.5673e+01	 -6.5673e+01	 -6.5673e+01	 -6.5673e+01	 -6.5673e+01	 -6.5673e+01
1.2013e+01	 4.3321e+01	 4.3321e+01	 -6.5673e+01	 -6.5673e+01	 -6.5673e+01	 -6.5673e+01	 -6.5673e+01	 -6.5673e+01	 -6.5673e+01	 -6.5673e+01	 -6.5673e+01	 -6.5673e+01
1.2133e+01	 4.3456e+01	 4.3456e+01	 -6.5673e+01	 -6.5673e+01	 -6.5673e+01	 -6.5673e+01	 -6.5673e+01	 -6.5673e+01	 -6.5673e+01	 -6.5673e+01	 -6.5673e+01	 -6.5673e+01
1.2253e+01	 4.3577e+01	 4.3577e+01	 -6.5673e+01	 -6.5673e+01	 -6.5673e+01	 -6.5673e+01	 -6.5673e+01	 -6.5673e+01	 -6.5673e+01	 -6.5673e+01	 -6.5673e+01	 -6.5673e+01
1.2373e+01	 4.3698e+01	 4.3698e+01	 -6.5673e+01	 -6.5673e+01	 -6.5673e+01	 -6.5673e+01	 -6.5673e+01	 -6.5673e+01	 -6.5673e+01	 -6.5673e+01	 -6.5673e+01	 -6.5673e+01
1.2493e+01	 4.3800e+01	 4.3800e+01	 -6.5673e+01	 -6.5673e+01	 -6.5673e+01	 -6.5673e+01	 -6.5673e+01	 -6.5673e+01	 -6.5673e+01	 -6.5673e+01	 -6.5673e+01	 -6.5673e+01
1.2613e+01	 4.3900e+01	 4.3900e+01	 -6.5673e+01	 -6.5673e+01	 -6.5673e+01	 -6.5673e+01	 -6.5673e+01	 -6.5673e+01	 -6.5673e+01	 -6.5673e+01	 -6.5673e+01	 -6.5673e+01
1.2733e+01	 4.3974e+01	 4.3974e+01	 -6.5673e+01	 -6.5673e+01	 -6.5673e+01	 -6.5673e+01	 -6.5673e+01	 -6.5673e+01	 -6.5673e+01	 -6.5673e+01	 -6.5673e+01	 -6.5673e+01
1.2853e+01	 4.4046e+01	 4.4046e+01	 -6.5673e+01	 -6.5673e+01	 -6.5673e+01	 -6.5673e+01	 -6.5673e+01	 -6.5673e+01	 -6.5673e+01	 -6.5673e+01	 -6.5673e+01	 -6.5673e+01
1.2973e+01	 4.4088e+01	 4.4088e+01	 -6.5673e+01	 -6.5673e+01	 -6.5673e+01	 -6.5673e+01	 -6.5673e+01	 -6.5673e+01	 -6.5673e+01	 -6.5673e+01	 -6.5673e+01	 -6.5673e+01
1.3093e+01	 4.4124e+01	 4.4124e+01	 -6.5673e+01	 -6.5673e+01	 -6.5673e+01	 -6.5673e+01	 -6.5673e+01	 -6.5673e+01	 -6.5673e+01	 -6.5673e+01	 -6.5673e+01	 -6.5673e+01
1.3213e+01	 4.4137e+01	 4.4137e+01	 -6.5673e+01	 -6.5673e+01	 -6.5673e+01	 -6.5673e+01	 -6.5673e+01	 -6.5673e+01	 -6.5673e+01	 -6.5673e+01	 -6.5673e+01	 -6.5673e+01
1.3333e+01	 4.4144e+01	 4.4144e+01	 -6.5673e+01	 -6.5673e+01	 -6.5673e+01	 -6.5673e+01	 -6.5673e+01	 -6.5673e+01	 -6.5673e+01	 -6.5673e+01	 -6.5673e+01	 -6.5673e+01
1.3453e+01	 4.4143e+01	 4.4143e+01	 3.5153e+01	 -6.5673e+01	 -6.5673e+01	 -6.5673e+01	 -6.5673e+01	 -6.5673e+01	 -6.5673e+01	 -6.5673e+01	 -6.5673e+01	 -6.5673e+01
1.3573e+01	 4.4138e+01	 4.4138e+01	 3.5385e+01	 -6.5673e+01	 -6.5673e+01	 -6.5673e+01	 -6.5673e+01	 -6.5673e+01	 -6.5673e+01	 -6.5673e+01	 -6.5673e+01	 -6.5673e+01
1.3693e+01	 4.4133e+01	 4.4133e+01	 3.5617e+01	 -6.5673e+01	 -6.5673e+01	 -6.5673e+01	 -6.5673e+01	 -6.5673e+01	 -6.5673e+01	 -6.5673e+01	 -6.5673e+01	 -6.5673e+01
1.3813e+01	 4.4127e+01	 4.4127e+01	 3.5849e+01	 -6.5673e+01	 -6.5673e+01	 -6.5673e+01	 -6.5673e+01	 -6.5673e+01	 -6.5673e+01	 -6.5673e+01	 -6.5673e+01	 -6.5673e+01
1.3933e+01	 4.4121e+01	 4.4121e+01	 3.6076e+01	 -6.5673e+01	 -6.5673e+01	 -6.5673e+01	 -6.5673e+01	 -6.5673e+01	 -6.5673e+01	 -6.5673e+01	 -6.5673e+01	 -6.5673e+01
1.4053e+01	 4.4115e+01	 4.4115e+01	 3.6302e+01	 -6.5673e+01	 -6.5673e+01	 -6.5673e+01	 -6.5673e+01	 -6.5673e+01	 -6.5673e+01	 -6.5673e+01	 -6.5673e+01	 -6.5673e+01
1.4173e+01	 4.4109e+01	 4.4109e+01	 3.6528e+01	 -6.5673e+01	 -6.5673e+01	 -6.5673e+01	 -6.5673e+01	 -6.5673e+01	 -6.5673e+01	 -6.5673e+01	 -6.5673e+01	 -6.5673e+01
1.4293e+01	 4.4103e+01	 4.4103e+01	 3.6753e+01	 -6.5673e+01	 -6.5673e+01	 -6.5673e+01	 -6.5673e+01	 -6.5673e+01	 -6.5673e+01	 -6.5673e+01	 -6.5673e+01	 -6.5673e+01
1.4413e+01	 4.4097e+01	 4.4097e+01	 3.6970e+01	 -6.5673e+01	 -6.5673e+01	 -6.5673e+01	 -6.5673e+01	 -6.5673e+01	 -6.5673e+01	 -6.5673e+01	 -6.5673e+01	 -6.5673e+01
1.4533e+01	 4.4092e+01	 4.4092e+01	 3.7186e+01	 -6.5673e+01	 -6.5673e+01	 -6.5673e+01	 -6.5673e+01	 -6.5673e+01	 -6.5673e+01	 -6.5673e+01	 -6.5673e+01	 -6.5673e+01
1.4653e+01	 4.4086e+01	 4.4086e+01	 3.7402e+01	 -6.5673e+01	 -6.5673e+01	 -6.5673e+01	 -6.5673e+01	 -6.5673e+01	 -6.5673e+01	 -6.5673e+01	 -6.5673e+01	 -6.5673e+01
1.4773e+01	 4.4080e+01	 4.4080e+01	 3.7618e+01	 -6.5673e+01	 -6.5673e+01	 -6.5673e+01	 -6.5673e+01	 -6.5673e+01	 -6.5673e+01	 -6.5673e+01	 -6.5673e+01	 -6.5673e+01
1.4893e+01	 4.4074e+01	 4.4074e+01	 3.7820e+01	 -6.5673e+01	 -6.5673e+01	 -6.5673e+01	 -6.5673e+01	 -6.5673e+01	 -6.5673e+01	 -6.5673e+01	 -6.5673e+01	 -6.5673e+01
1.5013e+01	 4.4068e+01	 4.4068e+01	 3.8023e+01	 -6.5673e+01	 -6.5673e+01	 -6.5673e+01	 -6.5673e+01	 -6.5673e+01	 -6.5673e+01	 -6.5673e+01	 -6.5673e+01	 -6.5673e+01
1.5133e+01	 4.4062e+01	 4.4062e+01	 3.8225e+01	 -6.5673e+01	 -6.5673e+01	 -6.5673e+01	 -6.5673e+01	 -6.5673e+01	 -6.5673e+01	 -6.5673e+01	 -6.5673e+01	 -6.5673e+01
1.5253e+01	 4.4056e+01	 4.4056e+01	 3.8424e+01	 -6.5673e+01	 -6.5673e+01	 -6.5673e+01	 -6.5673e+01	 -6.5673e+01	 -6.5673e+01	 -6.5673e+01	 -6.5673e+01	 -6.5673e+01
1.5373e+01	 4.4050e+01	 4.4050e+01	 3.8608e+01	 -6.5673e+01	 -6.5673e+01	 -6.5673e+01	 -6.5673e+01	 -6.5673e+01	 -6.5673e+01	 -6.5673e+01	 -6.5673e+01	 -6.5673e+01
1.5493e+01	 4.4044e+01	 4.4044e+01	 3.8791e+01	 -6.5673e+01	 -6.5673e+01	 -6.5673e+01	 -6.5673e+01	 -6.5673e+01	 -6.5673e+01	 -6.5673e+01	 -6.5673e+01	 -6.5673e+01
1.5613e+01	 4.4038e+01	 4.4038e+01	 3.8975e+01	 -6.5673e+01	 -6.5673e+01	 -6.5673e+01	 -6.5673e+01	 -6.5673e+01	 -6.5673e+01	 -6.5673e+01	 -6.5673e+01	 -6.5673e+01
1.5733e+01	 4.4032e+01	 4.4032e+01	 3.9153e+01	 -6.5673e+01	 -6.5673e+01	 -6.5673e+01	 -6.5673e+01	 -6.5673e+01	 -6.5673e+01	 -6.5673e+01	 -6.5673e+01	 -6.5673e+01
1.5853e+01	 4.4026e+01	 4.4026e+01	 3.9320e+01	 -6.5673e+01	 -6.5673e+01	 -6.5673e+01	 -6.5673e+01	 -6.5673e+01	 -6.5673e+01	 -6.5673e+01	 -6.5673e+01	 -6.5673e+01
1.5973e+01	 4.4020e+01	 4.4020e+01	 3.9486e+01	 -6.5673e+01	 -6.5673e+01	 -6.5673e+01	 -6.5673e+01	 -6.5673e+01	 -6.5673e+01	 -6.5673e+01	 -6.5673e+01	 -6.5673e+01
1.6093e+01	 4.4014e+01	 4.4014e+01	 3.9653e+01	 -6.5673e+01	 -6.5673e+01	 -6.5673e+01	 -6.5673e+01	 -6.5673e+01	 -6.5673e+01	 -6.5673e+01	 -6.5673e+01	 -6.5673e+01
1.6213e+01	 4.4008e+01	 4.4008e+01	 3.9815e+01	 -6.5673e+01	 -6.5673e+01	 -6.5673e+01	 -6.5673e+01	 -6.5673e+01	 -6.5673e+01	 -6.5673e+01	 -6.5673e+01	 -6.5673e+01
1.6333e+01	 4.4002e+01	 4.4002e+01	 3.9972e+01	 -6.5673e+01	 -6.5673e+01	 -6.5673e+01	 -6.5673e+01	 -6.5673e+01	 -6.5673e+01	 -6.5673e+01	 -6.5673e+01	 -6.5673e+01
1.6453e+01	 4.3997e+01	 4.3997e+01	 4.0129e+01	 -6.5673e+01	 -6.5673e+01	 -6.5673e+01	 -6.5673e+01	 -6.5673e+01	 -6.5673e+01	 -6.5673e+01	 -6.5673e+01	 -6.5673e+01
1.6573e+01	 4.3991e+01	 4.3991e+01	 4.0285e+01	 -6.5673e+01	 -6.5673e+01	 -6.5673e+01	 -6.5673e+01	 -6.5673e+01	 -6.5673e+01	 -6.5673e+01	 -6.5673e+01	 -6.5673e+01
1.6693e+01	 4.3985e+01	 4.3985e+01	 4.0438e+01	 -6.5673e+01	 -6.5673e+01	 -6.5673e+01	 -6.5673e+01	 -6.5673e+01	 -6.5673e+01	 -6.5673e+01	 -6.5673e+01	 -6.5673e+01
1.6813e+01	 4.3979e+01	 4.3979e+01	 4.0588e+01	 -6.5673e+01	 -6.5673e+01	 -6.5673e+01	 -6.5673e+01	 -6.5673e+01	 -6.5673e+01	 -6.5673e+01	 -6.5673e+01	 -6.5673e+01
1.6933e+01	 4.3973e+01	 4.3973e+01	 4.0738e+01	 -6.5673e+01	 -6.5673e+01	 -6.5673e+01	 -6.5673e+01	 -6.5673e+01	 -6.5673e+01	 -6.5673e+01	 -6.5673e+01	 -6.5673e+01
1.7053e+01	 4.3967e+01	 4.3967e+01	 4.0888e+01	 -6.5673e+01	 -6.5673e+01	 -6.5673e+01	 -6.5673e+01	 -6.5673e+01	 -6.5673e+01	 -6.5673e+01	 -6.5673e+01	 -6.5673e+01
1.7173e+01	 4.3961e+01	 4.3961e+01	 4.1032e+01	 -6.5673e+01	 -6.5673e+01	 -6.5673e+01	 -6.5673e+01	 -6.5673e+01	 -6.5673e+01	 -6.5673e+01	 -6.5673e+01	 -6.5673e+01
1.7293e+01	 4.3956e+01	 4.3955e+01	 4.1174e+01	 -6.5673e+01	 -6.5673e+01	 -6.5673e+01	 -6.5673e+01	 -6.5673e+01	 -6.5673e+01	 -6.5673e+01	 -6.5673e+01	 -6.5673e+01
1.7413e+01	 4.3950e+01	 4.3949e+01	 4.1316e+01	 -6.5673e+01	 -6.5673e+01	 -6.5673e+01	 -6.5673e+01	 -6.5673e+01	 -6.5673e+01	 -6.5673e+01	 -6.5673e+01	 -6.5673e+01
1.7533e+01	 4.3944e+01	 4.3943e+01	 4.1458e+01	 -6.5673e+01	 -6.5673e+01	 -6.5673e+01	 -6.5673e+01	 -6.5673e+01	 -6.5673e+01	 -6.5673e+01	 -6.5673e+01	 -6.5673e+01
1.7653e+01	 4.3939e+01	 4.3937e+01	 4.1591e+01	 -6.5673e+01	 -6.5673e+01	 -6.5673e+01	 -6.5673e+01	 -6.5673e+01	 -6.5673e+01	 -6.5673e+01	 -6.5673e+01	 -6.5673e+01
1.7773e+01	 4.3934e+01	 4.3931e+01	 4.1722e+01	 -6.5673e+01	 -6.5673e+01	 -6.5673e+01	 -6.5673e+01	 -6.5673e+01	 -6.5673e+01	 -6.5673e+01	 -6.5673e+01	 -6.5673e+01
1.7893e+01	 4.3929e+01	 4.3925e+01	 4.1853e+01	 -6.5673e+01	 -6.5673e+01	 -6.5673e+01	 -6.5673e+01	 -6.5673e+01	 -6.5673e+01	 -6.5673e+01	 -6.5673e+01	 -6.5673e+01
1.8013e+01	 4.3924e+01	 4.3919e+01	 4.1983e+01	 -6.5673e+01	 -6.5673e+01	 -6.5673e+01	 -6.5673e+01	 -6.5673e+01	 -6.5673e+01	 -6.5673e+01	 -6.5673e+01	 -6.5673e+01
1.8133e+01	 4.3920e+01	 4.3913e+01	 4.2098e+01	 -6.5673e+01	 -6.5673e+01	 -6.5673e+01	 -6.5673e+01	 -6.5673e+01	 -6.5673e+01	 -6.5673e+01	 -6.5673e+01	 -6.5673e+01
1.8253e+01	 4.3916e+01	 4.3907e+01	 4.2213e+01	 -6.5673e+01	 -6.5673e+01	 -6.5673e+01	 -6.5673e+01	 -6.5673e+01	 -6.5673e+01	 -6.5673e+01	 -6.5673e+01	 -6.5673e+01
1.8373e+01	 4.3913e+01	 4.3901e+01	 4.2327e+01	 -6.5673e+01	 -6.5673e+01	 -6.5673e+01	 -6.5673e+01	 -6.5673e+01	 -6.5673e+01	 -6.5673e+01	 -6.5673e+01	 -6.5673e+01
1.8493e+01	 4.3910e+01	 4.3896e+01	 4.2439e+01	 -6.5673e+01	 -6.5673e+01	 -6.5673e+01	 -6.5673e+01	 -6.5673e+01	 -6.5673e+01	 -6.5673e+01	 -6.5673e+01	 -6.5673e+01
1.8613e+01	 4.3908e+01	 4.3890e+01	 4.2530e+01	 -6.5673e+01	 -6.5673e+01	 -6.5673e+01	 -6.5673e+01	 -6.5673e+01	 -6.5673e+01	 -6.5673e+01	 -6.5673e+01	 -6.5673e+01
1.8733e+01	 4.3907e+01	 4.3884e+01	 4.2620e+01	 -6.5673e+01	 -6.5673e+01	 -6.5673e+01	 -6.5673e+01	 -6.5673e+01	 -6.5673e+01	 -6.5673e+01	 -6.5673e+01	 -6.5673e+01
1.8853e+01	 4.3906e+01	 4.3878e+01	 4.2711e+01	 -6.5673e+01	 -6.5673e+01	 -6.5673e+01	 -6.5673e+01	 -6.5673e+01	 -6.5673e+01	 -6.5673e+01	 -6.5673e+01	 -6.5673e+01
1.8973e+01	 4.3907e+01	 4.3872e+01	 4.2796e+01	 -6.5673e+01	 -6.5673e+01	 -6.5673e+01	 -6.5673e+01	 -6.5673e+01	 -6.5673e+01	 -6.5673e+01	 -6.5673e+01	 -6.5673e+01
1.9093e+01	 4.3906e+01	 4.3866e+01	 4.2857e+01	 -6.5673e+01	 -6.5673e+01	 -6.5673e+01	 -6.5673e+01	 -6.5673e+01	 -6.5673e+01	 -6.5673e+01	 -6.5673e+01	 -6.5673e+01
1.9213e+01	 4.3907e+01	 4.3860e+01	 4.2919e+01	 -6.5673e+01	 -6.5673e+01	 -6.5673e+01	 -6.5673e+01	 -6.5673e+01	 -6.5673e+01	 -6.5673e+01	 -6.5673e+01	 -6.5673e+01
1.9333e+01	 4.3908e+01	 4.3854e+01	 4.2980e+01	 -6.5673e+01	 -6.5673e+01	 -6.5673e+01	 -6.5673e+01	 -6.5673e+01	 -6.5673e+01	 -6.5673e+01	 -6.5673e+01	 -6.5673e+01
1.9453e+01	 4.3910e+01	 4.3848e+01	 4.3034e+01	 -6.5673e+01	 -6.5673e+01	 -6.5673e+01	 -6.5673e+01	 -6.5673e+01	 -6.5673e+01	 -6.5673e+01	 -6.5673e+01	 -6.5673e+01
1.9573e+01	 4.3910e+01	 4.3842e+01	 4.3072e+01	 -6.5673e+01	 -6.5673e+01	 -6.5673e+01	 -6.5673e+01	 -6.5673e+01	 -6.5673e+01	 -6.5673e+01	 -6.5673e+01	 -6.5673e+01
1.9693e+01	 4.3911e+01	 4.3836e+01	 4.3110e+01	 -6.5673e+01	 -6.5673e+01	 -6.5673e+01	 -6.5673e+01	 -6.5673e+01	 -6.5673e+01	 -6.5673e+01	 -6.5673e+01	 -6.5673e+01
1.9813e+01	 4.3912e+01	 4.3830e+01	 4.3148e+01	 -6.5673e+01	 -6.5673e+01	 -6.5673e+01	 -6.5673e+01	 -6.5673e+01	 -6.5673e+01	 -6.5673e+01	 -6.5673e+01	 -6.5673e+01
1.9933e+01	 4.3913e+01	 4.3824e+01	 4.3180e+01	 -6.5673e+01	 -6.5673e+01	 -6.5673e+01	 -6.5673e+01	 -6.5673e+01	 -6.5673e+01	 -6.5673e+01	 -6.5673e+01	 -6.5673e+01
2.0053e+01	 4.3913e+01	 4.3818e+01	 4.3206e+01	 -6.5673e+01	 -6.5673e+01	 -6.5673e+01	 -6.5673e+01	 -6.5673e+01	 -6.5673e+01	 -6.5673e+01	 -6.5673e+01	 -6.5673e+01
2.0173e+01	 4.3914e+01	 4.3812e+01	 4.3232e+01	 -6.5673e+01	 -6.5673e+01	 -6.5673e+01	 -6.5673e+01	 -6.5673e+01	 -6.5673e+01	 -6.5673e+01	 -6.5673e+01	 -6.5673e+01
2.0293e+01	 4.3914e+01	 4.3806e+01	 4.3257e+01	 -6.5673e+01	 -6.5673e+01	 -6.5673e+01	 -6.5673e+01	 -6.5673e+01	 -6.5673e+01	 -6.5673e+01	 -6.5673e+01	 -6.5673e+01
2.0413e+01	 4.3915e+01	 4.3801e+01	 4.3279e+01	 -6.5673e+01	 -6.5673e+01	 -6.5673e+01	 -6.5673e+01	 -6.5673e+01	 -6.5673e+01	 -6.5673e+01	 -6.5673e+01	 -6.5673e+01
2.0533e+01	 4.3915e+01	 4.3795e+01	 4.3297e+01	 -6.5673e+01	 -6.5673e+01	 -6.5673e+01	 -6.5673e+01	 -6.5673e+01	 -6.5673e+01	 -6.5673e+01	 -6.5673e+01	 -6.5673e+01
2.0653e+01	 4.3915e+01	 4.3789e+01	 4.3316e+01	 -6.5673e+01	 -6.5673e+01	 -6.5673e+01	 -6.5673e+01	 -6.5673e+01	 -6.5673e+01	 -6.5673e+01	 -6.5673e+01	 -6.5673e+01
2.0773e+01	 4.3915e+01	 4.3783e+01	 4.3335e+01	 -6.5673e+01	 -6.5673e+01	 -6.5673e+01	 -6.5673e+01	 -6.5673e+01	 -6.5673e+01	 -6.5673e+01	 -6.5673e+01	 -6.5673e+01
2.0893e+01	 4.3915e+01	 4.3777e+01	 4.3350e+01	 -6.5673e+01	 -6.5673e+01	 -6.5673e+01	 -6.5673e+01	 -6.5673e+01	 -6.5673e+01	 -6.5673e+01	 -6.5673e+01	 -6.5673e+01
2.1013e+01	 4.3915e+01	 4.3771e+01	 4.3364e+01	 -6.5673e+01	 -6.5673e+01	 -6.5673e+01	 -6.5673e+01	 -6.5673e+01	 -6.5673e+01	 -6.5673e+01	 -6.5673e+01	 -6.5673e+01
2.1133e+01	 4.3914e+01	 4.3765e+01	 4.3379e+01	 -6.5673e+01	 -6.5673e+01	 -6.5673e+01	 -6.5673e+01	 -6.5673e+01	 -6.5673e+01	 -6.5673e+01	 -6.5673e+01	 -6.5673e+01
2.1253e+01	 4.3914e+01	 4.3759e+01	 4.3393e+01	 -6.5673e+01	 -6.5673e+01	 -6.5673e+01	 -6.5673e+01	 -6.5673e+01	 -6.5673e+01	 -6.5673e+01	 -6.5673e+01	 -6.5673e+01
2.1373e+01	 4.3914e+01	 4.3753e+01	 4.3405e+01	 -6.5673e+01	 -6.5673e+01	 -6.5673e+01	 -6.5673e+01	 -6.5673e+01	 -6.5673e+01	 -6.5673e+01	 -6.5673e+01	 -6.5673e+01
2.1493e+01	 4.3913e+01	 4.3747e+01	 4.3416e+01	 -6.5673e+01	 -6.5673e+01	 -6.5673e+01	 -6.5673e+01	 -6.5673e+01	 -6.5673e+01	 -6.5673e+01	 -6.5673e+01	 -6.5673e+01
2.1613e+01	 4.3913e+01	 4.3741e+01	 4.3427e+01	 -6.5673e+01	 -6.5673e+01	 -6.5673e+01	 -6.5673e+01	 -6.5673e+01	 -6.5673e+01	 -6.5673e+01	 -6.5673e+01	 -6.5673e+01
2.1733e+01	 4.3913e+01	 4.3735e+01	 4.3438e+01	 -6.5673e+01	 -6.5673e+01	 -6.5673e+01	 -6.5673e+01	 -6.5673e+01	 -6.5673e+01	 -6.5673e+01	 -6.5673e+01	 -6.5673e+01
2.1853e+01	 4.3912e+01	 4.3729e+01	 4.3447e+01	 -6.5673e+01	 -6.5673e+01	 -6.5673e+01	 -6.5673e+01	 -6.5673e+01	 -6.5673e+01	 -6.5673e+01	 -6.5673e+01	 -6.5673e+01
2.1973e+01	 4.3911e+01	 4.3723e+01	 4.3456e+01	 -6.5673e+01	 -6.5673e+01	 -6.5673e+01	 -6.5673e+01	 -6.5673e+01	 -6.5673e+01	 -6.5673e+01	 -6.5673e+01	 -6.5673e+01
2.2093e+01	 4.3910e+01	 4.3717e+01	 4.3465e+01	 -6.5673e+01	 -6.5673e+01	 -6.5673e+01	 -6.5673e+01	 -6.5673e+01	 -6.5673e+01	 -6.5673e+01	 -6.5673e+01	 -6.5673e+01
2.2213e+01	 4.3910e+01	 4.3711e+01	 4.3473e+01	 -6.5673e+01	 -6.5673e+01	 -6.5673e+01	 -6.5673e+01	 -6.5673e+01	 -6.5673e+01	 -6.5673e+01	 -6.5673e+01	 -6.5673e+01
2.2333e+01	 4.3908e+01	 4.3706e+01	 4.3480e+01	 -6.5673e+01	 -6.5673e+01	 -6.5673e+01	 -6.5673e+01	 -6.5673e+01	 -6.5673e+01	 -6.5673e+01	 -6.5673e+01	 -6.5673e+01
2.2453e+01	 4.3907e+01	 4.3700e+01	 4.3487e+01	 -6.5673e+01	 -6.5673e+01	 -6.5673e+01	 -6.5673e+01	 -6.5673e+01	 -6.5673e+01	 -6.5673e+01	 -6.5673e+01	 -6.5673e+01
2.2573e+01	 4.3906e+01	 4.3694e+01	 4.3494e+01	 -6.5673e+01	 -6.5673e+01	 -6.5673e+01	 -6.5673e+01	 -6.5673e+01	 -6.5673e+01	 -6.5673e+01	 -6.5673e+01	 -6.5673e+01
2.2693e+01	 4.3905e+01	 4.3688e+01	 4.3500e+01	 -6.5673e+01	 -6.5673e+01	 -6.5673e+01	 -6.5673e+01	 -6.5673e+01	 -6.5673e+01	 -6.5673e+01	 -6.5673e+01	 -6.5673e+01
2.2813e+01	 4.3903e+01	 4.3682e+01	 4.3504e+01	 -6.5673e+01	 -6.5673e+01	 -6.5673e+01	 -6.5673e+01	 -6.5673e+01	 -6.5673e+01	 -6.5673e+01	 -6.5673e+01	 -6.5673e+01
2.2933e+01	 4.3901e+01	 4.3676e+01	 4.3508e+01	 -6.5673e+01	 -6.5673e+01	 -6.5673e+01	 -6.5673e+01	 -6.5673e+01	 -6.5673e+01	 -6.5673e+01	 -6.5673e+01	 -6.5673e+01
2.3053e+01	 4.3899e+01	 4.3670e+01	 4.3513e+01	 -6.5673e+01	 -6.5673e+01	 -6.5673e+01	 -6.5673e+01	 -6.5673e+01	 -6.5673e+01	 -6.5673e+01	 -6.5673e+01	 -6.5673e+01
2.3173e+01	 4.3897e+01	 4.3664e+01	 4.3516e+01	 -6.5673e+01	 -6.5673e+01	 -6.5673e+01	 -6.5673e+01	 -6.5673e+01	 -6.5673e+01	 -6.5673e+01	 -6.5673e+01	 -6.5673e+01
2.3293e+01	 4.3894e+01	 4.3658e+01	 4.3516e+01	 -6.5673e+01	 -6.5673e+01	 -6.5673e+01	 -6.5673e+01	 -6.5673e+01	 -6.5673e+01	 -6.5673e+01	 -6.5673e+01	 -6.5673e+01
2.3413e+01	 4.3891e+01	 4.3652e+01	 4.3517e+01	 -6.5673e+01	 -6.5673e+01	 -6.5673e+01	 -6.5673e+01	 -6.5673e+01	 -6.5673e+01	 -6.5673e+01	 -6.5673e+01	 -6.5673e+01
2.3533e+01	 4.3888e+01	 4.3646e+01	 4.3518e+01	 -6.5673e+01	 -6.5673e+01	 -6.5673e+01	 -6.5673e+01	 -6.5673e+01	 -6.5673e+01	 -6.5673e+01	 -6.5673e+01	 -6.5673e+01
2.3653e+01	 4.3883e+01	 4.3640e+01	 4.3515e+01	 -6.5673e+01	 -6.5673e+01	 -6.5673e+01	 -6.5673e+01	 -6.5673e+01	 -6.5673e+01	 -6.5673e+01	 -6.5673e+01	 -6.5673e+01
2.3773e+01	 4.3877e+01	 4.3634e+01	 4.3509e+01	 -6.5673e+01	 -6.5673e+01	 -6.5673e+01	 -6.5673e+01	 -6.5673e+01	 -6.5673e+01	 -6.5673e+01	 -6.5673e+01	 -6.5673e+01
2.3893e+01	 4.3871e+01	 4.3628e+01	 4.3503e+01	 -6.5673e+01	 -6.5673e+01	 -6.5673e+01	 -6.5673e+01	 -6.5673e+01	 -6.5673e+01	 -6.5673e+01	 -6.5673e+01	 -6.5673e+01
2.4013e+01	 4.3865e+01	 4.3622e+01	 4.3497e+01	 -6.5673e+01	 -6.5673e+01	 -6.5673e+01	 -6.5673e+01	 -6.5673e+01	 -6.5673e+01	 -6.5673e+01	 -6.5673e+01	 -6.5673e+01
2.4133e+01	 4.3857e+01	 4.3616e+01	 4.3485e+01	 -6.5673e+01	 -6.5673e+01	 -6.5673e+01	 -6.5673e+01	 -6.5673e+01	 -6.5673e+01	 -6.5673e+01	 -6.5673e+01	 -6.5673e+01
2.4253e+01	 4.3847e+01	 4.3610e+01	 4.3470e+01	 -6.5673e+01	 -6.5673e+01	 -6.5673e+01	 -6.5673e+01	 -6.5673e+01	 -6.5673e+01	 -6.5673e+01	 -6.5673e+01	 -6.5673e+01
2.4373e+01	 4.3837e+01	 4.3605e+01	 4.3454e+01	 -6.5673e+01	 -6.5673e+01	 -6.5673e+01	 -6.5673e+01	 -6.5673e+01	 -6.5673e+01	 -6.5673e+01	 -6.5673e+01	 -6.5673e+01
2.4493e+01	 4.3827e+01	 4.3599e+01	 4.3439e+01	 -6.5673e+01	 -6.5673e+01	 -6.5673e+01	 -6.5673e+01	 -6.5673e+01	 -6.5673e+01	 -6.5673e+01	 -6.5673e+01	 -6.5673e+01
2.4613e+01	 4.3816e+01	 4.3593e+01	 4.3421e+01	 -6.5673e+01	 -6.5673e+01	 -6.5673e+01	 -6.5673e+01	 -6.5673e+01	 -6.5673e+01	 -6.5673e+01	 -6.5673e+01	 -6.5673e+01
2.4733e+01	 4.3805e+01	 4.3587e+01	 4.3403e+01	 -6.5673e+01	 -6.5673e+01	 -6.5673e+01	 -6.5673e+01	 -6.5673e+01	 -6.5673e+01	 -6.5673e+01	 -6.5673e+01	 -6.5673e+01
2.4853e+01	 4.3795e+01	 4.3581e+01	 4.3385e+01	 -6.5673e+01	 -6.5673e+01	 -6.5673e+01	 -6.5673e+01	 -6.5673e+01	 -6.5673e+01	 -6.5673e+01	 -6.5673e+01	 -6.5673e+01
2.4973e+01	 4.3784e+01	 4.3575e+01	 4.3366e+01	 -6.5673e+01	 -6.5673e+01	 -6.5673e+01	 -6.5673e+01	 -6.5673e+01	 -6.5673e+01	 -6.5673e+01	 -6.5673e+01	 -6.5673e+01
2.5093e+01	 4.3773e+01	 4.3568e+01	 4.3347e+01	 -6.5673e+01	 -6.5673e+01	 -6.5673e+01	 -6.5673e+01	 -6.5673e+01	 -6.5673e+01	 -6.5673e+01	 -6.5673e+01	 -6.5673e+01
2.5213e+01	 4.3761e+01	 4.3562e+01	 4.3327e+01	 -6.5673e+01	 -6.5673e+01	 -6.5673e+01	 -6.5673e+01	 -6.5673e+01	 -6.5673e+01	 -6.5673e+01	 -6.5673e+01	 -6.5673e+01
2.5333e+01	 4.3750e+01	 4.3556e+01	 4.3308e+01	 -6.5673e+01	 -6.5673e+01	 -6.5673e+01	 -6.5673e+01	 -6.5673e+01	 -6.5673e+01	 -6.5673e+01	 -6.5673e+01	 -6.5673e+01
2.5453e+01	 4.3739e+01	 4.3550e+01	 4.3288e+01	 -6.5673e+01	 -6.5673e+01	 -6.5673e+01	 -6.5673e+01	 -6.5673e+01	 -6.5673e+01	 -6.5673e+01	 -6.5673e+01	 -6.5673e+01
2.5573e+01	 4.3728e+01	 4.3543e+01	 4.3267e+01	 -6.5673e+01	 -6.5673e+01	 -6.5673e+01	 -6.5673e+01	 -6.5673e+01	 -6.5673e+01	 -6.5673e+01	 -6.5673e+01	 -6.5673e+01
2.5693e+01	 4.3716e+01	 4.3536e+01	 4.3245e+01	 -6.5673e+01	 -6.5673e+01	 -6.5673e+01	 -6.5673e+01	 -6.5673e+01	 -6.5673e+01	 -6.5673e+01	 -6.5673e+01	 -6.5673e+01
2.5813e+01	 4.3704e+01	 4.3529e+01	 4.3223e+01	 -6.5673e+01	 -6.5673e+01	 -6.5673e+01	 -6.5673e+01	 -6.5673e+01	 -6.5673e+01	 -6.5673e+01	 -6.5673e+01	 -6.5673e+01
2.5933e+01	 4.3691e+01	 4.3521e+01	 4.3202e+01	 -6.5673e+01	 -6.5673e+01	 -6.5673e+01	 -6.5673e+01	 -6.5673e+01	 -6.5673e+01	 -6.5673e+01	 -6.5673e+01	 -6.5673e+01
2.6053e+01	 4.3678e+01	 4.3512e+01	 4.3178e+01	 -6.5673e+01	 -6.5673e+01	 -6.5673e+01	 -6.5673e+01	 -6.5673e+01	 -6.5673e+01	 -6.5673e+01	 -6.5673e+01	 -6.5673e+01
2.6173e+01	 4.3663e+01	 4.3502e+01	 4.3154e+01	 -6.5673e+01	 -6.5673e+01	 -6.5673e+01	 -6.5673e+01	 -6.5673e+01	 -6.5673e+01	 -6.5673e+01	 -6.5673e+01	 -6.5673e+01
2.6293e+01	 4.3648e+01	 4.3491e+01	 4.3130e+01	 -6.5673e+01	 -6.5673e+01	 -6.5673e+01	 -6.5673e+01	 -6.5673e+01	 -6.5673e+01	 -6.5673e+01	 -6.5673e+01	 -6.5673e+01
2.6413e+01	 4.3630e+01	 4.3476e+01	 4.3105e+01	 -6.5673e+01	 -6.5673e+01	 -6.5673e+01	 -6.5673e+01	 -6.5673e+01	 -6.5673e+01	 -6.5673e+01	 -6.5673e+01	 -6.5673e+01
2.6533e+01	 4.3611e+01	 4.3460e+01	 4.3079e+01	 -6.5673e+01	 -6.5673e+01	 -6.5673e+01	 -6.5673e+01	 -6.5673e+01	 -6.5673e+01	 -6.5673e+01	 -6.5673e+01	 -6.5673e+01
2.6653e+01	 4.3586e+01	 4.3436e+01	 4.3052e+01	 -6.5673e+01	 -6.5673e+01	 -6.5673e+01	 -6.5673e+01	 -6.5673e+01	 -6.5673e+01	 -6.5673e+01	 -6.5673e+01	 -6.5673e+01
2.6773e+01	 4.3559e+01	 4.3409e+01	 4.3025e+01	 -6.5673e+01	 -6.5673e+01	 -6.5673e+01	 -6.5673e+01	 -6.5673e+01	 -6.5673e+01	 -6.5673e+01	 -6.5673e+01	 -6.5673e+01
2.6893e+01	 4.3522e+01	 4.3369e+01	 4.2997e+01	 -6.5673e+01	 -6.5673e+01	 -6.5673e+01	 -6.5673e+01	 -6.5673e+01	 -6.5673e+01	 -6.5673e+01	 -6.5673e+01	 -6.5673e+01
2.7013e+01	 4.3481e+01	 4.3322e+01	 4.2966e+01	 -6.5673e+01	 -6.5673e+01	 -6.5673e+01	 -6.5673e+01	 -6.5673e+01	 -6.5673e+01	 -6.5673e+01	 -6.5673e+01	 -6.5673e+01
2.7133e+01	 4.3423e+01	 4.3253e+01	 4.2935e+01	 -6.5673e+01	 -6.5673e+01	 -6.5673e+01	 -6.5673e+01	 -6.5673e+01	 -6.5673e+01	 -6.5673e+01	 -6.5673e+01	 -6.5673e+01
2.7253e+01	 4.3357e+01	 4.3168e+01	 4.2905e+01	 -6.5673e+01	 -6.5673e+01	 -6.5673e+01	 -6.5673e+01	 -6.5673e+01	 -6.5673e+01	 -6.5673e+01	 -6.5673e+01	 -6.5673e+01
2.7373e+01	 4.3269e+01	 4.3047e+01	 4.2871e+01	 -6.5673e+01	 -6.5673e+01	 -6.5673e+01	 -6.5673e+01	 -6.5673e+01	 -6.5673e+01	 -6.5673e+01	 -6.5673e+01	 -6.5673e+01
2.7493e+01	 4.3167e+01	 4.2894e+01	 4.2836e+01	 -6.5673e+01	 -6.5673e+01	 -6.5673e+01	 -6.5673e+01	 -6.5673e+01	 -6.5673e+01	 -6.5673e+01	 -6.5673e+01	 -6.5673e+01
2.7613e+01	 4.3047e+01	 4.2684e+01	 4.2800e+01	 -6.5673e+01	 -6.5673e+01	 -6.5673e+01	 -6.5673e+01	 -6.5673e+01	 -6.5673e+01	 -6.5673e+01	 -6.5673e+01	 -6.5673e+01
2.7733e+01	 4.2922e+01	 4.2406e+01	 4.2764e+01	 -6.5673e+01	 -6.5673e+01	 -6.5673e+01	 -6.5673e+01	 -6.5673e+01	 -6.5673e+01	 -6.5673e+01	 -6.5673e+01	 -6.5673e+01
2.7853e+01	 4.2807e+01	 4.2044e+01	 4.2724e+01	 -6.5673e+01	 -6.5673e+01	 -6.5673e+01	 -6.5673e+01	 -6.5673e+01	 -6.5673e+01	 -6.5673e+01	 -6.5673e+01	 -6.5673e+01
2.7973e+01	 4.2712e+01	 4.1545e+01	 4.2682e+01	 -6.5673e+01	 -6.5673e+01	 -6.5673e+01	 -6.5673e+01	 -6.5673e+01	 -6.5673e+01	 -6.5673e+01	 -6.5673e+01	 -6.5673e+01
2.8093e+01	 4.2648e+01	 4.0926e+01	 4.2639e+01	 -6.5673e+01	 -6.5673e+01	 -6.5673e+01	 -6.5673e+01	 -6.5673e+01	 -6.5673e+01	 -6.5673e+01	 -6.5673e+01	 -6.5673e+01
2.8213e+01	 4.2598e+01	 4.0034e+01	 4.2597e+01	 -6.5673e+01	 -6.5673e+01	 -6.5673e+01	 -6.5673e+01	 -6.5673e+01	 -6.5673e+01	 -6.5673e+01	 -6.5673e+01	 -6.5673e+01
2.8333e+01	 4.2547e+01	 3.8981e+01	 4.2547e+01	 -6.5673e+01	 -6.5673e+01	 -6.5673e+01	 -6.5673e+01	 -6.5673e+01	 -6.5673e+01	 -6.5673e+01	 -6.5673e+01	 -6.5673e+01
2.8453e+01	 4.2495e+01	 3.7391e+01	 4.2495e+01	 -6.5673e+01	 -6.5673e+01	 -6.5673e+01	 -6.5673e+01	 -6.5673e+01	 -6.5673e+01	 -6.5673e+01	 -6.5673e+01	 -6.5673e+01
2.8573e+01	 4.2443e+01	 3.5607e+01	 4.2443e+01	 -6.5673e+01	 -6.5673e+01	 -6.5673e+01	 -6.5673e+01	 -6.5673e+01	 -6.5673e+01	 -6.5673e+01	 -6.5673e+01	 -6.5673e+01
2.8693e+01	 4.2391e+01	 3.2776e+01	 4.2391e+01	 -6.5673e+01	 -6.5673e+01	 -6.5673e+01	 -6.5673e+01	 -6.5673e+01	 -6.5673e+01	 -6.5673e+01	 -6.5673e+01	 -6.5673e+01
2.8813e+01	 4.2329e+01	 2.9764e+01	 4.2329e+01	 -6.5673e+01	 -6.5673e+01	 -6.5673e+01	 -6.5673e+01	 -6.5673e+01	 -6.5673e+01	 -6.5673e+01	 -6.5673e+01	 -6.5673e+01
2.8933e+01	 4.2266e+01	 2.4722e+01	 4.2266e+01	 -6.5673e+01	 -6.5673e+01	 -6.5673e+01	 -6.5673e+01	 -6.5673e+01	 -6.5673e+01	 -6.5673e+01	 -6.5673e+01	 -6.5673e+01
2.9053e+01	 4.2203e+01	 1.9649e+01	 4.2203e+01	 -6.5673e+01	 -6.5673e+01	 -6.5673e+01	 -6.5673e+01	 -6.5673e+01	 -6.5673e+01	 -6.5673e+01	 -6.5673e+01	 -6.5673e+01
2.9173e+01	 4.2139e+01	 1.0651e+01	 4.2139e+01	 -6.5673e+01	 -6.5673e+01	 -6.5673e+01	 -6.5673e+01	 -6.5673e+01	 -6.5673e+01	 -6.5673e+01	 -6.5673e+01	 -6.5673e+01
2.9293e+01	 4.2062e+01	 1.6535e+00	 4.2062e+01	 -6.5673e+01	 -6.5673e+01	 -6.5673e+01	 -6.5673e+01	 -6.5673e+01	 -6.5673e+01	 -6.5673e+01	 -6.5673e+01	 -6.5673e+01
2.9413e+01	 4.1984e+01	 -1.3912e+01	 4.1984e+01	 -6.5673e+01	 -6.5673e+01	 -6.5673e+01	 -6.5673e+01	 -6.5673e+01	 -6.5673e+01	 -6.5673e+01	 -6.5673e+01	 -6.5673e+01
2.9533e+01	 4.1906e+01	 -2.9945e+01	 4.1906e+01	 -6.5673e+01	 -6.5673e+01	 -6.5673e+01	 -6.5673e+01	 -6.5673e+01	 -6.5673e+01	 -6.5673e+01	 -6.5673e+01	 -6.5673e+01
2.9653e+01	 4.1827e+01	 -6.5673e+01	 4.1827e+01	 -6.5673e+01	 -6.5673e+01	 -6.5673e+01	 -6.5673e+01	 -6.5673e+01	 -6.5673e+01	 -6.5673e+01	 -6.5673e+01	 -6.5673e+01
2.9773e+01	 4.1733e+01	 -6.5673e+01	 4.1733e+01	 -6.5673e+01	 -6.5673e+01	 -6.5673e+01	 -6.5673e+01	 -6.5673e+01	 -6.5673e+01	 -6.5673e+01	 -6.5673e+01	 -6.5673e+01
2.9893e+01	 4.1639e+01	 -6.5673e+01	 4.1639e+01	 -6.5673e+01	 -6.5673e+01	 -6.5673e+01	 -6.5673e+01	 -6.5673e+01	 -6.5673e+01	 -6.5673e+01	 -6.5673e+01	 -6.5673e+01
