########################################################################
#_obs is as observed from the earth: beaming+cosmo   
#nu_obs  nuFnu_somma_obs  nuFnu_Sync_obs nuFnu_comp_obs nu_Fnu_Disk_obs  nu_Fnu_DT_obs nu_Fnu_Star_obs nu_Fnu_EC_Disk_obs nu_Fnu_EC_BLR_obs nu_Fnu_EC_DT_obs  nu_Fnu_EC_Star_obs nu_Fnu_EC_CMB_obs
########################################################################
1.0000e+06	 0.0000e+00	 0.0000e+00	 0.0000e+00	 1.0000e-120	 1.0000e-120	 1.0000e-120	 1.0000e-120	 1.0000e-120	 1.0000e-120	 1.0000e-120	 1.0000e-120	 1.0000e-120
1.3183e+06	 0.0000e+00	 0.0000e+00	 0.0000e+00	 1.0000e-120	 1.0000e-120	 1.0000e-120	 1.0000e-120	 1.0000e-120	 1.0000e-120	 1.0000e-120	 1.0000e-120	 1.0000e-120
1.7378e+06	 0.0000e+00	 0.0000e+00	 0.0000e+00	 1.0000e-120	 1.0000e-120	 1.0000e-120	 1.0000e-120	 1.0000e-120	 1.0000e-120	 1.0000e-120	 1.0000e-120	 1.0000e-120
2.2909e+06	 0.0000e+00	 0.0000e+00	 0.0000e+00	 1.0000e-120	 1.0000e-120	 1.0000e-120	 1.0000e-120	 1.0000e-120	 1.0000e-120	 1.0000e-120	 1.0000e-120	 1.0000e-120
3.0200e+06	 0.0000e+00	 0.0000e+00	 0.0000e+00	 1.0000e-120	 1.0000e-120	 1.0000e-120	 1.0000e-120	 1.0000e-120	 1.0000e-120	 1.0000e-120	 1.0000e-120	 1.0000e-120
3.9811e+06	 0.0000e+00	 0.0000e+00	 0.0000e+00	 1.0000e-120	 1.0000e-120	 1.0000e-120	 1.0000e-120	 1.0000e-120	 1.0000e-120	 1.0000e-120	 1.0000e-120	 1.0000e-120
5.2481e+06	 0.0000e+00	 0.0000e+00	 0.0000e+00	 1.0000e-120	 1.0000e-120	 1.0000e-120	 1.0000e-120	 1.0000e-120	 1.0000e-120	 1.0000e-120	 1.0000e-120	 1.0000e-120
6.9183e+06	 0.0000e+00	 0.0000e+00	 0.0000e+00	 1.0000e-120	 1.0000e-120	 1.0000e-120	 1.0000e-120	 1.0000e-120	 1.0000e-120	 1.0000e-120	 1.0000e-120	 1.0000e-120
9.1201e+06	 0.0000e+00	 0.0000e+00	 0.0000e+00	 1.0000e-120	 1.0000e-120	 1.0000e-120	 1.0000e-120	 1.0000e-120	 1.0000e-120	 1.0000e-120	 1.0000e-120	 1.0000e-120
1.2023e+07	 0.0000e+00	 0.0000e+00	 0.0000e+00	 1.0000e-120	 1.0000e-120	 1.0000e-120	 1.0000e-120	 1.0000e-120	 1.0000e-120	 1.0000e-120	 1.0000e-120	 1.0000e-120
1.5849e+07	 0.0000e+00	 0.0000e+00	 0.0000e+00	 1.0000e-120	 1.0000e-120	 1.0000e-120	 1.0000e-120	 1.0000e-120	 1.0000e-120	 1.0000e-120	 1.0000e-120	 1.0000e-120
2.0893e+07	 0.0000e+00	 0.0000e+00	 0.0000e+00	 1.0000e-120	 1.0000e-120	 1.0000e-120	 1.0000e-120	 1.0000e-120	 1.0000e-120	 1.0000e-120	 1.0000e-120	 1.0000e-120
2.7542e+07	 3.5891e-20	 3.5891e-20	 0.0000e+00	 1.0000e-120	 1.0000e-120	 1.0000e-120	 1.0000e-120	 1.0000e-120	 1.0000e-120	 1.0000e-120	 1.0000e-120	 1.0000e-120
3.6308e+07	 8.1798e-20	 8.1798e-20	 0.0000e+00	 1.0000e-120	 1.0000e-120	 1.0000e-120	 1.0000e-120	 1.0000e-120	 1.0000e-120	 1.0000e-120	 1.0000e-120	 1.0000e-120
4.7863e+07	 1.8643e-19	 1.8643e-19	 0.0000e+00	 1.0000e-120	 1.0000e-120	 1.0000e-120	 1.0000e-120	 1.0000e-120	 1.0000e-120	 1.0000e-120	 1.0000e-120	 1.0000e-120
6.3096e+07	 4.1149e-19	 4.1149e-19	 0.0000e+00	 1.0000e-120	 1.0000e-120	 1.0000e-120	 1.0000e-120	 1.0000e-120	 1.0000e-120	 1.0000e-120	 1.0000e-120	 1.0000e-120
8.3176e+07	 8.8371e-19	 8.8371e-19	 0.0000e+00	 1.0000e-120	 1.0000e-120	 1.0000e-120	 1.0000e-120	 1.0000e-120	 1.0000e-120	 1.0000e-120	 1.0000e-120	 1.0000e-120
1.0965e+08	 1.8978e-18	 1.8978e-18	 0.0000e+00	 1.0000e-120	 1.0000e-120	 1.0000e-120	 1.0000e-120	 1.0000e-120	 1.0000e-120	 1.0000e-120	 1.0000e-120	 1.0000e-120
1.4454e+08	 3.6248e-18	 3.6248e-18	 0.0000e+00	 1.0000e-120	 1.0000e-120	 1.0000e-120	 1.0000e-120	 1.0000e-120	 1.0000e-120	 1.0000e-120	 1.0000e-120	 1.0000e-120
1.9055e+08	 6.4381e-18	 6.4381e-18	 0.0000e+00	 1.0000e-120	 1.0000e-120	 1.0000e-120	 1.0000e-120	 1.0000e-120	 1.0000e-120	 1.0000e-120	 1.0000e-120	 1.0000e-120
2.5119e+08	 1.1435e-17	 1.1435e-17	 0.0000e+00	 1.0000e-120	 1.0000e-120	 1.0000e-120	 1.0000e-120	 1.0000e-120	 1.0000e-120	 1.0000e-120	 1.0000e-120	 1.0000e-120
3.3113e+08	 1.8433e-17	 1.8433e-17	 0.0000e+00	 1.0000e-120	 1.0000e-120	 1.0000e-120	 1.0000e-120	 1.0000e-120	 1.0000e-120	 1.0000e-120	 1.0000e-120	 1.0000e-120
4.3652e+08	 2.8483e-17	 2.8483e-17	 0.0000e+00	 1.0000e-120	 1.0000e-120	 1.0000e-120	 1.0000e-120	 1.0000e-120	 1.0000e-120	 1.0000e-120	 1.0000e-120	 1.0000e-120
5.7544e+08	 4.4010e-17	 4.4010e-17	 0.0000e+00	 1.0000e-120	 1.0000e-120	 1.0000e-120	 1.0000e-120	 1.0000e-120	 1.0000e-120	 1.0000e-120	 1.0000e-120	 1.0000e-120
7.5858e+08	 6.5496e-17	 6.5496e-17	 0.0000e+00	 1.0000e-120	 1.0000e-120	 1.0000e-120	 1.0000e-120	 1.0000e-120	 1.0000e-120	 1.0000e-120	 1.0000e-120	 1.0000e-120
1.0000e+09	 9.6410e-17	 9.6410e-17	 0.0000e+00	 1.0000e-120	 1.0000e-120	 1.0000e-120	 1.0000e-120	 1.0000e-120	 1.0000e-120	 1.0000e-120	 1.0000e-120	 1.0000e-120
1.3183e+09	 1.4192e-16	 1.4192e-16	 0.0000e+00	 1.0000e-120	 1.0000e-120	 1.0000e-120	 1.0000e-120	 1.0000e-120	 1.0000e-120	 1.0000e-120	 1.0000e-120	 1.0000e-120
1.7378e+09	 2.0647e-16	 2.0647e-16	 0.0000e+00	 1.0000e-120	 1.0000e-120	 1.0000e-120	 1.0000e-120	 1.0000e-120	 1.0000e-120	 1.0000e-120	 1.0000e-120	 1.0000e-120
2.2909e+09	 2.9978e-16	 2.9978e-16	 0.0000e+00	 1.0000e-120	 1.0000e-120	 1.0000e-120	 1.0000e-120	 1.0000e-120	 1.0000e-120	 1.0000e-120	 1.0000e-120	 1.0000e-120
3.0200e+09	 4.3527e-16	 4.3527e-16	 0.0000e+00	 1.0000e-120	 1.0000e-120	 1.0000e-120	 1.0000e-120	 1.0000e-120	 1.0000e-120	 1.0000e-120	 1.0000e-120	 1.0000e-120
3.9811e+09	 6.2971e-16	 6.2971e-16	 0.0000e+00	 1.0000e-120	 1.0000e-120	 1.0000e-120	 1.0000e-120	 1.0000e-120	 1.0000e-120	 1.0000e-120	 1.0000e-120	 1.0000e-120
5.2481e+09	 9.1078e-16	 9.1078e-16	 0.0000e+00	 1.0000e-120	 1.0000e-120	 1.0000e-120	 1.0000e-120	 1.0000e-120	 1.0000e-120	 1.0000e-120	 1.0000e-120	 1.0000e-120
6.9183e+09	 1.3173e-15	 1.3173e-15	 0.0000e+00	 1.0000e-120	 1.0000e-120	 1.0000e-120	 1.0000e-120	 1.0000e-120	 1.0000e-120	 1.0000e-120	 1.0000e-120	 1.0000e-120
9.1201e+09	 1.9026e-15	 1.9026e-15	 0.0000e+00	 1.0000e-120	 1.0000e-120	 1.0000e-120	 1.0000e-120	 1.0000e-120	 1.0000e-120	 1.0000e-120	 1.0000e-120	 1.0000e-120
1.2023e+10	 2.7479e-15	 2.7479e-15	 0.0000e+00	 1.0000e-120	 1.0000e-120	 1.0000e-120	 1.0000e-120	 1.0000e-120	 1.0000e-120	 1.0000e-120	 1.0000e-120	 1.0000e-120
1.5849e+10	 3.9685e-15	 3.9685e-15	 0.0000e+00	 1.0000e-120	 1.0000e-120	 1.0000e-120	 1.0000e-120	 1.0000e-120	 1.0000e-120	 1.0000e-120	 1.0000e-120	 1.0000e-120
2.0893e+10	 5.7257e-15	 5.7257e-15	 0.0000e+00	 1.0000e-120	 1.0000e-120	 1.0000e-120	 1.0000e-120	 1.0000e-120	 1.0000e-120	 1.0000e-120	 1.0000e-120	 1.0000e-120
2.7542e+10	 8.2609e-15	 8.2609e-15	 0.0000e+00	 1.0000e-120	 1.0000e-120	 1.0000e-120	 1.0000e-120	 1.0000e-120	 1.0000e-120	 1.0000e-120	 1.0000e-120	 1.0000e-120
3.6308e+10	 1.1916e-14	 1.1916e-14	 0.0000e+00	 1.0000e-120	 1.0000e-120	 1.0000e-120	 1.0000e-120	 1.0000e-120	 1.0000e-120	 1.0000e-120	 1.0000e-120	 1.0000e-120
4.7863e+10	 1.7168e-14	 1.7168e-14	 0.0000e+00	 1.0000e-120	 1.0000e-120	 1.0000e-120	 1.0000e-120	 1.0000e-120	 1.0000e-120	 1.0000e-120	 1.0000e-120	 1.0000e-120
6.3096e+10	 2.4734e-14	 2.4734e-14	 0.0000e+00	 1.0000e-120	 1.0000e-120	 1.0000e-120	 1.0000e-120	 1.0000e-120	 1.0000e-120	 1.0000e-120	 1.0000e-120	 1.0000e-120
8.3176e+10	 3.5613e-14	 3.5613e-14	 0.0000e+00	 1.0000e-120	 1.0000e-120	 1.0000e-120	 1.0000e-120	 1.0000e-120	 1.0000e-120	 1.0000e-120	 1.0000e-120	 1.0000e-120
1.0965e+11	 5.1183e-14	 5.1183e-14	 0.0000e+00	 1.0000e-120	 1.0000e-120	 1.0000e-120	 1.0000e-120	 1.0000e-120	 1.0000e-120	 1.0000e-120	 1.0000e-120	 1.0000e-120
1.4454e+11	 7.3561e-14	 7.3561e-14	 0.0000e+00	 1.0000e-120	 1.0000e-120	 1.0000e-120	 1.0000e-120	 1.0000e-120	 1.0000e-120	 1.0000e-120	 1.0000e-120	 1.0000e-120
1.9055e+11	 1.0558e-13	 1.0558e-13	 0.0000e+00	 1.0000e-120	 1.0000e-120	 1.0000e-120	 1.0000e-120	 1.0000e-120	 1.0000e-120	 1.0000e-120	 1.0000e-120	 1.0000e-120
2.5119e+11	 1.5109e-13	 1.5109e-13	 0.0000e+00	 1.0000e-120	 1.0000e-120	 1.0000e-120	 1.0000e-120	 1.0000e-120	 1.0000e-120	 1.0000e-120	 1.0000e-120	 1.0000e-120
3.3113e+11	 2.1622e-13	 2.1622e-13	 0.0000e+00	 1.0000e-120	 1.0000e-120	 1.0000e-120	 1.0000e-120	 1.0000e-120	 1.0000e-120	 1.0000e-120	 1.0000e-120	 1.0000e-120
4.3652e+11	 3.0847e-13	 3.0847e-13	 0.0000e+00	 1.0000e-120	 1.0000e-120	 1.0000e-120	 1.0000e-120	 1.0000e-120	 1.0000e-120	 1.0000e-120	 1.0000e-120	 1.0000e-120
5.7544e+11	 4.3810e-13	 4.3810e-13	 0.0000e+00	 1.0000e-120	 1.0000e-120	 1.0000e-120	 1.0000e-120	 1.0000e-120	 1.0000e-120	 1.0000e-120	 1.0000e-120	 1.0000e-120
7.5858e+11	 6.2219e-13	 6.2219e-13	 0.0000e+00	 1.0000e-120	 1.0000e-120	 1.0000e-120	 1.0000e-120	 1.0000e-120	 1.0000e-120	 1.0000e-120	 1.0000e-120	 1.0000e-120
1.0000e+12	 8.7777e-13	 8.7777e-13	 0.0000e+00	 1.0000e-120	 1.0000e-120	 1.0000e-120	 1.0000e-120	 1.0000e-120	 1.0000e-120	 1.0000e-120	 1.0000e-120	 1.0000e-120
1.3183e+12	 1.2295e-12	 1.2295e-12	 0.0000e+00	 1.0000e-120	 1.0000e-120	 1.0000e-120	 1.0000e-120	 1.0000e-120	 1.0000e-120	 1.0000e-120	 1.0000e-120	 1.0000e-120
1.7378e+12	 1.7222e-12	 1.7222e-12	 0.0000e+00	 1.0000e-120	 1.0000e-120	 1.0000e-120	 1.0000e-120	 1.0000e-120	 1.0000e-120	 1.0000e-120	 1.0000e-120	 1.0000e-120
2.2909e+12	 2.3784e-12	 2.3784e-12	 0.0000e+00	 1.0000e-120	 1.0000e-120	 1.0000e-120	 1.0000e-120	 1.0000e-120	 1.0000e-120	 1.0000e-120	 1.0000e-120	 1.0000e-120
3.0200e+12	 3.2486e-12	 3.2486e-12	 0.0000e+00	 1.0000e-120	 1.0000e-120	 1.0000e-120	 1.0000e-120	 1.0000e-120	 1.0000e-120	 1.0000e-120	 1.0000e-120	 1.0000e-120
3.9811e+12	 4.4371e-12	 4.4371e-12	 0.0000e+00	 1.0000e-120	 1.0000e-120	 1.0000e-120	 1.0000e-120	 1.0000e-120	 1.0000e-120	 1.0000e-120	 1.0000e-120	 1.0000e-120
5.2481e+12	 5.8915e-12	 5.8915e-12	 0.0000e+00	 1.0000e-120	 1.0000e-120	 1.0000e-120	 1.0000e-120	 1.0000e-120	 1.0000e-120	 1.0000e-120	 1.0000e-120	 1.0000e-120
6.9183e+12	 7.6987e-12	 7.6987e-12	 0.0000e+00	 1.0000e-120	 1.0000e-120	 1.0000e-120	 1.0000e-120	 1.0000e-120	 1.0000e-120	 1.0000e-120	 1.0000e-120	 1.0000e-120
9.1201e+12	 1.0060e-11	 1.0060e-11	 0.0000e+00	 1.0000e-120	 1.0000e-120	 1.0000e-120	 1.0000e-120	 1.0000e-120	 1.0000e-120	 1.0000e-120	 1.0000e-120	 1.0000e-120
1.2023e+13	 1.2533e-11	 1.2533e-11	 0.0000e+00	 1.0000e-120	 1.0000e-120	 1.0000e-120	 1.0000e-120	 1.0000e-120	 1.0000e-120	 1.0000e-120	 1.0000e-120	 1.0000e-120
1.5849e+13	 1.5322e-11	 1.5322e-11	 0.0000e+00	 1.0000e-120	 1.0000e-120	 1.0000e-120	 1.0000e-120	 1.0000e-120	 1.0000e-120	 1.0000e-120	 1.0000e-120	 1.0000e-120
2.0893e+13	 1.8731e-11	 1.8731e-11	 0.0000e+00	 1.0000e-120	 1.0000e-120	 1.0000e-120	 1.0000e-120	 1.0000e-120	 1.0000e-120	 1.0000e-120	 1.0000e-120	 1.0000e-120
2.7542e+13	 2.1759e-11	 2.1759e-11	 0.0000e+00	 1.0000e-120	 1.0000e-120	 1.0000e-120	 1.0000e-120	 1.0000e-120	 1.0000e-120	 1.0000e-120	 1.0000e-120	 1.0000e-120
3.6308e+13	 2.4947e-11	 2.4947e-11	 0.0000e+00	 1.0000e-120	 1.0000e-120	 1.0000e-120	 1.0000e-120	 1.0000e-120	 1.0000e-120	 1.0000e-120	 1.0000e-120	 1.0000e-120
4.7863e+13	 2.8602e-11	 2.8602e-11	 0.0000e+00	 1.0000e-120	 1.0000e-120	 1.0000e-120	 1.0000e-120	 1.0000e-120	 1.0000e-120	 1.0000e-120	 1.0000e-120	 1.0000e-120
6.3096e+13	 3.2146e-11	 3.2146e-11	 0.0000e+00	 1.0000e-120	 1.0000e-120	 1.0000e-120	 1.0000e-120	 1.0000e-120	 1.0000e-120	 1.0000e-120	 1.0000e-120	 1.0000e-120
8.3176e+13	 3.6025e-11	 3.6025e-11	 0.0000e+00	 1.0000e-120	 1.0000e-120	 1.0000e-120	 1.0000e-120	 1.0000e-120	 1.0000e-120	 1.0000e-120	 1.0000e-120	 1.0000e-120
1.0965e+14	 4.0372e-11	 4.0372e-11	 0.0000e+00	 1.0000e-120	 1.0000e-120	 1.0000e-120	 1.0000e-120	 1.0000e-120	 1.0000e-120	 1.0000e-120	 1.0000e-120	 1.0000e-120
1.4454e+14	 4.5173e-11	 4.5173e-11	 0.0000e+00	 1.0000e-120	 1.0000e-120	 1.0000e-120	 1.0000e-120	 1.0000e-120	 1.0000e-120	 1.0000e-120	 1.0000e-120	 1.0000e-120
1.9055e+14	 5.0542e-11	 5.0542e-11	 0.0000e+00	 1.0000e-120	 1.0000e-120	 1.0000e-120	 1.0000e-120	 1.0000e-120	 1.0000e-120	 1.0000e-120	 1.0000e-120	 1.0000e-120
2.5119e+14	 5.6547e-11	 5.6547e-11	 0.0000e+00	 1.0000e-120	 1.0000e-120	 1.0000e-120	 1.0000e-120	 1.0000e-120	 1.0000e-120	 1.0000e-120	 1.0000e-120	 1.0000e-120
3.3113e+14	 6.3219e-11	 6.3219e-11	 0.0000e+00	 1.0000e-120	 1.0000e-120	 1.0000e-120	 1.0000e-120	 1.0000e-120	 1.0000e-120	 1.0000e-120	 1.0000e-120	 1.0000e-120
4.3652e+14	 7.0680e-11	 7.0680e-11	 0.0000e+00	 1.0000e-120	 1.0000e-120	 1.0000e-120	 1.0000e-120	 1.0000e-120	 1.0000e-120	 1.0000e-120	 1.0000e-120	 1.0000e-120
5.7544e+14	 7.9007e-11	 7.9007e-11	 0.0000e+00	 1.0000e-120	 1.0000e-120	 1.0000e-120	 1.0000e-120	 1.0000e-120	 1.0000e-120	 1.0000e-120	 1.0000e-120	 1.0000e-120
7.5858e+14	 8.8194e-11	 8.8194e-11	 0.0000e+00	 1.0000e-120	 1.0000e-120	 1.0000e-120	 1.0000e-120	 1.0000e-120	 1.0000e-120	 1.0000e-120	 1.0000e-120	 1.0000e-120
1.0000e+15	 9.8449e-11	 9.8449e-11	 0.0000e+00	 1.0000e-120	 1.0000e-120	 1.0000e-120	 1.0000e-120	 1.0000e-120	 1.0000e-120	 1.0000e-120	 1.0000e-120	 1.0000e-120
1.3183e+15	 1.0983e-10	 1.0983e-10	 0.0000e+00	 1.0000e-120	 1.0000e-120	 1.0000e-120	 1.0000e-120	 1.0000e-120	 1.0000e-120	 1.0000e-120	 1.0000e-120	 1.0000e-120
1.7378e+15	 1.2221e-10	 1.2221e-10	 0.0000e+00	 1.0000e-120	 1.0000e-120	 1.0000e-120	 1.0000e-120	 1.0000e-120	 1.0000e-120	 1.0000e-120	 1.0000e-120	 1.0000e-120
2.2909e+15	 1.3599e-10	 1.3599e-10	 0.0000e+00	 1.0000e-120	 1.0000e-120	 1.0000e-120	 1.0000e-120	 1.0000e-120	 1.0000e-120	 1.0000e-120	 1.0000e-120	 1.0000e-120
3.0200e+15	 1.5106e-10	 1.5106e-10	 0.0000e+00	 1.0000e-120	 1.0000e-120	 1.0000e-120	 1.0000e-120	 1.0000e-120	 1.0000e-120	 1.0000e-120	 1.0000e-120	 1.0000e-120
3.9811e+15	 1.6702e-10	 1.6702e-10	 0.0000e+00	 1.0000e-120	 1.0000e-120	 1.0000e-120	 1.0000e-120	 1.0000e-120	 1.0000e-120	 1.0000e-120	 1.0000e-120	 1.0000e-120
5.2481e+15	 1.8466e-10	 1.8466e-10	 0.0000e+00	 1.0000e-120	 1.0000e-120	 1.0000e-120	 1.0000e-120	 1.0000e-120	 1.0000e-120	 1.0000e-120	 1.0000e-120	 1.0000e-120
6.9183e+15	 2.0327e-10	 2.0327e-10	 0.0000e+00	 1.0000e-120	 1.0000e-120	 1.0000e-120	 1.0000e-120	 1.0000e-120	 1.0000e-120	 1.0000e-120	 1.0000e-120	 1.0000e-120
9.1201e+15	 2.2191e-10	 2.2191e-10	 0.0000e+00	 1.0000e-120	 1.0000e-120	 1.0000e-120	 1.0000e-120	 1.0000e-120	 1.0000e-120	 1.0000e-120	 1.0000e-120	 1.0000e-120
1.2023e+16	 2.4225e-10	 2.4225e-10	 0.0000e+00	 1.0000e-120	 1.0000e-120	 1.0000e-120	 1.0000e-120	 1.0000e-120	 1.0000e-120	 1.0000e-120	 1.0000e-120	 1.0000e-120
1.5849e+16	 2.6180e-10	 2.6180e-10	 0.0000e+00	 1.0000e-120	 1.0000e-120	 1.0000e-120	 1.0000e-120	 1.0000e-120	 1.0000e-120	 1.0000e-120	 1.0000e-120	 1.0000e-120
2.0893e+16	 2.7909e-10	 2.7909e-10	 0.0000e+00	 1.0000e-120	 1.0000e-120	 1.0000e-120	 1.0000e-120	 1.0000e-120	 1.0000e-120	 1.0000e-120	 1.0000e-120	 1.0000e-120
2.7542e+16	 2.9751e-10	 2.9751e-10	 0.0000e+00	 1.0000e-120	 1.0000e-120	 1.0000e-120	 1.0000e-120	 1.0000e-120	 1.0000e-120	 1.0000e-120	 1.0000e-120	 1.0000e-120
3.6308e+16	 3.1081e-10	 3.1081e-10	 0.0000e+00	 1.0000e-120	 1.0000e-120	 1.0000e-120	 1.0000e-120	 1.0000e-120	 1.0000e-120	 1.0000e-120	 1.0000e-120	 1.0000e-120
4.7863e+16	 3.1831e-10	 3.1831e-10	 0.0000e+00	 1.0000e-120	 1.0000e-120	 1.0000e-120	 1.0000e-120	 1.0000e-120	 1.0000e-120	 1.0000e-120	 1.0000e-120	 1.0000e-120
6.3096e+16	 3.2599e-10	 3.2599e-10	 0.0000e+00	 1.0000e-120	 1.0000e-120	 1.0000e-120	 1.0000e-120	 1.0000e-120	 1.0000e-120	 1.0000e-120	 1.0000e-120	 1.0000e-120
8.3176e+16	 3.2390e-10	 3.2390e-10	 4.2953e-19	 1.0000e-120	 1.0000e-120	 1.0000e-120	 1.0000e-120	 1.0000e-120	 1.0000e-120	 1.0000e-120	 1.0000e-120	 1.0000e-120
1.0965e+17	 3.1491e-10	 3.1491e-10	 6.1546e-19	 1.0000e-120	 1.0000e-120	 1.0000e-120	 1.0000e-120	 1.0000e-120	 1.0000e-120	 1.0000e-120	 1.0000e-120	 1.0000e-120
1.4454e+17	 3.0617e-10	 3.0617e-10	 8.8188e-19	 1.0000e-120	 1.0000e-120	 1.0000e-120	 1.0000e-120	 1.0000e-120	 1.0000e-120	 1.0000e-120	 1.0000e-120	 1.0000e-120
1.9055e+17	 2.9026e-10	 2.9026e-10	 1.2597e-18	 1.0000e-120	 1.0000e-120	 1.0000e-120	 1.0000e-120	 1.0000e-120	 1.0000e-120	 1.0000e-120	 1.0000e-120	 1.0000e-120
2.5119e+17	 2.7164e-10	 2.7164e-10	 1.7990e-18	 1.0000e-120	 1.0000e-120	 1.0000e-120	 1.0000e-120	 1.0000e-120	 1.0000e-120	 1.0000e-120	 1.0000e-120	 1.0000e-120
3.3113e+17	 2.5421e-10	 2.5421e-10	 2.5660e-18	 1.0000e-120	 1.0000e-120	 1.0000e-120	 1.0000e-120	 1.0000e-120	 1.0000e-120	 1.0000e-120	 1.0000e-120	 1.0000e-120
4.3652e+17	 2.3490e-10	 2.3490e-10	 3.6474e-18	 1.0000e-120	 1.0000e-120	 1.0000e-120	 1.0000e-120	 1.0000e-120	 1.0000e-120	 1.0000e-120	 1.0000e-120	 1.0000e-120
5.7544e+17	 2.1609e-10	 2.1609e-10	 5.1847e-18	 1.0000e-120	 1.0000e-120	 1.0000e-120	 1.0000e-120	 1.0000e-120	 1.0000e-120	 1.0000e-120	 1.0000e-120	 1.0000e-120
7.5858e+17	 1.9878e-10	 1.9878e-10	 7.3411e-18	 1.0000e-120	 1.0000e-120	 1.0000e-120	 1.0000e-120	 1.0000e-120	 1.0000e-120	 1.0000e-120	 1.0000e-120	 1.0000e-120
1.0000e+18	 1.7842e-10	 1.7842e-10	 1.0368e-17	 1.0000e-120	 1.0000e-120	 1.0000e-120	 1.0000e-120	 1.0000e-120	 1.0000e-120	 1.0000e-120	 1.0000e-120	 1.0000e-120
1.3183e+18	 1.5927e-10	 1.5927e-10	 1.4644e-17	 1.0000e-120	 1.0000e-120	 1.0000e-120	 1.0000e-120	 1.0000e-120	 1.0000e-120	 1.0000e-120	 1.0000e-120	 1.0000e-120
1.7378e+18	 1.4217e-10	 1.4217e-10	 2.0506e-17	 1.0000e-120	 1.0000e-120	 1.0000e-120	 1.0000e-120	 1.0000e-120	 1.0000e-120	 1.0000e-120	 1.0000e-120	 1.0000e-120
2.2909e+18	 1.1795e-10	 1.1795e-10	 2.8702e-17	 1.0000e-120	 1.0000e-120	 1.0000e-120	 1.0000e-120	 1.0000e-120	 1.0000e-120	 1.0000e-120	 1.0000e-120	 1.0000e-120
3.0200e+18	 9.7036e-11	 9.7036e-11	 4.0007e-17	 1.0000e-120	 1.0000e-120	 1.0000e-120	 1.0000e-120	 1.0000e-120	 1.0000e-120	 1.0000e-120	 1.0000e-120	 1.0000e-120
3.9811e+18	 7.9829e-11	 7.9829e-11	 5.5217e-17	 1.0000e-120	 1.0000e-120	 1.0000e-120	 1.0000e-120	 1.0000e-120	 1.0000e-120	 1.0000e-120	 1.0000e-120	 1.0000e-120
5.2481e+18	 5.3773e-11	 5.3773e-11	 7.6209e-17	 1.0000e-120	 1.0000e-120	 1.0000e-120	 1.0000e-120	 1.0000e-120	 1.0000e-120	 1.0000e-120	 1.0000e-120	 1.0000e-120
6.9183e+18	 3.6039e-11	 3.6039e-11	 1.0400e-16	 1.0000e-120	 1.0000e-120	 1.0000e-120	 1.0000e-120	 1.0000e-120	 1.0000e-120	 1.0000e-120	 1.0000e-120	 1.0000e-120
9.1201e+18	 2.3533e-11	 2.3533e-11	 1.4100e-16	 1.0000e-120	 1.0000e-120	 1.0000e-120	 1.0000e-120	 1.0000e-120	 1.0000e-120	 1.0000e-120	 1.0000e-120	 1.0000e-120
1.2023e+19	 9.7331e-12	 9.7329e-12	 1.9117e-16	 1.0000e-120	 1.0000e-120	 1.0000e-120	 1.0000e-120	 1.0000e-120	 1.0000e-120	 1.0000e-120	 1.0000e-120	 1.0000e-120
1.5849e+19	 4.0257e-12	 4.0255e-12	 2.5375e-16	 1.0000e-120	 1.0000e-120	 1.0000e-120	 1.0000e-120	 1.0000e-120	 1.0000e-120	 1.0000e-120	 1.0000e-120	 1.0000e-120
2.0893e+19	 1.4397e-12	 1.4394e-12	 3.3665e-16	 1.0000e-120	 1.0000e-120	 1.0000e-120	 1.0000e-120	 1.0000e-120	 1.0000e-120	 1.0000e-120	 1.0000e-120	 1.0000e-120
2.7542e+19	 1.9891e-13	 1.9847e-13	 4.4304e-16	 1.0000e-120	 1.0000e-120	 1.0000e-120	 1.0000e-120	 1.0000e-120	 1.0000e-120	 1.0000e-120	 1.0000e-120	 1.0000e-120
3.6308e+19	 2.7939e-14	 2.7366e-14	 5.7321e-16	 1.0000e-120	 1.0000e-120	 1.0000e-120	 1.0000e-120	 1.0000e-120	 1.0000e-120	 1.0000e-120	 1.0000e-120	 1.0000e-120
4.7863e+19	 2.9811e-15	 2.2394e-15	 7.4164e-16	 1.0000e-120	 1.0000e-120	 1.0000e-120	 1.0000e-120	 1.0000e-120	 1.0000e-120	 1.0000e-120	 1.0000e-120	 1.0000e-120
6.3096e+19	 9.6921e-16	 2.6080e-17	 9.4313e-16	 1.0000e-120	 1.0000e-120	 1.0000e-120	 1.0000e-120	 1.0000e-120	 1.0000e-120	 1.0000e-120	 1.0000e-120	 1.0000e-120
8.3176e+19	 1.1892e-15	 3.0373e-19	 1.1889e-15	 1.0000e-120	 1.0000e-120	 1.0000e-120	 1.0000e-120	 1.0000e-120	 1.0000e-120	 1.0000e-120	 1.0000e-120	 1.0000e-120
1.0965e+20	 1.4985e-15	 7.0684e-22	 1.4985e-15	 1.0000e-120	 1.0000e-120	 1.0000e-120	 1.0000e-120	 1.0000e-120	 1.0000e-120	 1.0000e-120	 1.0000e-120	 1.0000e-120
1.4454e+20	 1.8457e-15	 3.1730e-26	 1.8457e-15	 1.0000e-120	 1.0000e-120	 1.0000e-120	 1.0000e-120	 1.0000e-120	 1.0000e-120	 1.0000e-120	 1.0000e-120	 1.0000e-120
1.9055e+20	 2.2733e-15	 1.4243e-30	 2.2733e-15	 1.0000e-120	 1.0000e-120	 1.0000e-120	 1.0000e-120	 1.0000e-120	 1.0000e-120	 1.0000e-120	 1.0000e-120	 1.0000e-120
2.5119e+20	 2.7824e-15	 6.3322e-37	 2.7824e-15	 1.0000e-120	 1.0000e-120	 1.0000e-120	 1.0000e-120	 1.0000e-120	 1.0000e-120	 1.0000e-120	 1.0000e-120	 1.0000e-120
3.3113e+20	 3.3654e-15	 1.0276e-46	 3.3654e-15	 1.0000e-120	 1.0000e-120	 1.0000e-120	 1.0000e-120	 1.0000e-120	 1.0000e-120	 1.0000e-120	 1.0000e-120	 1.0000e-120
4.3652e+20	 4.0706e-15	 1.6677e-56	 4.0706e-15	 1.0000e-120	 1.0000e-120	 1.0000e-120	 1.0000e-120	 1.0000e-120	 1.0000e-120	 1.0000e-120	 1.0000e-120	 1.0000e-120
5.7544e+20	 4.8790e-15	 0.0000e+00	 4.8790e-15	 1.0000e-120	 1.0000e-120	 1.0000e-120	 1.0000e-120	 1.0000e-120	 1.0000e-120	 1.0000e-120	 1.0000e-120	 1.0000e-120
7.5858e+20	 5.8241e-15	 0.0000e+00	 5.8241e-15	 1.0000e-120	 1.0000e-120	 1.0000e-120	 1.0000e-120	 1.0000e-120	 1.0000e-120	 1.0000e-120	 1.0000e-120	 1.0000e-120
1.0000e+21	 6.9500e-15	 0.0000e+00	 6.9500e-15	 1.0000e-120	 1.0000e-120	 1.0000e-120	 1.0000e-120	 1.0000e-120	 1.0000e-120	 1.0000e-120	 1.0000e-120	 1.0000e-120
1.3183e+21	 8.2162e-15	 0.0000e+00	 8.2162e-15	 1.0000e-120	 1.0000e-120	 1.0000e-120	 1.0000e-120	 1.0000e-120	 1.0000e-120	 1.0000e-120	 1.0000e-120	 1.0000e-120
1.7378e+21	 9.7131e-15	 0.0000e+00	 9.7131e-15	 1.0000e-120	 1.0000e-120	 1.0000e-120	 1.0000e-120	 1.0000e-120	 1.0000e-120	 1.0000e-120	 1.0000e-120	 1.0000e-120
2.2909e+21	 1.1449e-14	 0.0000e+00	 1.1449e-14	 1.0000e-120	 1.0000e-120	 1.0000e-120	 1.0000e-120	 1.0000e-120	 1.0000e-120	 1.0000e-120	 1.0000e-120	 1.0000e-120
3.0200e+21	 1.3431e-14	 0.0000e+00	 1.3431e-14	 1.0000e-120	 1.0000e-120	 1.0000e-120	 1.0000e-120	 1.0000e-120	 1.0000e-120	 1.0000e-120	 1.0000e-120	 1.0000e-120
3.9811e+21	 1.5755e-14	 0.0000e+00	 1.5755e-14	 1.0000e-120	 1.0000e-120	 1.0000e-120	 1.0000e-120	 1.0000e-120	 1.0000e-120	 1.0000e-120	 1.0000e-120	 1.0000e-120
5.2481e+21	 1.8391e-14	 0.0000e+00	 1.8391e-14	 1.0000e-120	 1.0000e-120	 1.0000e-120	 1.0000e-120	 1.0000e-120	 1.0000e-120	 1.0000e-120	 1.0000e-120	 1.0000e-120
6.9183e+21	 2.1427e-14	 0.0000e+00	 2.1427e-14	 1.0000e-120	 1.0000e-120	 1.0000e-120	 1.0000e-120	 1.0000e-120	 1.0000e-120	 1.0000e-120	 1.0000e-120	 1.0000e-120
9.1201e+21	 2.4953e-14	 0.0000e+00	 2.4953e-14	 1.0000e-120	 1.0000e-120	 1.0000e-120	 1.0000e-120	 1.0000e-120	 1.0000e-120	 1.0000e-120	 1.0000e-120	 1.0000e-120
1.2023e+22	 2.8856e-14	 0.0000e+00	 2.8856e-14	 1.0000e-120	 1.0000e-120	 1.0000e-120	 1.0000e-120	 1.0000e-120	 1.0000e-120	 1.0000e-120	 1.0000e-120	 1.0000e-120
1.5849e+22	 3.3369e-14	 0.0000e+00	 3.3369e-14	 1.0000e-120	 1.0000e-120	 1.0000e-120	 1.0000e-120	 1.0000e-120	 1.0000e-120	 1.0000e-120	 1.0000e-120	 1.0000e-120
2.0893e+22	 3.8470e-14	 0.0000e+00	 3.8470e-14	 1.0000e-120	 1.0000e-120	 1.0000e-120	 1.0000e-120	 1.0000e-120	 1.0000e-120	 1.0000e-120	 1.0000e-120	 1.0000e-120
2.7542e+22	 4.4152e-14	 0.0000e+00	 4.4152e-14	 1.0000e-120	 1.0000e-120	 1.0000e-120	 1.0000e-120	 1.0000e-120	 1.0000e-120	 1.0000e-120	 1.0000e-120	 1.0000e-120
3.6308e+22	 5.0672e-14	 0.0000e+00	 5.0672e-14	 1.0000e-120	 1.0000e-120	 1.0000e-120	 1.0000e-120	 1.0000e-120	 1.0000e-120	 1.0000e-120	 1.0000e-120	 1.0000e-120
4.7863e+22	 5.7794e-14	 0.0000e+00	 5.7794e-14	 1.0000e-120	 1.0000e-120	 1.0000e-120	 1.0000e-120	 1.0000e-120	 1.0000e-120	 1.0000e-120	 1.0000e-120	 1.0000e-120
6.3096e+22	 6.5776e-14	 0.0000e+00	 6.5776e-14	 1.0000e-120	 1.0000e-120	 1.0000e-120	 1.0000e-120	 1.0000e-120	 1.0000e-120	 1.0000e-120	 1.0000e-120	 1.0000e-120
8.3176e+22	 7.4796e-14	 0.0000e+00	 7.4796e-14	 1.0000e-120	 1.0000e-120	 1.0000e-120	 1.0000e-120	 1.0000e-120	 1.0000e-120	 1.0000e-120	 1.0000e-120	 1.0000e-120
1.0965e+23	 8.4291e-14	 0.0000e+00	 8.4291e-14	 1.0000e-120	 1.0000e-120	 1.0000e-120	 1.0000e-120	 1.0000e-120	 1.0000e-120	 1.0000e-120	 1.0000e-120	 1.0000e-120
1.4454e+23	 9.4992e-14	 0.0000e+00	 9.4992e-14	 1.0000e-120	 1.0000e-120	 1.0000e-120	 1.0000e-120	 1.0000e-120	 1.0000e-120	 1.0000e-120	 1.0000e-120	 1.0000e-120
1.9055e+23	 1.0651e-13	 0.0000e+00	 1.0651e-13	 1.0000e-120	 1.0000e-120	 1.0000e-120	 1.0000e-120	 1.0000e-120	 1.0000e-120	 1.0000e-120	 1.0000e-120	 1.0000e-120
2.5119e+23	 1.1864e-13	 0.0000e+00	 1.1864e-13	 1.0000e-120	 1.0000e-120	 1.0000e-120	 1.0000e-120	 1.0000e-120	 1.0000e-120	 1.0000e-120	 1.0000e-120	 1.0000e-120
3.3113e+23	 1.3214e-13	 0.0000e+00	 1.3214e-13	 1.0000e-120	 1.0000e-120	 1.0000e-120	 1.0000e-120	 1.0000e-120	 1.0000e-120	 1.0000e-120	 1.0000e-120	 1.0000e-120
4.3652e+23	 1.4569e-13	 0.0000e+00	 1.4569e-13	 1.0000e-120	 1.0000e-120	 1.0000e-120	 1.0000e-120	 1.0000e-120	 1.0000e-120	 1.0000e-120	 1.0000e-120	 1.0000e-120
5.7544e+23	 1.6015e-13	 0.0000e+00	 1.6015e-13	 1.0000e-120	 1.0000e-120	 1.0000e-120	 1.0000e-120	 1.0000e-120	 1.0000e-120	 1.0000e-120	 1.0000e-120	 1.0000e-120
7.5858e+23	 1.7575e-13	 0.0000e+00	 1.7575e-13	 1.0000e-120	 1.0000e-120	 1.0000e-120	 1.0000e-120	 1.0000e-120	 1.0000e-120	 1.0000e-120	 1.0000e-120	 1.0000e-120
1.0000e+24	 1.9046e-13	 0.0000e+00	 1.9046e-13	 1.0000e-120	 1.0000e-120	 1.0000e-120	 1.0000e-120	 1.0000e-120	 1.0000e-120	 1.0000e-120	 1.0000e-120	 1.0000e-120
1.3183e+24	 2.0640e-13	 0.0000e+00	 2.0640e-13	 1.0000e-120	 1.0000e-120	 1.0000e-120	 1.0000e-120	 1.0000e-120	 1.0000e-120	 1.0000e-120	 1.0000e-120	 1.0000e-120
1.7378e+24	 2.2211e-13	 0.0000e+00	 2.2211e-13	 1.0000e-120	 1.0000e-120	 1.0000e-120	 1.0000e-120	 1.0000e-120	 1.0000e-120	 1.0000e-120	 1.0000e-120	 1.0000e-120
2.2909e+24	 2.3704e-13	 0.0000e+00	 2.3704e-13	 1.0000e-120	 1.0000e-120	 1.0000e-120	 1.0000e-120	 1.0000e-120	 1.0000e-120	 1.0000e-120	 1.0000e-120	 1.0000e-120
3.0200e+24	 2.5297e-13	 0.0000e+00	 2.5297e-13	 1.0000e-120	 1.0000e-120	 1.0000e-120	 1.0000e-120	 1.0000e-120	 1.0000e-120	 1.0000e-120	 1.0000e-120	 1.0000e-120
3.9811e+24	 2.6665e-13	 0.0000e+00	 2.6665e-13	 1.0000e-120	 1.0000e-120	 1.0000e-120	 1.0000e-120	 1.0000e-120	 1.0000e-120	 1.0000e-120	 1.0000e-120	 1.0000e-120
5.2481e+24	 2.8021e-13	 0.0000e+00	 2.8021e-13	 1.0000e-120	 1.0000e-120	 1.0000e-120	 1.0000e-120	 1.0000e-120	 1.0000e-120	 1.0000e-120	 1.0000e-120	 1.0000e-120
6.9183e+24	 2.9367e-13	 0.0000e+00	 2.9367e-13	 1.0000e-120	 1.0000e-120	 1.0000e-120	 1.0000e-120	 1.0000e-120	 1.0000e-120	 1.0000e-120	 1.0000e-120	 1.0000e-120
9.1201e+24	 3.0284e-13	 0.0000e+00	 3.0284e-13	 1.0000e-120	 1.0000e-120	 1.0000e-120	 1.0000e-120	 1.0000e-120	 1.0000e-120	 1.0000e-120	 1.0000e-120	 1.0000e-120
1.2023e+25	 3.1229e-13	 0.0000e+00	 3.1229e-13	 1.0000e-120	 1.0000e-120	 1.0000e-120	 1.0000e-120	 1.0000e-120	 1.0000e-120	 1.0000e-120	 1.0000e-120	 1.0000e-120
1.5849e+25	 3.1775e-13	 0.0000e+00	 3.1775e-13	 1.0000e-120	 1.0000e-120	 1.0000e-120	 1.0000e-120	 1.0000e-120	 1.0000e-120	 1.0000e-120	 1.0000e-120	 1.0000e-120
2.0893e+25	 3.1874e-13	 0.0000e+00	 3.1874e-13	 1.0000e-120	 1.0000e-120	 1.0000e-120	 1.0000e-120	 1.0000e-120	 1.0000e-120	 1.0000e-120	 1.0000e-120	 1.0000e-120
2.7542e+25	 3.1973e-13	 0.0000e+00	 3.1973e-13	 1.0000e-120	 1.0000e-120	 1.0000e-120	 1.0000e-120	 1.0000e-120	 1.0000e-120	 1.0000e-120	 1.0000e-120	 1.0000e-120
3.6308e+25	 3.0968e-13	 0.0000e+00	 3.0968e-13	 1.0000e-120	 1.0000e-120	 1.0000e-120	 1.0000e-120	 1.0000e-120	 1.0000e-120	 1.0000e-120	 1.0000e-120	 1.0000e-120
4.7863e+25	 2.9778e-13	 0.0000e+00	 2.9778e-13	 1.0000e-120	 1.0000e-120	 1.0000e-120	 1.0000e-120	 1.0000e-120	 1.0000e-120	 1.0000e-120	 1.0000e-120	 1.0000e-120
6.3096e+25	 2.8302e-13	 0.0000e+00	 2.8302e-13	 1.0000e-120	 1.0000e-120	 1.0000e-120	 1.0000e-120	 1.0000e-120	 1.0000e-120	 1.0000e-120	 1.0000e-120	 1.0000e-120
8.3176e+25	 2.5420e-13	 0.0000e+00	 2.5420e-13	 1.0000e-120	 1.0000e-120	 1.0000e-120	 1.0000e-120	 1.0000e-120	 1.0000e-120	 1.0000e-120	 1.0000e-120	 1.0000e-120
1.0965e+26	 2.2831e-13	 0.0000e+00	 2.2831e-13	 1.0000e-120	 1.0000e-120	 1.0000e-120	 1.0000e-120	 1.0000e-120	 1.0000e-120	 1.0000e-120	 1.0000e-120	 1.0000e-120
1.4454e+26	 1.9407e-13	 0.0000e+00	 1.9407e-13	 1.0000e-120	 1.0000e-120	 1.0000e-120	 1.0000e-120	 1.0000e-120	 1.0000e-120	 1.0000e-120	 1.0000e-120	 1.0000e-120
1.9055e+26	 1.5657e-13	 0.0000e+00	 1.5657e-13	 1.0000e-120	 1.0000e-120	 1.0000e-120	 1.0000e-120	 1.0000e-120	 1.0000e-120	 1.0000e-120	 1.0000e-120	 1.0000e-120
2.5119e+26	 1.2631e-13	 0.0000e+00	 1.2631e-13	 1.0000e-120	 1.0000e-120	 1.0000e-120	 1.0000e-120	 1.0000e-120	 1.0000e-120	 1.0000e-120	 1.0000e-120	 1.0000e-120
3.3113e+26	 9.3284e-14	 0.0000e+00	 9.3284e-14	 1.0000e-120	 1.0000e-120	 1.0000e-120	 1.0000e-120	 1.0000e-120	 1.0000e-120	 1.0000e-120	 1.0000e-120	 1.0000e-120
4.3652e+26	 6.7873e-14	 0.0000e+00	 6.7873e-14	 1.0000e-120	 1.0000e-120	 1.0000e-120	 1.0000e-120	 1.0000e-120	 1.0000e-120	 1.0000e-120	 1.0000e-120	 1.0000e-120
5.7544e+26	 4.7814e-14	 0.0000e+00	 4.7814e-14	 1.0000e-120	 1.0000e-120	 1.0000e-120	 1.0000e-120	 1.0000e-120	 1.0000e-120	 1.0000e-120	 1.0000e-120	 1.0000e-120
7.5858e+26	 2.9542e-14	 0.0000e+00	 2.9542e-14	 1.0000e-120	 1.0000e-120	 1.0000e-120	 1.0000e-120	 1.0000e-120	 1.0000e-120	 1.0000e-120	 1.0000e-120	 1.0000e-120
1.0000e+27	 1.8253e-14	 0.0000e+00	 1.8253e-14	 1.0000e-120	 1.0000e-120	 1.0000e-120	 1.0000e-120	 1.0000e-120	 1.0000e-120	 1.0000e-120	 1.0000e-120	 1.0000e-120
1.3183e+27	 6.4471e-15	 0.0000e+00	 6.4471e-15	 1.0000e-120	 1.0000e-120	 1.0000e-120	 1.0000e-120	 1.0000e-120	 1.0000e-120	 1.0000e-120	 1.0000e-120	 1.0000e-120
1.7378e+27	 1.4144e-15	 0.0000e+00	 1.4144e-15	 1.0000e-120	 1.0000e-120	 1.0000e-120	 1.0000e-120	 1.0000e-120	 1.0000e-120	 1.0000e-120	 1.0000e-120	 1.0000e-120
2.2909e+27	 3.1028e-16	 0.0000e+00	 3.1028e-16	 1.0000e-120	 1.0000e-120	 1.0000e-120	 1.0000e-120	 1.0000e-120	 1.0000e-120	 1.0000e-120	 1.0000e-120	 1.0000e-120
3.0200e+27	 5.5237e-51	 0.0000e+00	 5.5237e-51	 1.0000e-120	 1.0000e-120	 1.0000e-120	 1.0000e-120	 1.0000e-120	 1.0000e-120	 1.0000e-120	 1.0000e-120	 1.0000e-120
3.9811e+27	 2.8370e-90	 0.0000e+00	 2.8370e-90	 1.0000e-120	 1.0000e-120	 1.0000e-120	 1.0000e-120	 1.0000e-120	 1.0000e-120	 1.0000e-120	 1.0000e-120	 1.0000e-120
5.2481e+27	 0.0000e+00	 0.0000e+00	 0.0000e+00	 1.0000e-120	 1.0000e-120	 1.0000e-120	 1.0000e-120	 1.0000e-120	 1.0000e-120	 1.0000e-120	 1.0000e-120	 1.0000e-120
6.9183e+27	 0.0000e+00	 0.0000e+00	 0.0000e+00	 1.0000e-120	 1.0000e-120	 1.0000e-120	 1.0000e-120	 1.0000e-120	 1.0000e-120	 1.0000e-120	 1.0000e-120	 1.0000e-120
9.1201e+27	 0.0000e+00	 0.0000e+00	 0.0000e+00	 1.0000e-120	 1.0000e-120	 1.0000e-120	 1.0000e-120	 1.0000e-120	 1.0000e-120	 1.0000e-120	 1.0000e-120	 1.0000e-120
1.2023e+28	 0.0000e+00	 0.0000e+00	 0.0000e+00	 1.0000e-120	 1.0000e-120	 1.0000e-120	 1.0000e-120	 1.0000e-120	 1.0000e-120	 1.0000e-120	 1.0000e-120	 1.0000e-120
1.5849e+28	 0.0000e+00	 0.0000e+00	 0.0000e+00	 1.0000e-120	 1.0000e-120	 1.0000e-120	 1.0000e-120	 1.0000e-120	 1.0000e-120	 1.0000e-120	 1.0000e-120	 1.0000e-120
2.0893e+28	 0.0000e+00	 0.0000e+00	 0.0000e+00	 1.0000e-120	 1.0000e-120	 1.0000e-120	 1.0000e-120	 1.0000e-120	 1.0000e-120	 1.0000e-120	 1.0000e-120	 1.0000e-120
2.7542e+28	 0.0000e+00	 0.0000e+00	 0.0000e+00	 1.0000e-120	 1.0000e-120	 1.0000e-120	 1.0000e-120	 1.0000e-120	 1.0000e-120	 1.0000e-120	 1.0000e-120	 1.0000e-120
3.6308e+28	 0.0000e+00	 0.0000e+00	 0.0000e+00	 1.0000e-120	 1.0000e-120	 1.0000e-120	 1.0000e-120	 1.0000e-120	 1.0000e-120	 1.0000e-120	 1.0000e-120	 1.0000e-120
4.7863e+28	 0.0000e+00	 0.0000e+00	 0.0000e+00	 1.0000e-120	 1.0000e-120	 1.0000e-120	 1.0000e-120	 1.0000e-120	 1.0000e-120	 1.0000e-120	 1.0000e-120	 1.0000e-120
6.3096e+28	 0.0000e+00	 0.0000e+00	 0.0000e+00	 1.0000e-120	 1.0000e-120	 1.0000e-120	 1.0000e-120	 1.0000e-120	 1.0000e-120	 1.0000e-120	 1.0000e-120	 1.0000e-120
8.3176e+28	 0.0000e+00	 0.0000e+00	 0.0000e+00	 1.0000e-120	 1.0000e-120	 1.0000e-120	 1.0000e-120	 1.0000e-120	 1.0000e-120	 1.0000e-120	 1.0000e-120	 1.0000e-120
1.0965e+29	 0.0000e+00	 0.0000e+00	 0.0000e+00	 1.0000e-120	 1.0000e-120	 1.0000e-120	 1.0000e-120	 1.0000e-120	 1.0000e-120	 1.0000e-120	 1.0000e-120	 1.0000e-120
1.4454e+29	 0.0000e+00	 0.0000e+00	 0.0000e+00	 1.0000e-120	 1.0000e-120	 1.0000e-120	 1.0000e-120	 1.0000e-120	 1.0000e-120	 1.0000e-120	 1.0000e-120	 1.0000e-120
1.9055e+29	 0.0000e+00	 0.0000e+00	 0.0000e+00	 1.0000e-120	 1.0000e-120	 1.0000e-120	 1.0000e-120	 1.0000e-120	 1.0000e-120	 1.0000e-120	 1.0000e-120	 1.0000e-120
2.5119e+29	 0.0000e+00	 0.0000e+00	 0.0000e+00	 1.0000e-120	 1.0000e-120	 1.0000e-120	 1.0000e-120	 1.0000e-120	 1.0000e-120	 1.0000e-120	 1.0000e-120	 1.0000e-120
3.3113e+29	 0.0000e+00	 0.0000e+00	 0.0000e+00	 1.0000e-120	 1.0000e-120	 1.0000e-120	 1.0000e-120	 1.0000e-120	 1.0000e-120	 1.0000e-120	 1.0000e-120	 1.0000e-120
4.3652e+29	 0.0000e+00	 0.0000e+00	 0.0000e+00	 1.0000e-120	 1.0000e-120	 1.0000e-120	 1.0000e-120	 1.0000e-120	 1.0000e-120	 1.0000e-120	 1.0000e-120	 1.0000e-120
5.7544e+29	 0.0000e+00	 0.0000e+00	 0.0000e+00	 1.0000e-120	 1.0000e-120	 1.0000e-120	 1.0000e-120	 1.0000e-120	 1.0000e-120	 1.0000e-120	 1.0000e-120	 1.0000e-120
7.5858e+29	 0.0000e+00	 0.0000e+00	 0.0000e+00	 1.0000e-120	 1.0000e-120	 1.0000e-120	 1.0000e-120	 1.0000e-120	 1.0000e-120	 1.0000e-120	 1.0000e-120	 1.0000e-120
