########################################################################
#_obs is as observed from the earth: beaming+cosmo   
#log(nu_obs) log(nuFnu_somma_obs)  log(nuFnu_Sync_obs) log(nuFnu_SSC_obs)  log(nu_Fnu_Disk_obs) log(nu_Fnu_DT_obs)  log(nu_Fnu_Star_obs) log(nu_Fnu_EC_Disk_obs) log(nu_Fnu_EC_BLR_obs) log(nu_Fnu_EC_DT_obs)   log(nu_Fnu_EC_Star_obs) log(nu_Fnu_EC_CMB_obs)  
########################################################################
1.1400e+01	 -1.2750e+01	 -1.2750e+01	 -1.2000e+02	 -1.2000e+02	 -1.2000e+02	 -1.2000e+02	 -1.2000e+02	 -1.2000e+02	 -1.2000e+02	 -1.2000e+02	 -1.2000e+02	 -1.2000e+02
1.1488e+01	 -1.2638e+01	 -1.2638e+01	 -1.2000e+02	 -1.2000e+02	 -1.2000e+02	 -1.2000e+02	 -1.2000e+02	 -1.2000e+02	 -1.2000e+02	 -1.2000e+02	 -1.2000e+02	 -1.2000e+02
1.1576e+01	 -1.2526e+01	 -1.2526e+01	 -1.2000e+02	 -1.2000e+02	 -1.2000e+02	 -1.2000e+02	 -1.2000e+02	 -1.2000e+02	 -1.2000e+02	 -1.2000e+02	 -1.2000e+02	 -1.2000e+02
1.1664e+01	 -1.2415e+01	 -1.2415e+01	 -1.2000e+02	 -1.2000e+02	 -1.2000e+02	 -1.2000e+02	 -1.2000e+02	 -1.2000e+02	 -1.2000e+02	 -1.2000e+02	 -1.2000e+02	 -1.2000e+02
1.1752e+01	 -1.2305e+01	 -1.2305e+01	 -1.2000e+02	 -1.2000e+02	 -1.2000e+02	 -1.2000e+02	 -1.2000e+02	 -1.2000e+02	 -1.2000e+02	 -1.2000e+02	 -1.2000e+02	 -1.2000e+02
1.1840e+01	 -1.2196e+01	 -1.2196e+01	 -1.2000e+02	 -1.2000e+02	 -1.2000e+02	 -1.2000e+02	 -1.2000e+02	 -1.2000e+02	 -1.2000e+02	 -1.2000e+02	 -1.2000e+02	 -1.2000e+02
1.1928e+01	 -1.2089e+01	 -1.2089e+01	 -1.2000e+02	 -1.2000e+02	 -1.2000e+02	 -1.2000e+02	 -1.2000e+02	 -1.2000e+02	 -1.2000e+02	 -1.2000e+02	 -1.2000e+02	 -1.2000e+02
1.2016e+01	 -1.1983e+01	 -1.1983e+01	 -1.2000e+02	 -1.2000e+02	 -1.2000e+02	 -1.2000e+02	 -1.2000e+02	 -1.2000e+02	 -1.2000e+02	 -1.2000e+02	 -1.2000e+02	 -1.2000e+02
1.2104e+01	 -1.1879e+01	 -1.1879e+01	 -1.2000e+02	 -1.2000e+02	 -1.2000e+02	 -1.2000e+02	 -1.2000e+02	 -1.2000e+02	 -1.2000e+02	 -1.2000e+02	 -1.2000e+02	 -1.2000e+02
1.2192e+01	 -1.1778e+01	 -1.1778e+01	 -1.2000e+02	 -1.2000e+02	 -1.2000e+02	 -1.2000e+02	 -1.2000e+02	 -1.2000e+02	 -1.2000e+02	 -1.2000e+02	 -1.2000e+02	 -1.2000e+02
1.2280e+01	 -1.1678e+01	 -1.1678e+01	 -1.2000e+02	 -1.2000e+02	 -1.2000e+02	 -1.2000e+02	 -1.2000e+02	 -1.2000e+02	 -1.2000e+02	 -1.2000e+02	 -1.2000e+02	 -1.2000e+02
1.2368e+01	 -1.1583e+01	 -1.1583e+01	 -1.2000e+02	 -1.2000e+02	 -1.2000e+02	 -1.2000e+02	 -1.2000e+02	 -1.2000e+02	 -1.2000e+02	 -1.2000e+02	 -1.2000e+02	 -1.2000e+02
1.2456e+01	 -1.1490e+01	 -1.1490e+01	 -1.2000e+02	 -1.2000e+02	 -1.2000e+02	 -1.2000e+02	 -1.2000e+02	 -1.2000e+02	 -1.2000e+02	 -1.2000e+02	 -1.2000e+02	 -1.2000e+02
1.2544e+01	 -1.1400e+01	 -1.1400e+01	 -1.2000e+02	 -1.2000e+02	 -1.2000e+02	 -1.2000e+02	 -1.2000e+02	 -1.2000e+02	 -1.2000e+02	 -1.2000e+02	 -1.2000e+02	 -1.2000e+02
1.2632e+01	 -1.1318e+01	 -1.1318e+01	 -1.2000e+02	 -1.2000e+02	 -1.2000e+02	 -1.2000e+02	 -1.2000e+02	 -1.2000e+02	 -1.2000e+02	 -1.2000e+02	 -1.2000e+02	 -1.2000e+02
1.2720e+01	 -1.1239e+01	 -1.1239e+01	 -1.2000e+02	 -1.2000e+02	 -1.2000e+02	 -1.2000e+02	 -1.2000e+02	 -1.2000e+02	 -1.2000e+02	 -1.2000e+02	 -1.2000e+02	 -1.2000e+02
1.2808e+01	 -1.1165e+01	 -1.1165e+01	 -1.2000e+02	 -1.2000e+02	 -1.2000e+02	 -1.2000e+02	 -1.2000e+02	 -1.2000e+02	 -1.2000e+02	 -1.2000e+02	 -1.2000e+02	 -1.2000e+02
1.2896e+01	 -1.1100e+01	 -1.1100e+01	 -1.2000e+02	 -1.2000e+02	 -1.2000e+02	 -1.2000e+02	 -1.2000e+02	 -1.2000e+02	 -1.2000e+02	 -1.2000e+02	 -1.2000e+02	 -1.2000e+02
1.2984e+01	 -1.1040e+01	 -1.1040e+01	 -1.2000e+02	 -1.2000e+02	 -1.2000e+02	 -1.2000e+02	 -1.2000e+02	 -1.2000e+02	 -1.2000e+02	 -1.2000e+02	 -1.2000e+02	 -1.2000e+02
1.3072e+01	 -1.0988e+01	 -1.0988e+01	 -1.2000e+02	 -1.2000e+02	 -1.2000e+02	 -1.2000e+02	 -1.2000e+02	 -1.2000e+02	 -1.2000e+02	 -1.2000e+02	 -1.2000e+02	 -1.2000e+02
1.3160e+01	 -1.0945e+01	 -1.0945e+01	 -1.2000e+02	 -1.2000e+02	 -1.2000e+02	 -1.2000e+02	 -1.2000e+02	 -1.2000e+02	 -1.2000e+02	 -1.2000e+02	 -1.2000e+02	 -1.2000e+02
1.3248e+01	 -1.0907e+01	 -1.0907e+01	 -1.2000e+02	 -1.2000e+02	 -1.2000e+02	 -1.2000e+02	 -1.2000e+02	 -1.2000e+02	 -1.2000e+02	 -1.2000e+02	 -1.2000e+02	 -1.2000e+02
1.3336e+01	 -1.0878e+01	 -1.0878e+01	 -1.2000e+02	 -1.2000e+02	 -1.2000e+02	 -1.2000e+02	 -1.2000e+02	 -1.2000e+02	 -1.2000e+02	 -1.2000e+02	 -1.2000e+02	 -1.2000e+02
1.3424e+01	 -1.0853e+01	 -1.0853e+01	 -1.2000e+02	 -1.2000e+02	 -1.2000e+02	 -1.2000e+02	 -1.2000e+02	 -1.2000e+02	 -1.2000e+02	 -1.2000e+02	 -1.2000e+02	 -1.2000e+02
1.3512e+01	 -1.0832e+01	 -1.0832e+01	 -1.2000e+02	 -1.2000e+02	 -1.2000e+02	 -1.2000e+02	 -1.2000e+02	 -1.2000e+02	 -1.2000e+02	 -1.2000e+02	 -1.2000e+02	 -1.2000e+02
1.3600e+01	 -1.0815e+01	 -1.0815e+01	 -1.2000e+02	 -1.2000e+02	 -1.2000e+02	 -1.2000e+02	 -1.2000e+02	 -1.2000e+02	 -1.2000e+02	 -1.2000e+02	 -1.2000e+02	 -1.2000e+02
1.3688e+01	 -1.0798e+01	 -1.0798e+01	 -1.2000e+02	 -1.2000e+02	 -1.2000e+02	 -1.2000e+02	 -1.2000e+02	 -1.2000e+02	 -1.2000e+02	 -1.2000e+02	 -1.2000e+02	 -1.2000e+02
1.3776e+01	 -1.0782e+01	 -1.0782e+01	 -1.2000e+02	 -1.2000e+02	 -1.2000e+02	 -1.2000e+02	 -1.2000e+02	 -1.2000e+02	 -1.2000e+02	 -1.2000e+02	 -1.2000e+02	 -1.2000e+02
1.3864e+01	 -1.0767e+01	 -1.0767e+01	 -1.2000e+02	 -1.2000e+02	 -1.2000e+02	 -1.2000e+02	 -1.2000e+02	 -1.2000e+02	 -1.2000e+02	 -1.2000e+02	 -1.2000e+02	 -1.2000e+02
1.3952e+01	 -1.0751e+01	 -1.0751e+01	 -1.2000e+02	 -1.2000e+02	 -1.2000e+02	 -1.2000e+02	 -1.2000e+02	 -1.2000e+02	 -1.2000e+02	 -1.2000e+02	 -1.2000e+02	 -1.2000e+02
1.4040e+01	 -1.0736e+01	 -1.0736e+01	 -1.2000e+02	 -1.2000e+02	 -1.2000e+02	 -1.2000e+02	 -1.2000e+02	 -1.2000e+02	 -1.2000e+02	 -1.2000e+02	 -1.2000e+02	 -1.2000e+02
1.4128e+01	 -1.0720e+01	 -1.0720e+01	 -1.2000e+02	 -1.2000e+02	 -1.2000e+02	 -1.2000e+02	 -1.2000e+02	 -1.2000e+02	 -1.2000e+02	 -1.2000e+02	 -1.2000e+02	 -1.2000e+02
1.4216e+01	 -1.0705e+01	 -1.0705e+01	 -1.2000e+02	 -1.2000e+02	 -1.2000e+02	 -1.2000e+02	 -1.2000e+02	 -1.2000e+02	 -1.2000e+02	 -1.2000e+02	 -1.2000e+02	 -1.2000e+02
1.4304e+01	 -1.0690e+01	 -1.0690e+01	 -1.2000e+02	 -1.2000e+02	 -1.2000e+02	 -1.2000e+02	 -1.2000e+02	 -1.2000e+02	 -1.2000e+02	 -1.2000e+02	 -1.2000e+02	 -1.2000e+02
1.4392e+01	 -1.0674e+01	 -1.0674e+01	 -1.2000e+02	 -1.2000e+02	 -1.2000e+02	 -1.2000e+02	 -1.2000e+02	 -1.2000e+02	 -1.2000e+02	 -1.2000e+02	 -1.2000e+02	 -1.2000e+02
1.4480e+01	 -1.0659e+01	 -1.0659e+01	 -1.2000e+02	 -1.2000e+02	 -1.2000e+02	 -1.2000e+02	 -1.2000e+02	 -1.2000e+02	 -1.2000e+02	 -1.2000e+02	 -1.2000e+02	 -1.2000e+02
1.4568e+01	 -1.0644e+01	 -1.0644e+01	 -1.2000e+02	 -1.2000e+02	 -1.2000e+02	 -1.2000e+02	 -1.2000e+02	 -1.2000e+02	 -1.2000e+02	 -1.2000e+02	 -1.2000e+02	 -1.2000e+02
1.4656e+01	 -1.0629e+01	 -1.0629e+01	 -1.2000e+02	 -1.2000e+02	 -1.2000e+02	 -1.2000e+02	 -1.2000e+02	 -1.2000e+02	 -1.2000e+02	 -1.2000e+02	 -1.2000e+02	 -1.2000e+02
1.4744e+01	 -1.0614e+01	 -1.0614e+01	 -1.2000e+02	 -1.2000e+02	 -1.2000e+02	 -1.2000e+02	 -1.2000e+02	 -1.2000e+02	 -1.2000e+02	 -1.2000e+02	 -1.2000e+02	 -1.2000e+02
1.4832e+01	 -1.0599e+01	 -1.0599e+01	 -1.2000e+02	 -1.2000e+02	 -1.2000e+02	 -1.2000e+02	 -1.2000e+02	 -1.2000e+02	 -1.2000e+02	 -1.2000e+02	 -1.2000e+02	 -1.2000e+02
1.4920e+01	 -1.0584e+01	 -1.0584e+01	 -1.2000e+02	 -1.2000e+02	 -1.2000e+02	 -1.2000e+02	 -1.2000e+02	 -1.2000e+02	 -1.2000e+02	 -1.2000e+02	 -1.2000e+02	 -1.2000e+02
1.5008e+01	 -1.0570e+01	 -1.0570e+01	 -1.2000e+02	 -1.2000e+02	 -1.2000e+02	 -1.2000e+02	 -1.2000e+02	 -1.2000e+02	 -1.2000e+02	 -1.2000e+02	 -1.2000e+02	 -1.2000e+02
1.5096e+01	 -1.0555e+01	 -1.0555e+01	 -1.2000e+02	 -1.2000e+02	 -1.2000e+02	 -1.2000e+02	 -1.2000e+02	 -1.2000e+02	 -1.2000e+02	 -1.2000e+02	 -1.2000e+02	 -1.2000e+02
1.5184e+01	 -1.0541e+01	 -1.0541e+01	 -1.2000e+02	 -1.2000e+02	 -1.2000e+02	 -1.2000e+02	 -1.2000e+02	 -1.2000e+02	 -1.2000e+02	 -1.2000e+02	 -1.2000e+02	 -1.2000e+02
1.5272e+01	 -1.0526e+01	 -1.0526e+01	 -1.2000e+02	 -1.2000e+02	 -1.2000e+02	 -1.2000e+02	 -1.2000e+02	 -1.2000e+02	 -1.2000e+02	 -1.2000e+02	 -1.2000e+02	 -1.2000e+02
1.5360e+01	 -1.0512e+01	 -1.0512e+01	 -1.2000e+02	 -1.2000e+02	 -1.2000e+02	 -1.2000e+02	 -1.2000e+02	 -1.2000e+02	 -1.2000e+02	 -1.2000e+02	 -1.2000e+02	 -1.2000e+02
1.5448e+01	 -1.0498e+01	 -1.0498e+01	 -1.2000e+02	 -1.2000e+02	 -1.2000e+02	 -1.2000e+02	 -1.2000e+02	 -1.2000e+02	 -1.2000e+02	 -1.2000e+02	 -1.2000e+02	 -1.2000e+02
1.5536e+01	 -1.0485e+01	 -1.0485e+01	 -1.2000e+02	 -1.2000e+02	 -1.2000e+02	 -1.2000e+02	 -1.2000e+02	 -1.2000e+02	 -1.2000e+02	 -1.2000e+02	 -1.2000e+02	 -1.2000e+02
1.5624e+01	 -1.0471e+01	 -1.0471e+01	 -1.2000e+02	 -1.2000e+02	 -1.2000e+02	 -1.2000e+02	 -1.2000e+02	 -1.2000e+02	 -1.2000e+02	 -1.2000e+02	 -1.2000e+02	 -1.2000e+02
1.5712e+01	 -1.0458e+01	 -1.0458e+01	 -1.2000e+02	 -1.2000e+02	 -1.2000e+02	 -1.2000e+02	 -1.2000e+02	 -1.2000e+02	 -1.2000e+02	 -1.2000e+02	 -1.2000e+02	 -1.2000e+02
1.5800e+01	 -1.0445e+01	 -1.0445e+01	 -1.2000e+02	 -1.2000e+02	 -1.2000e+02	 -1.2000e+02	 -1.2000e+02	 -1.2000e+02	 -1.2000e+02	 -1.2000e+02	 -1.2000e+02	 -1.2000e+02
1.5888e+01	 -1.0432e+01	 -1.0432e+01	 -1.2000e+02	 -1.2000e+02	 -1.2000e+02	 -1.2000e+02	 -1.2000e+02	 -1.2000e+02	 -1.2000e+02	 -1.2000e+02	 -1.2000e+02	 -1.2000e+02
1.5976e+01	 -1.0419e+01	 -1.0419e+01	 -1.2000e+02	 -1.2000e+02	 -1.2000e+02	 -1.2000e+02	 -1.2000e+02	 -1.2000e+02	 -1.2000e+02	 -1.2000e+02	 -1.2000e+02	 -1.2000e+02
1.6064e+01	 -1.0407e+01	 -1.0407e+01	 -1.2000e+02	 -1.2000e+02	 -1.2000e+02	 -1.2000e+02	 -1.2000e+02	 -1.2000e+02	 -1.2000e+02	 -1.2000e+02	 -1.2000e+02	 -1.2000e+02
1.6152e+01	 -1.0396e+01	 -1.0396e+01	 -1.2000e+02	 -1.2000e+02	 -1.2000e+02	 -1.2000e+02	 -1.2000e+02	 -1.2000e+02	 -1.2000e+02	 -1.2000e+02	 -1.2000e+02	 -1.2000e+02
1.6240e+01	 -1.0384e+01	 -1.0384e+01	 -1.2000e+02	 -1.2000e+02	 -1.2000e+02	 -1.2000e+02	 -1.2000e+02	 -1.2000e+02	 -1.2000e+02	 -1.2000e+02	 -1.2000e+02	 -1.2000e+02
1.6328e+01	 -1.0373e+01	 -1.0373e+01	 -1.2000e+02	 -1.2000e+02	 -1.2000e+02	 -1.2000e+02	 -1.2000e+02	 -1.2000e+02	 -1.2000e+02	 -1.2000e+02	 -1.2000e+02	 -1.2000e+02
1.6416e+01	 -1.0363e+01	 -1.0363e+01	 -1.2000e+02	 -1.2000e+02	 -1.2000e+02	 -1.2000e+02	 -1.2000e+02	 -1.2000e+02	 -1.2000e+02	 -1.2000e+02	 -1.2000e+02	 -1.2000e+02
1.6504e+01	 -1.0353e+01	 -1.0353e+01	 -1.2000e+02	 -1.2000e+02	 -1.2000e+02	 -1.2000e+02	 -1.2000e+02	 -1.2000e+02	 -1.2000e+02	 -1.2000e+02	 -1.2000e+02	 -1.2000e+02
1.6592e+01	 -1.0344e+01	 -1.0344e+01	 -1.2000e+02	 -1.2000e+02	 -1.2000e+02	 -1.2000e+02	 -1.2000e+02	 -1.2000e+02	 -1.2000e+02	 -1.2000e+02	 -1.2000e+02	 -1.2000e+02
1.6680e+01	 -1.0335e+01	 -1.0335e+01	 -1.2000e+02	 -1.2000e+02	 -1.2000e+02	 -1.2000e+02	 -1.2000e+02	 -1.2000e+02	 -1.2000e+02	 -1.2000e+02	 -1.2000e+02	 -1.2000e+02
1.6768e+01	 -1.0327e+01	 -1.0327e+01	 -1.2000e+02	 -1.2000e+02	 -1.2000e+02	 -1.2000e+02	 -1.2000e+02	 -1.2000e+02	 -1.2000e+02	 -1.2000e+02	 -1.2000e+02	 -1.2000e+02
1.6856e+01	 -1.0320e+01	 -1.0320e+01	 -1.2000e+02	 -1.2000e+02	 -1.2000e+02	 -1.2000e+02	 -1.2000e+02	 -1.2000e+02	 -1.2000e+02	 -1.2000e+02	 -1.2000e+02	 -1.2000e+02
1.6944e+01	 -1.0313e+01	 -1.0313e+01	 -1.2000e+02	 -1.2000e+02	 -1.2000e+02	 -1.2000e+02	 -1.2000e+02	 -1.2000e+02	 -1.2000e+02	 -1.2000e+02	 -1.2000e+02	 -1.2000e+02
1.7032e+01	 -1.0308e+01	 -1.0308e+01	 -1.2000e+02	 -1.2000e+02	 -1.2000e+02	 -1.2000e+02	 -1.2000e+02	 -1.2000e+02	 -1.2000e+02	 -1.2000e+02	 -1.2000e+02	 -1.2000e+02
1.7120e+01	 -1.0303e+01	 -1.0303e+01	 -1.2000e+02	 -1.2000e+02	 -1.2000e+02	 -1.2000e+02	 -1.2000e+02	 -1.2000e+02	 -1.2000e+02	 -1.2000e+02	 -1.2000e+02	 -1.2000e+02
1.7208e+01	 -1.0300e+01	 -1.0300e+01	 -1.2000e+02	 -1.2000e+02	 -1.2000e+02	 -1.2000e+02	 -1.2000e+02	 -1.2000e+02	 -1.2000e+02	 -1.2000e+02	 -1.2000e+02	 -1.2000e+02
1.7296e+01	 -1.0298e+01	 -1.0298e+01	 -1.2000e+02	 -1.2000e+02	 -1.2000e+02	 -1.2000e+02	 -1.2000e+02	 -1.2000e+02	 -1.2000e+02	 -1.2000e+02	 -1.2000e+02	 -1.2000e+02
1.7384e+01	 -1.0297e+01	 -1.0297e+01	 -1.2000e+02	 -1.2000e+02	 -1.2000e+02	 -1.2000e+02	 -1.2000e+02	 -1.2000e+02	 -1.2000e+02	 -1.2000e+02	 -1.2000e+02	 -1.2000e+02
1.7472e+01	 -1.0296e+01	 -1.0296e+01	 -1.5539e+01	 -1.2000e+02	 -1.2000e+02	 -1.2000e+02	 -1.2000e+02	 -1.2000e+02	 -1.2000e+02	 -1.2000e+02	 -1.2000e+02	 -1.2000e+02
1.7560e+01	 -1.0299e+01	 -1.0299e+01	 -1.5430e+01	 -1.2000e+02	 -1.2000e+02	 -1.2000e+02	 -1.2000e+02	 -1.2000e+02	 -1.2000e+02	 -1.2000e+02	 -1.2000e+02	 -1.2000e+02
1.7648e+01	 -1.0302e+01	 -1.0302e+01	 -1.5321e+01	 -1.2000e+02	 -1.2000e+02	 -1.2000e+02	 -1.2000e+02	 -1.2000e+02	 -1.2000e+02	 -1.2000e+02	 -1.2000e+02	 -1.2000e+02
1.7736e+01	 -1.0307e+01	 -1.0307e+01	 -1.5213e+01	 -1.2000e+02	 -1.2000e+02	 -1.2000e+02	 -1.2000e+02	 -1.2000e+02	 -1.2000e+02	 -1.2000e+02	 -1.2000e+02	 -1.2000e+02
1.7824e+01	 -1.0314e+01	 -1.0314e+01	 -1.5129e+01	 -1.2000e+02	 -1.2000e+02	 -1.2000e+02	 -1.2000e+02	 -1.2000e+02	 -1.2000e+02	 -1.2000e+02	 -1.2000e+02	 -1.2000e+02
1.7912e+01	 -1.0323e+01	 -1.0323e+01	 -1.5051e+01	 -1.2000e+02	 -1.2000e+02	 -1.2000e+02	 -1.2000e+02	 -1.2000e+02	 -1.2000e+02	 -1.2000e+02	 -1.2000e+02	 -1.2000e+02
1.8000e+01	 -1.0334e+01	 -1.0334e+01	 -1.4974e+01	 -1.2000e+02	 -1.2000e+02	 -1.2000e+02	 -1.2000e+02	 -1.2000e+02	 -1.2000e+02	 -1.2000e+02	 -1.2000e+02	 -1.2000e+02
1.8088e+01	 -1.0349e+01	 -1.0349e+01	 -1.4873e+01	 -1.2000e+02	 -1.2000e+02	 -1.2000e+02	 -1.2000e+02	 -1.2000e+02	 -1.2000e+02	 -1.2000e+02	 -1.2000e+02	 -1.2000e+02
1.8176e+01	 -1.0365e+01	 -1.0365e+01	 -1.4757e+01	 -1.2000e+02	 -1.2000e+02	 -1.2000e+02	 -1.2000e+02	 -1.2000e+02	 -1.2000e+02	 -1.2000e+02	 -1.2000e+02	 -1.2000e+02
1.8264e+01	 -1.0385e+01	 -1.0385e+01	 -1.4642e+01	 -1.2000e+02	 -1.2000e+02	 -1.2000e+02	 -1.2000e+02	 -1.2000e+02	 -1.2000e+02	 -1.2000e+02	 -1.2000e+02	 -1.2000e+02
1.8352e+01	 -1.0408e+01	 -1.0408e+01	 -1.4515e+01	 -1.2000e+02	 -1.2000e+02	 -1.2000e+02	 -1.2000e+02	 -1.2000e+02	 -1.2000e+02	 -1.2000e+02	 -1.2000e+02	 -1.2000e+02
1.8440e+01	 -1.0434e+01	 -1.0434e+01	 -1.4370e+01	 -1.2000e+02	 -1.2000e+02	 -1.2000e+02	 -1.2000e+02	 -1.2000e+02	 -1.2000e+02	 -1.2000e+02	 -1.2000e+02	 -1.2000e+02
1.8528e+01	 -1.0466e+01	 -1.0466e+01	 -1.4226e+01	 -1.2000e+02	 -1.2000e+02	 -1.2000e+02	 -1.2000e+02	 -1.2000e+02	 -1.2000e+02	 -1.2000e+02	 -1.2000e+02	 -1.2000e+02
1.8616e+01	 -1.0502e+01	 -1.0502e+01	 -1.4093e+01	 -1.2000e+02	 -1.2000e+02	 -1.2000e+02	 -1.2000e+02	 -1.2000e+02	 -1.2000e+02	 -1.2000e+02	 -1.2000e+02	 -1.2000e+02
1.8704e+01	 -1.0541e+01	 -1.0542e+01	 -1.4022e+01	 -1.2000e+02	 -1.2000e+02	 -1.2000e+02	 -1.2000e+02	 -1.2000e+02	 -1.2000e+02	 -1.2000e+02	 -1.2000e+02	 -1.2000e+02
1.8792e+01	 -1.0590e+01	 -1.0591e+01	 -1.3950e+01	 -1.2000e+02	 -1.2000e+02	 -1.2000e+02	 -1.2000e+02	 -1.2000e+02	 -1.2000e+02	 -1.2000e+02	 -1.2000e+02	 -1.2000e+02
1.8880e+01	 -1.0646e+01	 -1.0646e+01	 -1.3878e+01	 -1.2000e+02	 -1.2000e+02	 -1.2000e+02	 -1.2000e+02	 -1.2000e+02	 -1.2000e+02	 -1.2000e+02	 -1.2000e+02	 -1.2000e+02
1.8968e+01	 -1.0707e+01	 -1.0707e+01	 -1.3776e+01	 -1.2000e+02	 -1.2000e+02	 -1.2000e+02	 -1.2000e+02	 -1.2000e+02	 -1.2000e+02	 -1.2000e+02	 -1.2000e+02	 -1.2000e+02
1.9056e+01	 -1.0784e+01	 -1.0784e+01	 -1.3673e+01	 -1.2000e+02	 -1.2000e+02	 -1.2000e+02	 -1.2000e+02	 -1.2000e+02	 -1.2000e+02	 -1.2000e+02	 -1.2000e+02	 -1.2000e+02
1.9144e+01	 -1.0869e+01	 -1.0870e+01	 -1.3569e+01	 -1.2000e+02	 -1.2000e+02	 -1.2000e+02	 -1.2000e+02	 -1.2000e+02	 -1.2000e+02	 -1.2000e+02	 -1.2000e+02	 -1.2000e+02
1.9232e+01	 -1.0968e+01	 -1.0970e+01	 -1.3449e+01	 -1.2000e+02	 -1.2000e+02	 -1.2000e+02	 -1.2000e+02	 -1.2000e+02	 -1.2000e+02	 -1.2000e+02	 -1.2000e+02	 -1.2000e+02
1.9320e+01	 -1.1092e+01	 -1.1094e+01	 -1.3323e+01	 -1.2000e+02	 -1.2000e+02	 -1.2000e+02	 -1.2000e+02	 -1.2000e+02	 -1.2000e+02	 -1.2000e+02	 -1.2000e+02	 -1.2000e+02
1.9408e+01	 -1.1230e+01	 -1.1235e+01	 -1.3197e+01	 -1.2000e+02	 -1.2000e+02	 -1.2000e+02	 -1.2000e+02	 -1.2000e+02	 -1.2000e+02	 -1.2000e+02	 -1.2000e+02	 -1.2000e+02
1.9496e+01	 -1.1396e+01	 -1.1405e+01	 -1.3089e+01	 -1.2000e+02	 -1.2000e+02	 -1.2000e+02	 -1.2000e+02	 -1.2000e+02	 -1.2000e+02	 -1.2000e+02	 -1.2000e+02	 -1.2000e+02
1.9584e+01	 -1.1598e+01	 -1.1616e+01	 -1.2999e+01	 -1.2000e+02	 -1.2000e+02	 -1.2000e+02	 -1.2000e+02	 -1.2000e+02	 -1.2000e+02	 -1.2000e+02	 -1.2000e+02	 -1.2000e+02
1.9672e+01	 -1.1819e+01	 -1.1855e+01	 -1.2908e+01	 -1.2000e+02	 -1.2000e+02	 -1.2000e+02	 -1.2000e+02	 -1.2000e+02	 -1.2000e+02	 -1.2000e+02	 -1.2000e+02	 -1.2000e+02
1.9760e+01	 -1.2073e+01	 -1.2160e+01	 -1.2813e+01	 -1.2000e+02	 -1.2000e+02	 -1.2000e+02	 -1.2000e+02	 -1.2000e+02	 -1.2000e+02	 -1.2000e+02	 -1.2000e+02	 -1.2000e+02
1.9848e+01	 -1.2310e+01	 -1.2531e+01	 -1.2709e+01	 -1.2000e+02	 -1.2000e+02	 -1.2000e+02	 -1.2000e+02	 -1.2000e+02	 -1.2000e+02	 -1.2000e+02	 -1.2000e+02	 -1.2000e+02
1.9936e+01	 -1.2444e+01	 -1.2952e+01	 -1.2605e+01	 -1.2000e+02	 -1.2000e+02	 -1.2000e+02	 -1.2000e+02	 -1.2000e+02	 -1.2000e+02	 -1.2000e+02	 -1.2000e+02	 -1.2000e+02
2.0024e+01	 -1.2464e+01	 -1.3513e+01	 -1.2505e+01	 -1.2000e+02	 -1.2000e+02	 -1.2000e+02	 -1.2000e+02	 -1.2000e+02	 -1.2000e+02	 -1.2000e+02	 -1.2000e+02	 -1.2000e+02
2.0112e+01	 -1.2428e+01	 -1.4178e+01	 -1.2436e+01	 -1.2000e+02	 -1.2000e+02	 -1.2000e+02	 -1.2000e+02	 -1.2000e+02	 -1.2000e+02	 -1.2000e+02	 -1.2000e+02	 -1.2000e+02
2.0200e+01	 -1.2366e+01	 -1.4942e+01	 -1.2368e+01	 -1.2000e+02	 -1.2000e+02	 -1.2000e+02	 -1.2000e+02	 -1.2000e+02	 -1.2000e+02	 -1.2000e+02	 -1.2000e+02	 -1.2000e+02
2.0288e+01	 -1.2299e+01	 -1.5970e+01	 -1.2299e+01	 -1.2000e+02	 -1.2000e+02	 -1.2000e+02	 -1.2000e+02	 -1.2000e+02	 -1.2000e+02	 -1.2000e+02	 -1.2000e+02	 -1.2000e+02
2.0376e+01	 -1.2224e+01	 -1.7161e+01	 -1.2224e+01	 -1.2000e+02	 -1.2000e+02	 -1.2000e+02	 -1.2000e+02	 -1.2000e+02	 -1.2000e+02	 -1.2000e+02	 -1.2000e+02	 -1.2000e+02
2.0464e+01	 -1.2149e+01	 -1.8574e+01	 -1.2149e+01	 -1.2000e+02	 -1.2000e+02	 -1.2000e+02	 -1.2000e+02	 -1.2000e+02	 -1.2000e+02	 -1.2000e+02	 -1.2000e+02	 -1.2000e+02
2.0552e+01	 -1.2074e+01	 -2.0415e+01	 -1.2074e+01	 -1.2000e+02	 -1.2000e+02	 -1.2000e+02	 -1.2000e+02	 -1.2000e+02	 -1.2000e+02	 -1.2000e+02	 -1.2000e+02	 -1.2000e+02
2.0640e+01	 -1.2016e+01	 -2.2537e+01	 -1.2016e+01	 -1.2000e+02	 -1.2000e+02	 -1.2000e+02	 -1.2000e+02	 -1.2000e+02	 -1.2000e+02	 -1.2000e+02	 -1.2000e+02	 -1.2000e+02
2.0728e+01	 -1.1966e+01	 -2.5152e+01	 -1.1966e+01	 -1.2000e+02	 -1.2000e+02	 -1.2000e+02	 -1.2000e+02	 -1.2000e+02	 -1.2000e+02	 -1.2000e+02	 -1.2000e+02	 -1.2000e+02
2.0816e+01	 -1.1916e+01	 -2.8492e+01	 -1.1916e+01	 -1.2000e+02	 -1.2000e+02	 -1.2000e+02	 -1.2000e+02	 -1.2000e+02	 -1.2000e+02	 -1.2000e+02	 -1.2000e+02	 -1.2000e+02
2.0904e+01	 -1.1866e+01	 -1.2000e+02	 -1.1866e+01	 -1.2000e+02	 -1.2000e+02	 -1.2000e+02	 -1.2000e+02	 -1.2000e+02	 -1.2000e+02	 -1.2000e+02	 -1.2000e+02	 -1.2000e+02
2.0992e+01	 -1.1815e+01	 -1.2000e+02	 -1.1815e+01	 -1.2000e+02	 -1.2000e+02	 -1.2000e+02	 -1.2000e+02	 -1.2000e+02	 -1.2000e+02	 -1.2000e+02	 -1.2000e+02	 -1.2000e+02
2.1080e+01	 -1.1764e+01	 -1.2000e+02	 -1.1764e+01	 -1.2000e+02	 -1.2000e+02	 -1.2000e+02	 -1.2000e+02	 -1.2000e+02	 -1.2000e+02	 -1.2000e+02	 -1.2000e+02	 -1.2000e+02
2.1168e+01	 -1.1717e+01	 -1.2000e+02	 -1.1717e+01	 -1.2000e+02	 -1.2000e+02	 -1.2000e+02	 -1.2000e+02	 -1.2000e+02	 -1.2000e+02	 -1.2000e+02	 -1.2000e+02	 -1.2000e+02
2.1256e+01	 -1.1682e+01	 -1.2000e+02	 -1.1682e+01	 -1.2000e+02	 -1.2000e+02	 -1.2000e+02	 -1.2000e+02	 -1.2000e+02	 -1.2000e+02	 -1.2000e+02	 -1.2000e+02	 -1.2000e+02
2.1344e+01	 -1.1648e+01	 -1.2000e+02	 -1.1648e+01	 -1.2000e+02	 -1.2000e+02	 -1.2000e+02	 -1.2000e+02	 -1.2000e+02	 -1.2000e+02	 -1.2000e+02	 -1.2000e+02	 -1.2000e+02
2.1432e+01	 -1.1614e+01	 -1.2000e+02	 -1.1614e+01	 -1.2000e+02	 -1.2000e+02	 -1.2000e+02	 -1.2000e+02	 -1.2000e+02	 -1.2000e+02	 -1.2000e+02	 -1.2000e+02	 -1.2000e+02
2.1520e+01	 -1.1573e+01	 -1.2000e+02	 -1.1573e+01	 -1.2000e+02	 -1.2000e+02	 -1.2000e+02	 -1.2000e+02	 -1.2000e+02	 -1.2000e+02	 -1.2000e+02	 -1.2000e+02	 -1.2000e+02
2.1608e+01	 -1.1533e+01	 -1.2000e+02	 -1.1533e+01	 -1.2000e+02	 -1.2000e+02	 -1.2000e+02	 -1.2000e+02	 -1.2000e+02	 -1.2000e+02	 -1.2000e+02	 -1.2000e+02	 -1.2000e+02
2.1696e+01	 -1.1493e+01	 -1.2000e+02	 -1.1493e+01	 -1.2000e+02	 -1.2000e+02	 -1.2000e+02	 -1.2000e+02	 -1.2000e+02	 -1.2000e+02	 -1.2000e+02	 -1.2000e+02	 -1.2000e+02
2.1784e+01	 -1.1454e+01	 -1.2000e+02	 -1.1454e+01	 -1.2000e+02	 -1.2000e+02	 -1.2000e+02	 -1.2000e+02	 -1.2000e+02	 -1.2000e+02	 -1.2000e+02	 -1.2000e+02	 -1.2000e+02
2.1872e+01	 -1.1417e+01	 -1.2000e+02	 -1.1417e+01	 -1.2000e+02	 -1.2000e+02	 -1.2000e+02	 -1.2000e+02	 -1.2000e+02	 -1.2000e+02	 -1.2000e+02	 -1.2000e+02	 -1.2000e+02
2.1960e+01	 -1.1379e+01	 -1.2000e+02	 -1.1379e+01	 -1.2000e+02	 -1.2000e+02	 -1.2000e+02	 -1.2000e+02	 -1.2000e+02	 -1.2000e+02	 -1.2000e+02	 -1.2000e+02	 -1.2000e+02
2.2048e+01	 -1.1344e+01	 -1.2000e+02	 -1.1344e+01	 -1.2000e+02	 -1.2000e+02	 -1.2000e+02	 -1.2000e+02	 -1.2000e+02	 -1.2000e+02	 -1.2000e+02	 -1.2000e+02	 -1.2000e+02
2.2136e+01	 -1.1311e+01	 -1.2000e+02	 -1.1311e+01	 -1.2000e+02	 -1.2000e+02	 -1.2000e+02	 -1.2000e+02	 -1.2000e+02	 -1.2000e+02	 -1.2000e+02	 -1.2000e+02	 -1.2000e+02
2.2224e+01	 -1.1278e+01	 -1.2000e+02	 -1.1278e+01	 -1.2000e+02	 -1.2000e+02	 -1.2000e+02	 -1.2000e+02	 -1.2000e+02	 -1.2000e+02	 -1.2000e+02	 -1.2000e+02	 -1.2000e+02
2.2312e+01	 -1.1246e+01	 -1.2000e+02	 -1.1246e+01	 -1.2000e+02	 -1.2000e+02	 -1.2000e+02	 -1.2000e+02	 -1.2000e+02	 -1.2000e+02	 -1.2000e+02	 -1.2000e+02	 -1.2000e+02
2.2400e+01	 -1.1218e+01	 -1.2000e+02	 -1.1218e+01	 -1.2000e+02	 -1.2000e+02	 -1.2000e+02	 -1.2000e+02	 -1.2000e+02	 -1.2000e+02	 -1.2000e+02	 -1.2000e+02	 -1.2000e+02
2.2488e+01	 -1.1189e+01	 -1.2000e+02	 -1.1189e+01	 -1.2000e+02	 -1.2000e+02	 -1.2000e+02	 -1.2000e+02	 -1.2000e+02	 -1.2000e+02	 -1.2000e+02	 -1.2000e+02	 -1.2000e+02
2.2576e+01	 -1.1161e+01	 -1.2000e+02	 -1.1161e+01	 -1.2000e+02	 -1.2000e+02	 -1.2000e+02	 -1.2000e+02	 -1.2000e+02	 -1.2000e+02	 -1.2000e+02	 -1.2000e+02	 -1.2000e+02
2.2664e+01	 -1.1132e+01	 -1.2000e+02	 -1.1132e+01	 -1.2000e+02	 -1.2000e+02	 -1.2000e+02	 -1.2000e+02	 -1.2000e+02	 -1.2000e+02	 -1.2000e+02	 -1.2000e+02	 -1.2000e+02
2.2752e+01	 -1.1103e+01	 -1.2000e+02	 -1.1103e+01	 -1.2000e+02	 -1.2000e+02	 -1.2000e+02	 -1.2000e+02	 -1.2000e+02	 -1.2000e+02	 -1.2000e+02	 -1.2000e+02	 -1.2000e+02
2.2840e+01	 -1.1074e+01	 -1.2000e+02	 -1.1074e+01	 -1.2000e+02	 -1.2000e+02	 -1.2000e+02	 -1.2000e+02	 -1.2000e+02	 -1.2000e+02	 -1.2000e+02	 -1.2000e+02	 -1.2000e+02
2.2928e+01	 -1.1045e+01	 -1.2000e+02	 -1.1045e+01	 -1.2000e+02	 -1.2000e+02	 -1.2000e+02	 -1.2000e+02	 -1.2000e+02	 -1.2000e+02	 -1.2000e+02	 -1.2000e+02	 -1.2000e+02
2.3016e+01	 -1.1017e+01	 -1.2000e+02	 -1.1017e+01	 -1.2000e+02	 -1.2000e+02	 -1.2000e+02	 -1.2000e+02	 -1.2000e+02	 -1.2000e+02	 -1.2000e+02	 -1.2000e+02	 -1.2000e+02
2.3104e+01	 -1.0988e+01	 -1.2000e+02	 -1.0988e+01	 -1.2000e+02	 -1.2000e+02	 -1.2000e+02	 -1.2000e+02	 -1.2000e+02	 -1.2000e+02	 -1.2000e+02	 -1.2000e+02	 -1.2000e+02
2.3192e+01	 -1.0964e+01	 -1.2000e+02	 -1.0964e+01	 -1.2000e+02	 -1.2000e+02	 -1.2000e+02	 -1.2000e+02	 -1.2000e+02	 -1.2000e+02	 -1.2000e+02	 -1.2000e+02	 -1.2000e+02
2.3280e+01	 -1.0942e+01	 -1.2000e+02	 -1.0942e+01	 -1.2000e+02	 -1.2000e+02	 -1.2000e+02	 -1.2000e+02	 -1.2000e+02	 -1.2000e+02	 -1.2000e+02	 -1.2000e+02	 -1.2000e+02
2.3368e+01	 -1.0920e+01	 -1.2000e+02	 -1.0920e+01	 -1.2000e+02	 -1.2000e+02	 -1.2000e+02	 -1.2000e+02	 -1.2000e+02	 -1.2000e+02	 -1.2000e+02	 -1.2000e+02	 -1.2000e+02
2.3456e+01	 -1.0897e+01	 -1.2000e+02	 -1.0897e+01	 -1.2000e+02	 -1.2000e+02	 -1.2000e+02	 -1.2000e+02	 -1.2000e+02	 -1.2000e+02	 -1.2000e+02	 -1.2000e+02	 -1.2000e+02
2.3544e+01	 -1.0872e+01	 -1.2000e+02	 -1.0872e+01	 -1.2000e+02	 -1.2000e+02	 -1.2000e+02	 -1.2000e+02	 -1.2000e+02	 -1.2000e+02	 -1.2000e+02	 -1.2000e+02	 -1.2000e+02
2.3632e+01	 -1.0848e+01	 -1.2000e+02	 -1.0848e+01	 -1.2000e+02	 -1.2000e+02	 -1.2000e+02	 -1.2000e+02	 -1.2000e+02	 -1.2000e+02	 -1.2000e+02	 -1.2000e+02	 -1.2000e+02
2.3720e+01	 -1.0824e+01	 -1.2000e+02	 -1.0824e+01	 -1.2000e+02	 -1.2000e+02	 -1.2000e+02	 -1.2000e+02	 -1.2000e+02	 -1.2000e+02	 -1.2000e+02	 -1.2000e+02	 -1.2000e+02
2.3808e+01	 -1.0800e+01	 -1.2000e+02	 -1.0800e+01	 -1.2000e+02	 -1.2000e+02	 -1.2000e+02	 -1.2000e+02	 -1.2000e+02	 -1.2000e+02	 -1.2000e+02	 -1.2000e+02	 -1.2000e+02
2.3896e+01	 -1.0776e+01	 -1.2000e+02	 -1.0776e+01	 -1.2000e+02	 -1.2000e+02	 -1.2000e+02	 -1.2000e+02	 -1.2000e+02	 -1.2000e+02	 -1.2000e+02	 -1.2000e+02	 -1.2000e+02
2.3984e+01	 -1.0753e+01	 -1.2000e+02	 -1.0753e+01	 -1.2000e+02	 -1.2000e+02	 -1.2000e+02	 -1.2000e+02	 -1.2000e+02	 -1.2000e+02	 -1.2000e+02	 -1.2000e+02	 -1.2000e+02
2.4072e+01	 -1.0734e+01	 -1.2000e+02	 -1.0734e+01	 -1.2000e+02	 -1.2000e+02	 -1.2000e+02	 -1.2000e+02	 -1.2000e+02	 -1.2000e+02	 -1.2000e+02	 -1.2000e+02	 -1.2000e+02
2.4160e+01	 -1.0716e+01	 -1.2000e+02	 -1.0716e+01	 -1.2000e+02	 -1.2000e+02	 -1.2000e+02	 -1.2000e+02	 -1.2000e+02	 -1.2000e+02	 -1.2000e+02	 -1.2000e+02	 -1.2000e+02
2.4248e+01	 -1.0697e+01	 -1.2000e+02	 -1.0697e+01	 -1.2000e+02	 -1.2000e+02	 -1.2000e+02	 -1.2000e+02	 -1.2000e+02	 -1.2000e+02	 -1.2000e+02	 -1.2000e+02	 -1.2000e+02
2.4336e+01	 -1.0681e+01	 -1.2000e+02	 -1.0681e+01	 -1.2000e+02	 -1.2000e+02	 -1.2000e+02	 -1.2000e+02	 -1.2000e+02	 -1.2000e+02	 -1.2000e+02	 -1.2000e+02	 -1.2000e+02
2.4424e+01	 -1.0665e+01	 -1.2000e+02	 -1.0665e+01	 -1.2000e+02	 -1.2000e+02	 -1.2000e+02	 -1.2000e+02	 -1.2000e+02	 -1.2000e+02	 -1.2000e+02	 -1.2000e+02	 -1.2000e+02
2.4512e+01	 -1.0649e+01	 -1.2000e+02	 -1.0649e+01	 -1.2000e+02	 -1.2000e+02	 -1.2000e+02	 -1.2000e+02	 -1.2000e+02	 -1.2000e+02	 -1.2000e+02	 -1.2000e+02	 -1.2000e+02
2.4600e+01	 -1.0636e+01	 -1.2000e+02	 -1.0636e+01	 -1.2000e+02	 -1.2000e+02	 -1.2000e+02	 -1.2000e+02	 -1.2000e+02	 -1.2000e+02	 -1.2000e+02	 -1.2000e+02	 -1.2000e+02
2.4688e+01	 -1.0625e+01	 -1.2000e+02	 -1.0625e+01	 -1.2000e+02	 -1.2000e+02	 -1.2000e+02	 -1.2000e+02	 -1.2000e+02	 -1.2000e+02	 -1.2000e+02	 -1.2000e+02	 -1.2000e+02
2.4776e+01	 -1.0614e+01	 -1.2000e+02	 -1.0614e+01	 -1.2000e+02	 -1.2000e+02	 -1.2000e+02	 -1.2000e+02	 -1.2000e+02	 -1.2000e+02	 -1.2000e+02	 -1.2000e+02	 -1.2000e+02
2.4864e+01	 -1.0606e+01	 -1.2000e+02	 -1.0606e+01	 -1.2000e+02	 -1.2000e+02	 -1.2000e+02	 -1.2000e+02	 -1.2000e+02	 -1.2000e+02	 -1.2000e+02	 -1.2000e+02	 -1.2000e+02
2.4952e+01	 -1.0600e+01	 -1.2000e+02	 -1.0600e+01	 -1.2000e+02	 -1.2000e+02	 -1.2000e+02	 -1.2000e+02	 -1.2000e+02	 -1.2000e+02	 -1.2000e+02	 -1.2000e+02	 -1.2000e+02
2.5040e+01	 -1.0594e+01	 -1.2000e+02	 -1.0594e+01	 -1.2000e+02	 -1.2000e+02	 -1.2000e+02	 -1.2000e+02	 -1.2000e+02	 -1.2000e+02	 -1.2000e+02	 -1.2000e+02	 -1.2000e+02
2.5128e+01	 -1.0589e+01	 -1.2000e+02	 -1.0589e+01	 -1.2000e+02	 -1.2000e+02	 -1.2000e+02	 -1.2000e+02	 -1.2000e+02	 -1.2000e+02	 -1.2000e+02	 -1.2000e+02	 -1.2000e+02
2.5216e+01	 -1.0588e+01	 -1.2000e+02	 -1.0588e+01	 -1.2000e+02	 -1.2000e+02	 -1.2000e+02	 -1.2000e+02	 -1.2000e+02	 -1.2000e+02	 -1.2000e+02	 -1.2000e+02	 -1.2000e+02
2.5304e+01	 -1.0587e+01	 -1.2000e+02	 -1.0587e+01	 -1.2000e+02	 -1.2000e+02	 -1.2000e+02	 -1.2000e+02	 -1.2000e+02	 -1.2000e+02	 -1.2000e+02	 -1.2000e+02	 -1.2000e+02
2.5392e+01	 -1.0587e+01	 -1.2000e+02	 -1.0587e+01	 -1.2000e+02	 -1.2000e+02	 -1.2000e+02	 -1.2000e+02	 -1.2000e+02	 -1.2000e+02	 -1.2000e+02	 -1.2000e+02	 -1.2000e+02
2.5480e+01	 -1.0589e+01	 -1.2000e+02	 -1.0589e+01	 -1.2000e+02	 -1.2000e+02	 -1.2000e+02	 -1.2000e+02	 -1.2000e+02	 -1.2000e+02	 -1.2000e+02	 -1.2000e+02	 -1.2000e+02
2.5568e+01	 -1.0592e+01	 -1.2000e+02	 -1.0592e+01	 -1.2000e+02	 -1.2000e+02	 -1.2000e+02	 -1.2000e+02	 -1.2000e+02	 -1.2000e+02	 -1.2000e+02	 -1.2000e+02	 -1.2000e+02
2.5656e+01	 -1.0595e+01	 -1.2000e+02	 -1.0595e+01	 -1.2000e+02	 -1.2000e+02	 -1.2000e+02	 -1.2000e+02	 -1.2000e+02	 -1.2000e+02	 -1.2000e+02	 -1.2000e+02	 -1.2000e+02
2.5744e+01	 -1.0601e+01	 -1.2000e+02	 -1.0601e+01	 -1.2000e+02	 -1.2000e+02	 -1.2000e+02	 -1.2000e+02	 -1.2000e+02	 -1.2000e+02	 -1.2000e+02	 -1.2000e+02	 -1.2000e+02
2.5832e+01	 -1.0608e+01	 -1.2000e+02	 -1.0608e+01	 -1.2000e+02	 -1.2000e+02	 -1.2000e+02	 -1.2000e+02	 -1.2000e+02	 -1.2000e+02	 -1.2000e+02	 -1.2000e+02	 -1.2000e+02
2.5920e+01	 -1.0615e+01	 -1.2000e+02	 -1.0615e+01	 -1.2000e+02	 -1.2000e+02	 -1.2000e+02	 -1.2000e+02	 -1.2000e+02	 -1.2000e+02	 -1.2000e+02	 -1.2000e+02	 -1.2000e+02
2.6008e+01	 -1.0626e+01	 -1.2000e+02	 -1.0626e+01	 -1.2000e+02	 -1.2000e+02	 -1.2000e+02	 -1.2000e+02	 -1.2000e+02	 -1.2000e+02	 -1.2000e+02	 -1.2000e+02	 -1.2000e+02
2.6096e+01	 -1.0639e+01	 -1.2000e+02	 -1.0639e+01	 -1.2000e+02	 -1.2000e+02	 -1.2000e+02	 -1.2000e+02	 -1.2000e+02	 -1.2000e+02	 -1.2000e+02	 -1.2000e+02	 -1.2000e+02
2.6184e+01	 -1.0652e+01	 -1.2000e+02	 -1.0652e+01	 -1.2000e+02	 -1.2000e+02	 -1.2000e+02	 -1.2000e+02	 -1.2000e+02	 -1.2000e+02	 -1.2000e+02	 -1.2000e+02	 -1.2000e+02
2.6272e+01	 -1.0668e+01	 -1.2000e+02	 -1.0668e+01	 -1.2000e+02	 -1.2000e+02	 -1.2000e+02	 -1.2000e+02	 -1.2000e+02	 -1.2000e+02	 -1.2000e+02	 -1.2000e+02	 -1.2000e+02
2.6360e+01	 -1.0689e+01	 -1.2000e+02	 -1.0689e+01	 -1.2000e+02	 -1.2000e+02	 -1.2000e+02	 -1.2000e+02	 -1.2000e+02	 -1.2000e+02	 -1.2000e+02	 -1.2000e+02	 -1.2000e+02
2.6448e+01	 -1.0710e+01	 -1.2000e+02	 -1.0710e+01	 -1.2000e+02	 -1.2000e+02	 -1.2000e+02	 -1.2000e+02	 -1.2000e+02	 -1.2000e+02	 -1.2000e+02	 -1.2000e+02	 -1.2000e+02
2.6536e+01	 -1.0733e+01	 -1.2000e+02	 -1.0733e+01	 -1.2000e+02	 -1.2000e+02	 -1.2000e+02	 -1.2000e+02	 -1.2000e+02	 -1.2000e+02	 -1.2000e+02	 -1.2000e+02	 -1.2000e+02
2.6624e+01	 -1.0765e+01	 -1.2000e+02	 -1.0765e+01	 -1.2000e+02	 -1.2000e+02	 -1.2000e+02	 -1.2000e+02	 -1.2000e+02	 -1.2000e+02	 -1.2000e+02	 -1.2000e+02	 -1.2000e+02
2.6712e+01	 -1.0796e+01	 -1.2000e+02	 -1.0796e+01	 -1.2000e+02	 -1.2000e+02	 -1.2000e+02	 -1.2000e+02	 -1.2000e+02	 -1.2000e+02	 -1.2000e+02	 -1.2000e+02	 -1.2000e+02
2.6800e+01	 -1.0828e+01	 -1.2000e+02	 -1.0828e+01	 -1.2000e+02	 -1.2000e+02	 -1.2000e+02	 -1.2000e+02	 -1.2000e+02	 -1.2000e+02	 -1.2000e+02	 -1.2000e+02	 -1.2000e+02
2.6888e+01	 -1.0874e+01	 -1.2000e+02	 -1.0874e+01	 -1.2000e+02	 -1.2000e+02	 -1.2000e+02	 -1.2000e+02	 -1.2000e+02	 -1.2000e+02	 -1.2000e+02	 -1.2000e+02	 -1.2000e+02
2.6976e+01	 -1.0921e+01	 -1.2000e+02	 -1.0921e+01	 -1.2000e+02	 -1.2000e+02	 -1.2000e+02	 -1.2000e+02	 -1.2000e+02	 -1.2000e+02	 -1.2000e+02	 -1.2000e+02	 -1.2000e+02
2.7064e+01	 -1.0968e+01	 -1.2000e+02	 -1.0968e+01	 -1.2000e+02	 -1.2000e+02	 -1.2000e+02	 -1.2000e+02	 -1.2000e+02	 -1.2000e+02	 -1.2000e+02	 -1.2000e+02	 -1.2000e+02
2.7152e+01	 -1.1031e+01	 -1.2000e+02	 -1.1031e+01	 -1.2000e+02	 -1.2000e+02	 -1.2000e+02	 -1.2000e+02	 -1.2000e+02	 -1.2000e+02	 -1.2000e+02	 -1.2000e+02	 -1.2000e+02
2.7240e+01	 -1.1100e+01	 -1.2000e+02	 -1.1100e+01	 -1.2000e+02	 -1.2000e+02	 -1.2000e+02	 -1.2000e+02	 -1.2000e+02	 -1.2000e+02	 -1.2000e+02	 -1.2000e+02	 -1.2000e+02
2.7328e+01	 -1.1170e+01	 -1.2000e+02	 -1.1170e+01	 -1.2000e+02	 -1.2000e+02	 -1.2000e+02	 -1.2000e+02	 -1.2000e+02	 -1.2000e+02	 -1.2000e+02	 -1.2000e+02	 -1.2000e+02
2.7416e+01	 -1.1257e+01	 -1.2000e+02	 -1.1257e+01	 -1.2000e+02	 -1.2000e+02	 -1.2000e+02	 -1.2000e+02	 -1.2000e+02	 -1.2000e+02	 -1.2000e+02	 -1.2000e+02	 -1.2000e+02
2.7504e+01	 -1.1362e+01	 -1.2000e+02	 -1.1362e+01	 -1.2000e+02	 -1.2000e+02	 -1.2000e+02	 -1.2000e+02	 -1.2000e+02	 -1.2000e+02	 -1.2000e+02	 -1.2000e+02	 -1.2000e+02
2.7592e+01	 -1.1467e+01	 -1.2000e+02	 -1.1467e+01	 -1.2000e+02	 -1.2000e+02	 -1.2000e+02	 -1.2000e+02	 -1.2000e+02	 -1.2000e+02	 -1.2000e+02	 -1.2000e+02	 -1.2000e+02
2.7680e+01	 -1.1591e+01	 -1.2000e+02	 -1.1591e+01	 -1.2000e+02	 -1.2000e+02	 -1.2000e+02	 -1.2000e+02	 -1.2000e+02	 -1.2000e+02	 -1.2000e+02	 -1.2000e+02	 -1.2000e+02
2.7768e+01	 -1.1765e+01	 -1.2000e+02	 -1.1765e+01	 -1.2000e+02	 -1.2000e+02	 -1.2000e+02	 -1.2000e+02	 -1.2000e+02	 -1.2000e+02	 -1.2000e+02	 -1.2000e+02	 -1.2000e+02
2.7856e+01	 -1.1938e+01	 -1.2000e+02	 -1.1938e+01	 -1.2000e+02	 -1.2000e+02	 -1.2000e+02	 -1.2000e+02	 -1.2000e+02	 -1.2000e+02	 -1.2000e+02	 -1.2000e+02	 -1.2000e+02
2.7944e+01	 -1.2128e+01	 -1.2000e+02	 -1.2128e+01	 -1.2000e+02	 -1.2000e+02	 -1.2000e+02	 -1.2000e+02	 -1.2000e+02	 -1.2000e+02	 -1.2000e+02	 -1.2000e+02	 -1.2000e+02
2.8032e+01	 -1.2527e+01	 -1.2000e+02	 -1.2527e+01	 -1.2000e+02	 -1.2000e+02	 -1.2000e+02	 -1.2000e+02	 -1.2000e+02	 -1.2000e+02	 -1.2000e+02	 -1.2000e+02	 -1.2000e+02
2.8120e+01	 -1.2925e+01	 -1.2000e+02	 -1.2925e+01	 -1.2000e+02	 -1.2000e+02	 -1.2000e+02	 -1.2000e+02	 -1.2000e+02	 -1.2000e+02	 -1.2000e+02	 -1.2000e+02	 -1.2000e+02
2.8208e+01	 -1.3324e+01	 -1.2000e+02	 -1.3324e+01	 -1.2000e+02	 -1.2000e+02	 -1.2000e+02	 -1.2000e+02	 -1.2000e+02	 -1.2000e+02	 -1.2000e+02	 -1.2000e+02	 -1.2000e+02
2.8296e+01	 -4.1747e+01	 -1.2000e+02	 -4.1747e+01	 -1.2000e+02	 -1.2000e+02	 -1.2000e+02	 -1.2000e+02	 -1.2000e+02	 -1.2000e+02	 -1.2000e+02	 -1.2000e+02	 -1.2000e+02
2.8384e+01	 -7.4908e+01	 -1.2000e+02	 -7.4908e+01	 -1.2000e+02	 -1.2000e+02	 -1.2000e+02	 -1.2000e+02	 -1.2000e+02	 -1.2000e+02	 -1.2000e+02	 -1.2000e+02	 -1.2000e+02
2.8472e+01	 -1.0807e+02	 -1.2000e+02	 -1.0807e+02	 -1.2000e+02	 -1.2000e+02	 -1.2000e+02	 -1.2000e+02	 -1.2000e+02	 -1.2000e+02	 -1.2000e+02	 -1.2000e+02	 -1.2000e+02
2.8560e+01	 -1.2000e+02	 -1.2000e+02	 -1.2000e+02	 -1.2000e+02	 -1.2000e+02	 -1.2000e+02	 -1.2000e+02	 -1.2000e+02	 -1.2000e+02	 -1.2000e+02	 -1.2000e+02	 -1.2000e+02
2.8648e+01	 -1.2000e+02	 -1.2000e+02	 -1.2000e+02	 -1.2000e+02	 -1.2000e+02	 -1.2000e+02	 -1.2000e+02	 -1.2000e+02	 -1.2000e+02	 -1.2000e+02	 -1.2000e+02	 -1.2000e+02
2.8736e+01	 -1.2000e+02	 -1.2000e+02	 -1.2000e+02	 -1.2000e+02	 -1.2000e+02	 -1.2000e+02	 -1.2000e+02	 -1.2000e+02	 -1.2000e+02	 -1.2000e+02	 -1.2000e+02	 -1.2000e+02
2.8824e+01	 -1.2000e+02	 -1.2000e+02	 -1.2000e+02	 -1.2000e+02	 -1.2000e+02	 -1.2000e+02	 -1.2000e+02	 -1.2000e+02	 -1.2000e+02	 -1.2000e+02	 -1.2000e+02	 -1.2000e+02
2.8912e+01	 -1.2000e+02	 -1.2000e+02	 -1.2000e+02	 -1.2000e+02	 -1.2000e+02	 -1.2000e+02	 -1.2000e+02	 -1.2000e+02	 -1.2000e+02	 -1.2000e+02	 -1.2000e+02	 -1.2000e+02
