#################################################################
# log(gamma)     log(N(gamma))   gamma     N(gamma)  TeV N(TeV) # 
#################################################################
3.920737e-01	-7.164277e-01	2.466458e+00	1.921199e-01	1.260357e-06	3.759692e+05
4.000000e-01	-7.329237e-01	2.511886e+00	1.849593e-01	1.283571e-06	3.619564e+05
4.080737e-01	-7.497264e-01	2.559020e+00	1.779400e-01	1.307656e-06	3.482200e+05
4.160000e-01	-7.662223e-01	2.606154e+00	1.713080e-01	1.331742e-06	3.352414e+05
4.240737e-01	-7.830250e-01	2.655056e+00	1.648068e-01	1.356731e-06	3.225188e+05
4.320000e-01	-7.995210e-01	2.703958e+00	1.586642e-01	1.381720e-06	3.104982e+05
4.400737e-01	-8.163236e-01	2.754696e+00	1.526428e-01	1.407647e-06	2.987146e+05
4.480000e-01	-8.328196e-01	2.805434e+00	1.469537e-01	1.433574e-06	2.875812e+05
4.560737e-01	-8.496222e-01	2.858075e+00	1.413767e-01	1.460473e-06	2.766673e+05
4.640000e-01	-8.661182e-01	2.910717e+00	1.361074e-01	1.487373e-06	2.663556e+05
4.720737e-01	-8.829208e-01	2.965334e+00	1.309421e-01	1.515283e-06	2.562472e+05
4.800000e-01	-8.994168e-01	3.019952e+00	1.260617e-01	1.543192e-06	2.466966e+05
4.880737e-01	-9.162194e-01	3.076619e+00	1.212776e-01	1.572149e-06	2.373343e+05
4.960000e-01	-9.327154e-01	3.133286e+00	1.167574e-01	1.601106e-06	2.284886e+05
5.040737e-01	-9.495181e-01	3.192079e+00	1.123264e-01	1.631149e-06	2.198173e+05
5.120000e-01	-9.660140e-01	3.250873e+00	1.081399e-01	1.661193e-06	2.116245e+05
5.200737e-01	-9.828167e-01	3.311873e+00	1.040359e-01	1.692364e-06	2.035932e+05
5.280000e-01	-9.993127e-01	3.372873e+00	1.001584e-01	1.723534e-06	1.960051e+05
5.360737e-01	-1.016115e+00	3.436162e+00	9.635732e-02	1.755875e-06	1.885666e+05
5.440000e-01	-1.032611e+00	3.499452e+00	9.276598e-02	1.788216e-06	1.815385e+05
5.520737e-01	-1.049414e+00	3.565116e+00	8.924545e-02	1.821770e-06	1.746490e+05
5.600000e-01	-1.065910e+00	3.630781e+00	8.591918e-02	1.855325e-06	1.681396e+05
5.680737e-01	-1.082713e+00	3.698909e+00	8.265849e-02	1.890139e-06	1.617586e+05
5.760000e-01	-1.099209e+00	3.767038e+00	7.957772e-02	1.924952e-06	1.557297e+05
5.840737e-01	-1.116011e+00	3.837723e+00	7.655769e-02	1.961073e-06	1.498197e+05
5.920000e-01	-1.132507e+00	3.908409e+00	7.370431e-02	1.997193e-06	1.442357e+05
6.000737e-01	-1.149310e+00	3.981747e+00	7.090718e-02	2.034668e-06	1.387619e+05
6.080000e-01	-1.165806e+00	4.055085e+00	6.826440e-02	2.072144e-06	1.335901e+05
6.160737e-01	-1.182608e+00	4.131176e+00	6.567372e-02	2.111026e-06	1.285203e+05
6.240000e-01	-1.199104e+00	4.207266e+00	6.322599e-02	2.149908e-06	1.237302e+05
6.320737e-01	-1.215907e+00	4.286212e+00	6.082652e-02	2.190250e-06	1.190345e+05
6.400000e-01	-1.232403e+00	4.365158e+00	5.855945e-02	2.230591e-06	1.145980e+05
6.480737e-01	-1.249206e+00	4.447067e+00	5.633709e-02	2.272446e-06	1.102489e+05
6.560000e-01	-1.265702e+00	4.528976e+00	5.423734e-02	2.314302e-06	1.061398e+05
6.640737e-01	-1.282504e+00	4.613958e+00	5.217900e-02	2.357728e-06	1.021118e+05
6.720000e-01	-1.299000e+00	4.698941e+00	5.023423e-02	2.401154e-06	9.830595e+04
6.800737e-01	-1.315803e+00	4.787113e+00	4.832781e-02	2.446210e-06	9.457518e+04
6.880000e-01	-1.332299e+00	4.875285e+00	4.652658e-02	2.491265e-06	9.105026e+04
6.960737e-01	-1.349101e+00	4.966766e+00	4.476087e-02	2.538012e-06	8.759484e+04
7.040000e-01	-1.365597e+00	5.058247e+00	4.309259e-02	2.584759e-06	8.433009e+04
7.120737e-01	-1.382400e+00	5.153161e+00	4.145719e-02	2.633259e-06	8.112971e+04
7.200000e-01	-1.398896e+00	5.248075e+00	3.991204e-02	2.681760e-06	7.810592e+04
7.280737e-01	-1.415699e+00	5.346551e+00	3.839735e-02	2.732082e-06	7.514175e+04
7.360000e-01	-1.432195e+00	5.445027e+00	3.696624e-02	2.782403e-06	7.234114e+04
7.440737e-01	-1.448997e+00	5.547198e+00	3.556335e-02	2.834612e-06	6.959575e+04
7.520000e-01	-1.465493e+00	5.649370e+00	3.423787e-02	2.886822e-06	6.700184e+04
7.600737e-01	-1.482296e+00	5.755376e+00	3.293852e-02	2.940991e-06	6.445908e+04
7.680000e-01	-1.498792e+00	5.861382e+00	3.171086e-02	2.995160e-06	6.205662e+04
7.760737e-01	-1.515595e+00	5.971366e+00	3.050742e-02	3.051361e-06	5.970153e+04
7.840000e-01	-1.532091e+00	6.081350e+00	2.937037e-02	3.107563e-06	5.747639e+04
7.920737e-01	-1.548893e+00	6.195462e+00	2.825575e-02	3.165874e-06	5.529512e+04
8.000000e-01	-1.565389e+00	6.309573e+00	2.720263e-02	3.224185e-06	5.323422e+04
8.080737e-01	-1.582192e+00	6.427968e+00	2.617027e-02	3.284684e-06	5.121394e+04
8.160000e-01	-1.598688e+00	6.546362e+00	2.519488e-02	3.345184e-06	4.930515e+04
8.240737e-01	-1.615490e+00	6.669199e+00	2.423871e-02	3.407953e-06	4.743398e+04
8.320000e-01	-1.631986e+00	6.792036e+00	2.333531e-02	3.470723e-06	4.566607e+04
8.400737e-01	-1.648789e+00	6.919484e+00	2.244972e-02	3.535849e-06	4.393301e+04
8.480000e-01	-1.665285e+00	7.046931e+00	2.161300e-02	3.600974e-06	4.229558e+04
8.560737e-01	-1.682088e+00	7.179161e+00	2.079277e-02	3.668543e-06	4.069044e+04
8.640000e-01	-1.698584e+00	7.311391e+00	2.001780e-02	3.736113e-06	3.917386e+04
8.720737e-01	-1.715386e+00	7.448583e+00	1.925811e-02	3.806218e-06	3.768719e+04
8.800000e-01	-1.731882e+00	7.585776e+00	1.854034e-02	3.876323e-06	3.628255e+04
8.880737e-01	-1.748685e+00	7.728117e+00	1.783672e-02	3.949059e-06	3.490560e+04
8.960000e-01	-1.765181e+00	7.870458e+00	1.717193e-02	4.021795e-06	3.360463e+04
9.040737e-01	-1.781984e+00	8.018141e+00	1.652025e-02	4.097261e-06	3.232932e+04
9.120000e-01	-1.798479e+00	8.165824e+00	1.590452e-02	4.172727e-06	3.112437e+04
9.200737e-01	-1.815282e+00	8.319049e+00	1.530093e-02	4.251025e-06	2.994318e+04
9.280000e-01	-1.831778e+00	8.472274e+00	1.473065e-02	4.329323e-06	2.882716e+04
9.360737e-01	-1.848581e+00	8.631250e+00	1.417161e-02	4.410559e-06	2.773316e+04
9.440000e-01	-1.865077e+00	8.790225e+00	1.364342e-02	4.491795e-06	2.669951e+04
9.520737e-01	-1.881879e+00	8.955167e+00	1.312564e-02	4.576080e-06	2.568625e+04
9.600000e-01	-1.898375e+00	9.120108e+00	1.263644e-02	4.660365e-06	2.472889e+04
9.680737e-01	-1.915178e+00	9.291240e+00	1.215688e-02	4.747814e-06	2.379042e+04
9.760000e-01	-1.931674e+00	9.462372e+00	1.170378e-02	4.835262e-06	2.290372e+04
9.840737e-01	-1.948477e+00	9.639926e+00	1.125961e-02	4.925991e-06	2.203451e+04
9.920000e-01	-1.964973e+00	9.817479e+00	1.083995e-02	5.016721e-06	2.121326e+04
1.000074e+00	-1.981775e+00	1.000170e+01	1.042857e-02	5.110856e-06	2.040821e+04
1.008000e+00	-1.998271e+00	1.018591e+01	1.003989e-02	5.204991e-06	1.964757e+04
1.016074e+00	-2.015074e+00	1.037704e+01	9.658867e-03	5.302658e-06	1.890193e+04
1.024000e+00	-2.031570e+00	1.056818e+01	9.298870e-03	5.400326e-06	1.819744e+04
1.032074e+00	-2.048372e+00	1.076648e+01	8.945972e-03	5.501659e-06	1.750683e+04
1.040000e+00	-2.064868e+00	1.096478e+01	8.612546e-03	5.602992e-06	1.685433e+04
1.048074e+00	-2.081671e+00	1.117053e+01	8.285695e-03	5.708127e-06	1.621470e+04
1.056000e+00	-2.098167e+00	1.137627e+01	7.976878e-03	5.813263e-06	1.561036e+04
1.064074e+00	-2.114970e+00	1.158974e+01	7.674151e-03	5.922344e-06	1.501794e+04
1.072000e+00	-2.131466e+00	1.180321e+01	7.388127e-03	6.031426e-06	1.445820e+04
1.080074e+00	-2.148268e+00	1.202468e+01	7.107743e-03	6.144601e-06	1.390951e+04
1.088000e+00	-2.164764e+00	1.224616e+01	6.842830e-03	6.257775e-06	1.339108e+04
1.096074e+00	-2.181567e+00	1.247595e+01	6.583140e-03	6.375198e-06	1.288288e+04
1.104000e+00	-2.198063e+00	1.270574e+01	6.337779e-03	6.492620e-06	1.240273e+04
1.112074e+00	-2.214866e+00	1.294415e+01	6.097256e-03	6.614449e-06	1.193203e+04
1.120000e+00	-2.231362e+00	1.318257e+01	5.870005e-03	6.736278e-06	1.148731e+04
1.128074e+00	-2.248164e+00	1.342993e+01	5.647235e-03	6.862678e-06	1.105136e+04
1.136000e+00	-2.264660e+00	1.367729e+01	5.436756e-03	6.989079e-06	1.063947e+04
1.144074e+00	-2.281463e+00	1.393393e+01	5.230428e-03	7.120224e-06	1.023569e+04
1.152000e+00	-2.297959e+00	1.419058e+01	5.035484e-03	7.251368e-06	9.854198e+03
1.160074e+00	-2.314761e+00	1.445685e+01	4.844385e-03	7.387435e-06	9.480225e+03
1.168000e+00	-2.331257e+00	1.472313e+01	4.663829e-03	7.523501e-06	9.126887e+03
1.176074e+00	-2.348060e+00	1.499939e+01	4.486834e-03	7.664673e-06	8.780516e+03
1.184000e+00	-2.364556e+00	1.527566e+01	4.319605e-03	7.805846e-06	8.453256e+03
1.192074e+00	-2.381359e+00	1.556230e+01	4.155673e-03	7.952316e-06	8.132450e+03
1.200000e+00	-2.397855e+00	1.584893e+01	4.000787e-03	8.098787e-06	7.829345e+03
1.208074e+00	-2.414657e+00	1.614632e+01	3.848954e-03	8.250754e-06	7.532216e+03
1.216000e+00	-2.431153e+00	1.644372e+01	3.705500e-03	8.402722e-06	7.251483e+03
1.224074e+00	-2.447956e+00	1.675227e+01	3.564874e-03	8.560392e-06	6.976284e+03
1.232000e+00	-2.464452e+00	1.706082e+01	3.432007e-03	8.718062e-06	6.716271e+03
1.240074e+00	-2.481254e+00	1.738096e+01	3.301760e-03	8.881650e-06	6.461384e+03
1.248000e+00	-2.497750e+00	1.770109e+01	3.178700e-03	9.045237e-06	6.220561e+03
1.256074e+00	-2.514553e+00	1.803324e+01	3.058066e-03	9.214964e-06	5.984487e+03
1.264000e+00	-2.531049e+00	1.836538e+01	2.944089e-03	9.384691e-06	5.761439e+03
1.272074e+00	-2.547852e+00	1.871000e+01	2.832359e-03	9.560787e-06	5.542789e+03
1.280000e+00	-2.564348e+00	1.905461e+01	2.726794e-03	9.736883e-06	5.336203e+03
1.288074e+00	-2.581150e+00	1.941215e+01	2.623310e-03	9.919588e-06	5.133691e+03
1.296000e+00	-2.597646e+00	1.976970e+01	2.525537e-03	1.010229e-05	4.942353e+03
1.304074e+00	-2.614449e+00	2.014066e+01	2.429691e-03	1.029185e-05	4.754787e+03
1.312000e+00	-2.630945e+00	2.051162e+01	2.339134e-03	1.048142e-05	4.577571e+03
1.320074e+00	-2.647748e+00	2.089651e+01	2.250362e-03	1.067809e-05	4.403849e+03
1.328000e+00	-2.664244e+00	2.128139e+01	2.166489e-03	1.087477e-05	4.239713e+03
1.336074e+00	-2.681046e+00	2.168072e+01	2.084269e-03	1.107882e-05	4.078813e+03
1.344000e+00	-2.697542e+00	2.208005e+01	2.006586e-03	1.128288e-05	3.926792e+03
1.352074e+00	-2.714345e+00	2.249436e+01	1.930435e-03	1.149459e-05	3.777767e+03
1.360000e+00	-2.730841e+00	2.290868e+01	1.858486e-03	1.170631e-05	3.636966e+03
1.368074e+00	-2.747643e+00	2.333854e+01	1.787955e-03	1.192597e-05	3.498941e+03
1.376000e+00	-2.764139e+00	2.376840e+01	1.721316e-03	1.214563e-05	3.368532e+03
1.384074e+00	-2.780942e+00	2.421440e+01	1.655991e-03	1.237353e-05	3.240694e+03
1.392000e+00	-2.797438e+00	2.466039e+01	1.594270e-03	1.260143e-05	3.119910e+03
1.400074e+00	-2.814241e+00	2.512313e+01	1.533767e-03	1.283789e-05	3.001507e+03
1.408000e+00	-2.830737e+00	2.558586e+01	1.476602e-03	1.307435e-05	2.889638e+03
1.416074e+00	-2.847539e+00	2.606596e+01	1.420564e-03	1.331968e-05	2.779974e+03
1.424000e+00	-2.864035e+00	2.654606e+01	1.367618e-03	1.356501e-05	2.676362e+03
1.432074e+00	-2.880838e+00	2.704417e+01	1.315716e-03	1.381954e-05	2.574792e+03
1.440000e+00	-2.897334e+00	2.754229e+01	1.266678e-03	1.407408e-05	2.478827e+03
1.448074e+00	-2.914137e+00	2.805910e+01	1.218607e-03	1.433817e-05	2.384754e+03
1.456000e+00	-2.930632e+00	2.857591e+01	1.173188e-03	1.460226e-05	2.295871e+03
1.464074e+00	-2.947435e+00	2.911211e+01	1.128665e-03	1.487626e-05	2.208742e+03
1.472000e+00	-2.963931e+00	2.964831e+01	1.086598e-03	1.515026e-05	2.126419e+03
1.480074e+00	-2.980734e+00	3.020464e+01	1.045361e-03	1.543454e-05	2.045720e+03
1.488000e+00	-2.997230e+00	3.076097e+01	1.006399e-03	1.571882e-05	1.969474e+03
1.496074e+00	-3.014032e+00	3.133817e+01	9.682057e-04	1.601377e-05	1.894731e+03
1.504000e+00	-3.030528e+00	3.191538e+01	9.321197e-04	1.630872e-05	1.824113e+03
1.512074e+00	-3.047331e+00	3.251425e+01	8.967451e-04	1.661474e-05	1.754887e+03
1.520000e+00	-3.063827e+00	3.311311e+01	8.633225e-04	1.692076e-05	1.689480e+03
1.528074e+00	-3.080630e+00	3.373445e+01	8.305588e-04	1.723827e-05	1.625363e+03
1.536000e+00	-3.097126e+00	3.435579e+01	7.996030e-04	1.755577e-05	1.564784e+03
1.544074e+00	-3.113928e+00	3.500045e+01	7.692576e-04	1.788519e-05	1.505400e+03
1.552000e+00	-3.130424e+00	3.564511e+01	7.405865e-04	1.821461e-05	1.449292e+03
1.560074e+00	-3.147227e+00	3.631397e+01	7.124808e-04	1.855640e-05	1.394290e+03
1.568000e+00	-3.163723e+00	3.698282e+01	6.859259e-04	1.889818e-05	1.342324e+03
1.576074e+00	-3.180525e+00	3.767677e+01	6.598946e-04	1.925279e-05	1.291382e+03
1.584000e+00	-3.197021e+00	3.837072e+01	6.352996e-04	1.960740e-05	1.243250e+03
1.592074e+00	-3.213824e+00	3.909072e+01	6.111896e-04	1.997532e-05	1.196068e+03
1.600000e+00	-3.230320e+00	3.981072e+01	5.884099e-04	2.034323e-05	1.151490e+03
1.608074e+00	-3.247123e+00	4.055773e+01	5.660794e-04	2.072496e-05	1.107790e+03
1.616000e+00	-3.263619e+00	4.130475e+01	5.449810e-04	2.110668e-05	1.066501e+03
1.624074e+00	-3.280421e+00	4.207980e+01	5.242986e-04	2.150273e-05	1.026027e+03
1.632000e+00	-3.296917e+00	4.285485e+01	5.047574e-04	2.189878e-05	9.877857e+02
1.640074e+00	-3.313720e+00	4.365899e+01	4.856016e-04	2.230970e-05	9.502986e+02
1.648000e+00	-3.330216e+00	4.446313e+01	4.675027e-04	2.272061e-05	9.148800e+02
1.656074e+00	-3.347019e+00	4.529744e+01	4.497607e-04	2.314694e-05	8.801597e+02
1.664000e+00	-3.363515e+00	4.613176e+01	4.329976e-04	2.357328e-05	8.473552e+02
1.672074e+00	-3.380317e+00	4.699738e+01	4.165651e-04	2.401561e-05	8.151976e+02
1.680000e+00	-3.396813e+00	4.786301e+01	4.010392e-04	2.445795e-05	7.848143e+02
1.688074e+00	-3.413616e+00	4.876112e+01	3.858195e-04	2.491688e-05	7.550301e+02
1.696000e+00	-3.430112e+00	4.965923e+01	3.714396e-04	2.537581e-05	7.268893e+02
1.704074e+00	-3.446914e+00	5.059105e+01	3.573433e-04	2.585197e-05	6.993034e+02
1.712000e+00	-3.463410e+00	5.152286e+01	3.440247e-04	2.632813e-05	6.732396e+02
1.720074e+00	-3.480213e+00	5.248965e+01	3.309688e-04	2.682215e-05	6.476897e+02
1.728000e+00	-3.496709e+00	5.345644e+01	3.186332e-04	2.731618e-05	6.235497e+02
1.736074e+00	-3.513512e+00	5.445950e+01	3.065409e-04	2.782875e-05	5.998856e+02
1.744000e+00	-3.530008e+00	5.546257e+01	2.951158e-04	2.834131e-05	5.775272e+02
1.752074e+00	-3.546810e+00	5.650328e+01	2.839159e-04	2.887312e-05	5.556097e+02
1.760000e+00	-3.563306e+00	5.754399e+01	2.733341e-04	2.940492e-05	5.349015e+02
1.768074e+00	-3.580109e+00	5.862376e+01	2.629609e-04	2.995668e-05	5.146016e+02
1.776000e+00	-3.596605e+00	5.970353e+01	2.531600e-04	3.050844e-05	4.954219e+02
1.784074e+00	-3.613407e+00	6.082382e+01	2.435525e-04	3.108090e-05	4.766203e+02
1.792000e+00	-3.629903e+00	6.194411e+01	2.344750e-04	3.165337e-05	4.588562e+02
1.800074e+00	-3.646706e+00	6.310644e+01	2.255765e-04	3.224732e-05	4.414423e+02
1.808000e+00	-3.663202e+00	6.426877e+01	2.171691e-04	3.284127e-05	4.249893e+02
1.816074e+00	-3.680005e+00	6.547472e+01	2.089273e-04	3.345751e-05	4.088606e+02
1.824000e+00	-3.696501e+00	6.668068e+01	2.011404e-04	3.407375e-05	3.936220e+02
1.832074e+00	-3.713303e+00	6.793189e+01	1.935070e-04	3.471312e-05	3.786838e+02
1.840000e+00	-3.729799e+00	6.918310e+01	1.862948e-04	3.535249e-05	3.645698e+02
1.848074e+00	-3.746602e+00	7.048126e+01	1.792248e-04	3.601585e-05	3.507342e+02
1.856000e+00	-3.763098e+00	7.177943e+01	1.725449e-04	3.667921e-05	3.376619e+02
1.864074e+00	-3.779901e+00	7.312631e+01	1.659967e-04	3.736747e-05	3.248474e+02
1.872000e+00	-3.796397e+00	7.447320e+01	1.598098e-04	3.805572e-05	3.127400e+02
1.880074e+00	-3.813199e+00	7.587063e+01	1.537449e-04	3.876981e-05	3.008714e+02
1.888000e+00	-3.829695e+00	7.726806e+01	1.480147e-04	3.948389e-05	2.896576e+02
1.896074e+00	-3.846498e+00	7.871793e+01	1.423974e-04	4.022478e-05	2.786649e+02
1.904000e+00	-3.862994e+00	8.016781e+01	1.370901e-04	4.096566e-05	2.682787e+02
1.912074e+00	-3.879796e+00	8.167209e+01	1.318875e-04	4.173435e-05	2.580974e+02
1.920000e+00	-3.896292e+00	8.317638e+01	1.269719e-04	4.250304e-05	2.484778e+02
1.928074e+00	-3.913095e+00	8.473712e+01	1.221532e-04	4.330057e-05	2.390479e+02
1.936000e+00	-3.929591e+00	8.629785e+01	1.176005e-04	4.409811e-05	2.301384e+02
1.944074e+00	-3.946394e+00	8.791717e+01	1.131374e-04	4.492558e-05	2.214045e+02
1.952000e+00	-3.962890e+00	8.953648e+01	1.089207e-04	4.575304e-05	2.131525e+02
1.960074e+00	-3.979692e+00	9.121656e+01	1.047871e-04	4.661156e-05	2.050632e+02
1.968000e+00	-3.996188e+00	9.289664e+01	1.008816e-04	4.747008e-05	1.974203e+02
1.976074e+00	-4.012991e+00	9.463977e+01	9.705303e-05	4.836082e-05	1.899281e+02
1.984000e+00	-4.029487e+00	9.638290e+01	9.343576e-05	4.925156e-05	1.828492e+02
1.992074e+00	-4.046290e+00	9.819145e+01	8.988982e-05	5.017572e-05	1.759100e+02
2.000000e+00	-4.062785e+00	1.000000e+02	8.653953e-05	5.109989e-05	1.693536e+02
2.008074e+00	-4.079588e+00	1.018764e+02	8.325530e-05	5.205874e-05	1.629266e+02
2.016000e+00	-4.096084e+00	1.037528e+02	8.015228e-05	5.301759e-05	1.568541e+02
2.024074e+00	-4.112887e+00	1.056997e+02	7.711045e-05	5.401242e-05	1.509014e+02
2.032000e+00	-4.129383e+00	1.076465e+02	7.423647e-05	5.500726e-05	1.452772e+02
2.040074e+00	-4.146185e+00	1.096664e+02	7.141914e-05	5.603942e-05	1.397638e+02
2.048000e+00	-4.162681e+00	1.116863e+02	6.875728e-05	5.707159e-05	1.345546e+02
2.056074e+00	-4.179484e+00	1.137820e+02	6.614789e-05	5.814249e-05	1.294482e+02
2.064000e+00	-4.195980e+00	1.158777e+02	6.368249e-05	5.921340e-05	1.246235e+02
2.072074e+00	-4.212783e+00	1.180521e+02	6.126570e-05	6.032449e-05	1.198940e+02
2.080000e+00	-4.229279e+00	1.202264e+02	5.898226e-05	6.143558e-05	1.154254e+02
2.088074e+00	-4.246081e+00	1.224824e+02	5.674385e-05	6.258837e-05	1.110450e+02
2.096000e+00	-4.262577e+00	1.247384e+02	5.462895e-05	6.374116e-05	1.069062e+02
2.104074e+00	-4.279380e+00	1.270790e+02	5.255574e-05	6.493721e-05	1.028490e+02
2.112000e+00	-4.295876e+00	1.294196e+02	5.059693e-05	6.613327e-05	9.901574e+01
2.120074e+00	-4.312678e+00	1.318480e+02	4.867675e-05	6.737420e-05	9.525803e+01
2.128000e+00	-4.329174e+00	1.342765e+02	4.686251e-05	6.861514e-05	9.170766e+01
2.136074e+00	-4.345977e+00	1.367961e+02	4.508405e-05	6.990265e-05	8.822729e+01
2.144000e+00	-4.362473e+00	1.393157e+02	4.340372e-05	7.119016e-05	8.493897e+01
2.152074e+00	-4.379276e+00	1.419298e+02	4.175652e-05	7.252599e-05	8.171548e+01
2.160000e+00	-4.395772e+00	1.445440e+02	4.020021e-05	7.386181e-05	7.866986e+01
2.168074e+00	-4.412574e+00	1.472562e+02	3.867459e-05	7.524777e-05	7.568429e+01
2.176000e+00	-4.429070e+00	1.499685e+02	3.723315e-05	7.663373e-05	7.286345e+01
2.184074e+00	-4.445873e+00	1.527825e+02	3.582012e-05	7.807170e-05	7.009824e+01
2.192000e+00	-4.462369e+00	1.555966e+02	3.448507e-05	7.950967e-05	6.748560e+01
2.200074e+00	-4.479172e+00	1.585162e+02	3.317634e-05	8.100161e-05	6.492448e+01
2.208000e+00	-4.495668e+00	1.614359e+02	3.193982e-05	8.249355e-05	6.250468e+01
2.216074e+00	-4.512470e+00	1.644651e+02	3.072769e-05	8.404147e-05	6.013258e+01
2.224000e+00	-4.528966e+00	1.674943e+02	2.958243e-05	8.558940e-05	5.789138e+01
2.232074e+00	-4.545769e+00	1.706372e+02	2.845976e-05	8.719542e-05	5.569436e+01
2.240000e+00	-4.562265e+00	1.737801e+02	2.739903e-05	8.880143e-05	5.361858e+01
2.248074e+00	-4.579067e+00	1.770409e+02	2.635922e-05	9.046772e-05	5.158372e+01
2.256000e+00	-4.595563e+00	1.803018e+02	2.537679e-05	9.213401e-05	4.966114e+01
2.264074e+00	-4.612366e+00	1.836850e+02	2.441372e-05	9.386283e-05	4.777647e+01
2.272000e+00	-4.628862e+00	1.870682e+02	2.350380e-05	9.559165e-05	4.599579e+01
2.280074e+00	-4.645665e+00	1.905784e+02	2.261181e-05	9.738536e-05	4.425022e+01
2.288000e+00	-4.662161e+00	1.940886e+02	2.176905e-05	9.917906e-05	4.260096e+01
2.296074e+00	-4.678963e+00	1.977305e+02	2.094290e-05	1.010401e-04	4.098423e+01
2.304000e+00	-4.695459e+00	2.013724e+02	2.016233e-05	1.029011e-04	3.945670e+01
2.312074e+00	-4.712262e+00	2.051510e+02	1.939716e-05	1.048319e-04	3.795930e+01
2.320000e+00	-4.728758e+00	2.089296e+02	1.867421e-05	1.067628e-04	3.654451e+01
2.328074e+00	-4.745560e+00	2.128500e+02	1.796551e-05	1.087661e-04	3.515763e+01
2.336000e+00	-4.762056e+00	2.167704e+02	1.729592e-05	1.107694e-04	3.384726e+01
2.344074e+00	-4.778859e+00	2.208379e+02	1.663952e-05	1.128479e-04	3.256274e+01
2.352000e+00	-4.795355e+00	2.249055e+02	1.601935e-05	1.149264e-04	3.134909e+01
2.360074e+00	-4.812158e+00	2.291256e+02	1.541141e-05	1.170829e-04	3.015937e+01
2.368000e+00	-4.828654e+00	2.333458e+02	1.483701e-05	1.192395e-04	2.903530e+01
2.376074e+00	-4.845456e+00	2.377244e+02	1.427393e-05	1.214769e-04	2.793339e+01
2.384000e+00	-4.861952e+00	2.421029e+02	1.374193e-05	1.237143e-04	2.689229e+01
2.392074e+00	-4.878755e+00	2.466458e+02	1.322041e-05	1.260357e-04	2.587171e+01
2.400000e+00	-4.895251e+00	2.511886e+02	1.272768e-05	1.283571e-04	2.490744e+01
2.408074e+00	-4.912054e+00	2.559020e+02	1.224465e-05	1.307656e-04	2.396219e+01
2.416000e+00	-4.928550e+00	2.606154e+02	1.178828e-05	1.331742e-04	2.306909e+01
2.424074e+00	-4.945352e+00	2.655056e+02	1.134091e-05	1.356731e-04	2.219360e+01
2.432000e+00	-4.961848e+00	2.703958e+02	1.091822e-05	1.381720e-04	2.136643e+01
2.440074e+00	-4.978651e+00	2.754696e+02	1.050387e-05	1.407647e-04	2.055556e+01
2.448000e+00	-4.995147e+00	2.805434e+02	1.011238e-05	1.433574e-04	1.978943e+01
2.456074e+00	-5.011949e+00	2.858075e+02	9.728605e-06	1.460473e-04	1.903841e+01
2.464000e+00	-5.028445e+00	2.910717e+02	9.366010e-06	1.487373e-04	1.832883e+01
2.472074e+00	-5.045248e+00	2.965334e+02	9.010564e-06	1.515283e-04	1.763323e+01
2.480000e+00	-5.061744e+00	3.019952e+02	8.674731e-06	1.543192e-04	1.697603e+01
2.488074e+00	-5.078547e+00	3.076619e+02	8.345519e-06	1.572149e-04	1.633177e+01
2.496000e+00	-5.095043e+00	3.133286e+02	8.034473e-06	1.601106e-04	1.572307e+01
2.504074e+00	-5.111845e+00	3.192079e+02	7.729559e-06	1.631149e-04	1.512637e+01
2.512000e+00	-5.128341e+00	3.250873e+02	7.441470e-06	1.661193e-04	1.456260e+01
2.520074e+00	-5.145144e+00	3.311873e+02	7.159062e-06	1.692364e-04	1.400994e+01
2.528000e+00	-5.161640e+00	3.372873e+02	6.892236e-06	1.723534e-04	1.348777e+01
2.536074e+00	-5.178443e+00	3.436162e+02	6.630671e-06	1.755875e-04	1.297590e+01
2.544000e+00	-5.194938e+00	3.499452e+02	6.383539e-06	1.788216e-04	1.249228e+01
2.552074e+00	-5.211741e+00	3.565116e+02	6.141280e-06	1.821770e-04	1.201819e+01
2.560000e+00	-5.228237e+00	3.630781e+02	5.912388e-06	1.855325e-04	1.157025e+01
2.568074e+00	-5.245040e+00	3.698909e+02	5.688009e-06	1.890139e-04	1.113116e+01
2.576000e+00	-5.261536e+00	3.767038e+02	5.476011e-06	1.924952e-04	1.071629e+01
2.584074e+00	-5.278338e+00	3.837723e+02	5.268193e-06	1.961073e-04	1.030960e+01
2.592000e+00	-5.294834e+00	3.908409e+02	5.071841e-06	1.997193e-04	9.925347e+00
2.600074e+00	-5.311637e+00	3.981747e+02	4.879362e-06	2.034668e-04	9.548674e+00
2.608000e+00	-5.328133e+00	4.055085e+02	4.697503e-06	2.072144e-04	9.192784e+00
2.616074e+00	-5.344936e+00	4.131176e+02	4.519230e-06	2.111026e-04	8.843912e+00
2.624000e+00	-5.361432e+00	4.207266e+02	4.350793e-06	2.149908e-04	8.514290e+00
2.632074e+00	-5.378234e+00	4.286212e+02	4.185678e-06	2.190250e-04	8.191168e+00
2.640000e+00	-5.394730e+00	4.365158e+02	4.029673e-06	2.230591e-04	7.885874e+00
2.648074e+00	-5.411533e+00	4.447067e+02	3.876744e-06	2.272446e-04	7.586600e+00
2.656000e+00	-5.428029e+00	4.528976e+02	3.732254e-06	2.314302e-04	7.303840e+00
2.664074e+00	-5.444831e+00	4.613958e+02	3.590613e-06	2.357728e-04	7.026654e+00
2.672000e+00	-5.461327e+00	4.698941e+02	3.456787e-06	2.401154e-04	6.764763e+00
2.680074e+00	-5.478130e+00	4.787113e+02	3.325599e-06	2.446210e-04	6.508036e+00
2.688000e+00	-5.494626e+00	4.875285e+02	3.201651e-06	2.491265e-04	6.265475e+00
2.696074e+00	-5.511429e+00	4.966766e+02	3.080146e-06	2.538012e-04	6.027696e+00
2.704000e+00	-5.527925e+00	5.058247e+02	2.965346e-06	2.584759e-04	5.803037e+00
2.712074e+00	-5.544727e+00	5.153161e+02	2.852809e-06	2.633259e-04	5.582808e+00
2.720000e+00	-5.561223e+00	5.248075e+02	2.746482e-06	2.681760e-04	5.374731e+00
2.728074e+00	-5.578026e+00	5.346551e+02	2.642251e-06	2.732082e-04	5.170757e+00
2.736000e+00	-5.594522e+00	5.445027e+02	2.543772e-06	2.782403e-04	4.978037e+00
2.744074e+00	-5.611325e+00	5.547198e+02	2.447234e-06	2.834612e-04	4.789117e+00
2.752000e+00	-5.627821e+00	5.649370e+02	2.356023e-06	2.886822e-04	4.610622e+00
2.760074e+00	-5.644623e+00	5.755376e+02	2.266610e-06	2.940991e-04	4.435646e+00
2.768000e+00	-5.661119e+00	5.861382e+02	2.182131e-06	2.995160e-04	4.270325e+00
2.776074e+00	-5.677922e+00	5.971366e+02	2.099318e-06	3.051361e-04	4.108263e+00
2.784000e+00	-5.694418e+00	6.081350e+02	2.021074e-06	3.107563e-04	3.955144e+00
2.792074e+00	-5.711220e+00	6.195462e+02	1.944373e-06	3.165874e-04	3.805044e+00
2.800000e+00	-5.727716e+00	6.309573e+02	1.871904e-06	3.224185e-04	3.663226e+00
2.808074e+00	-5.744519e+00	6.427968e+02	1.800864e-06	3.284684e-04	3.524204e+00
2.816000e+00	-5.761015e+00	6.546362e+02	1.733744e-06	3.345184e-04	3.392853e+00
2.824074e+00	-5.777818e+00	6.669199e+02	1.667947e-06	3.407953e-04	3.264092e+00
2.832000e+00	-5.794314e+00	6.792036e+02	1.605781e-06	3.470723e-04	3.142436e+00
2.840074e+00	-5.811116e+00	6.919484e+02	1.544841e-06	3.535849e-04	3.023178e+00
2.848000e+00	-5.827612e+00	7.046931e+02	1.487263e-06	3.600974e-04	2.910501e+00
2.856074e+00	-5.844415e+00	7.179161e+02	1.430820e-06	3.668543e-04	2.800046e+00
2.864000e+00	-5.860911e+00	7.311391e+02	1.377492e-06	3.736113e-04	2.695685e+00
2.872074e+00	-5.877713e+00	7.448583e+02	1.325216e-06	3.806218e-04	2.593382e+00
2.880000e+00	-5.894209e+00	7.585776e+02	1.275823e-06	3.876323e-04	2.496724e+00
2.888074e+00	-5.911012e+00	7.728117e+02	1.227405e-06	3.949059e-04	2.401972e+00
2.896000e+00	-5.927508e+00	7.870458e+02	1.181658e-06	4.021795e-04	2.312448e+00
2.904074e+00	-5.944311e+00	8.018141e+02	1.136814e-06	4.097261e-04	2.224689e+00
2.912000e+00	-5.960807e+00	8.165824e+02	1.094443e-06	4.172727e-04	2.141773e+00
2.920074e+00	-5.977609e+00	8.319049e+02	1.052909e-06	4.251025e-04	2.060491e+00
2.928000e+00	-5.994105e+00	8.472274e+02	1.013666e-06	4.329323e-04	1.983694e+00
2.936074e+00	-6.010908e+00	8.631250e+02	9.751963e-07	4.410559e-04	1.908412e+00
2.944000e+00	-6.027404e+00	8.790225e+02	9.388497e-07	4.491795e-04	1.837283e+00
2.952074e+00	-6.044207e+00	8.955167e+02	9.032198e-07	4.576080e-04	1.767557e+00
2.960000e+00	-6.060703e+00	9.120108e+02	8.695558e-07	4.660365e-04	1.701678e+00
2.968074e+00	-6.077505e+00	9.291240e+02	8.365556e-07	4.747814e-04	1.637099e+00
2.976000e+00	-6.094001e+00	9.462372e+02	8.053763e-07	4.835262e-04	1.576082e+00
2.984074e+00	-6.110804e+00	9.639926e+02	7.748118e-07	4.925991e-04	1.516269e+00
2.992000e+00	-6.127300e+00	9.817479e+02	7.459337e-07	5.016721e-04	1.459756e+00
3.000074e+00	-6.144102e+00	1.000170e+03	7.176250e-07	5.110856e-04	1.404357e+00
3.008000e+00	-6.160598e+00	1.018591e+03	6.908784e-07	5.204991e-04	1.352015e+00
3.016074e+00	-6.177401e+00	1.037704e+03	6.646591e-07	5.302658e-04	1.300706e+00
3.024000e+00	-6.193897e+00	1.056818e+03	6.398866e-07	5.400326e-04	1.252227e+00
3.032074e+00	-6.210700e+00	1.076648e+03	6.156025e-07	5.501659e-04	1.204704e+00
3.040000e+00	-6.227196e+00	1.096478e+03	5.926583e-07	5.602992e-04	1.159803e+00
3.048074e+00	-6.243998e+00	1.117053e+03	5.701665e-07	5.708127e-04	1.115788e+00
3.056000e+00	-6.260494e+00	1.137627e+03	5.489158e-07	5.813263e-04	1.074202e+00
3.064074e+00	-6.277297e+00	1.158974e+03	5.280841e-07	5.922344e-04	1.033435e+00
3.072000e+00	-6.293793e+00	1.180321e+03	5.084019e-07	6.031426e-04	9.949177e-01
3.080074e+00	-6.310596e+00	1.202468e+03	4.891077e-07	6.144601e-04	9.571600e-01
3.088000e+00	-6.327091e+00	1.224616e+03	4.708781e-07	6.257775e-04	9.214856e-01
3.096074e+00	-6.343894e+00	1.247595e+03	4.530080e-07	6.375198e-04	8.865146e-01
3.104000e+00	-6.360390e+00	1.270574e+03	4.361239e-07	6.492620e-04	8.534733e-01
3.112074e+00	-6.377193e+00	1.294415e+03	4.195727e-07	6.614449e-04	8.210834e-01
3.120000e+00	-6.393689e+00	1.318257e+03	4.039348e-07	6.736278e-04	7.904808e-01
3.128074e+00	-6.410491e+00	1.342993e+03	3.886052e-07	6.862678e-04	7.604815e-01
3.136000e+00	-6.426987e+00	1.367729e+03	3.741215e-07	6.989079e-04	7.321376e-01
3.144074e+00	-6.443790e+00	1.393393e+03	3.599234e-07	7.120224e-04	7.043525e-01
3.152000e+00	-6.460286e+00	1.419058e+03	3.465086e-07	7.251368e-04	6.781005e-01
3.160074e+00	-6.477089e+00	1.445685e+03	3.333584e-07	7.387435e-04	6.523662e-01
3.168000e+00	-6.493585e+00	1.472313e+03	3.209338e-07	7.523501e-04	6.280518e-01
3.176074e+00	-6.510387e+00	1.499939e+03	3.087541e-07	7.664673e-04	6.042168e-01
3.184000e+00	-6.526883e+00	1.527566e+03	2.972465e-07	7.805846e-04	5.816970e-01
3.192074e+00	-6.543686e+00	1.556230e+03	2.859658e-07	7.952316e-04	5.596212e-01
3.200000e+00	-6.560182e+00	1.584893e+03	2.753076e-07	8.098787e-04	5.387636e-01
3.208074e+00	-6.576984e+00	1.614632e+03	2.648595e-07	8.250754e-04	5.183171e-01
3.216000e+00	-6.593480e+00	1.644372e+03	2.549879e-07	8.402722e-04	4.989989e-01
3.224074e+00	-6.610283e+00	1.675227e+03	2.453110e-07	8.560392e-04	4.800616e-01
3.232000e+00	-6.626779e+00	1.706082e+03	2.361680e-07	8.718062e-04	4.621692e-01
3.240074e+00	-6.643582e+00	1.738096e+03	2.272052e-07	8.881650e-04	4.446296e-01
3.248000e+00	-6.660078e+00	1.770109e+03	2.187370e-07	9.045237e-04	4.280578e-01
3.256074e+00	-6.676880e+00	1.803324e+03	2.104358e-07	9.214964e-04	4.118127e-01
3.264000e+00	-6.693376e+00	1.836538e+03	2.025927e-07	9.384691e-04	3.964640e-01
3.272074e+00	-6.710179e+00	1.871000e+03	1.949041e-07	9.560787e-04	3.814179e-01
3.280000e+00	-6.726675e+00	1.905461e+03	1.876399e-07	9.736883e-04	3.672021e-01
3.288074e+00	-6.743478e+00	1.941215e+03	1.805188e-07	9.919588e-04	3.532665e-01
3.296000e+00	-6.759974e+00	1.976970e+03	1.737907e-07	1.010229e-03	3.400999e-01
3.304074e+00	-6.776776e+00	2.014066e+03	1.671952e-07	1.029185e-03	3.271929e-01
3.312000e+00	-6.793272e+00	2.051162e+03	1.609637e-07	1.048142e-03	3.149981e-01
3.320074e+00	-6.810075e+00	2.089651e+03	1.548550e-07	1.067809e-03	3.030437e-01
3.328000e+00	-6.826571e+00	2.128139e+03	1.490834e-07	1.087477e-03	2.917489e-01
3.336074e+00	-6.843373e+00	2.168072e+03	1.434256e-07	1.107882e-03	2.806769e-01
3.344000e+00	-6.859869e+00	2.208005e+03	1.380800e-07	1.128288e-03	2.702158e-01
3.352074e+00	-6.876672e+00	2.249436e+03	1.328397e-07	1.149459e-03	2.599609e-01
3.360000e+00	-6.893168e+00	2.290868e+03	1.278887e-07	1.170631e-03	2.502719e-01
3.368074e+00	-6.909971e+00	2.333854e+03	1.230352e-07	1.192597e-03	2.407739e-01
3.376000e+00	-6.926467e+00	2.376840e+03	1.184495e-07	1.214563e-03	2.318000e-01
3.384074e+00	-6.943269e+00	2.421440e+03	1.139543e-07	1.237353e-03	2.230030e-01
3.392000e+00	-6.959765e+00	2.466039e+03	1.097071e-07	1.260143e-03	2.146915e-01
3.400074e+00	-6.976568e+00	2.512313e+03	1.055437e-07	1.283789e-03	2.065438e-01
3.408000e+00	-6.993064e+00	2.558586e+03	1.016099e-07	1.307435e-03	1.988457e-01
3.416074e+00	-7.009866e+00	2.606596e+03	9.775377e-08	1.331968e-03	1.912994e-01
3.424000e+00	-7.026362e+00	2.654606e+03	9.411039e-08	1.356501e-03	1.841694e-01
3.432074e+00	-7.043165e+00	2.704417e+03	9.053884e-08	1.381954e-03	1.771801e-01
3.440000e+00	-7.059661e+00	2.754229e+03	8.716436e-08	1.407408e-03	1.705764e-01
3.448074e+00	-7.076464e+00	2.805910e+03	8.385641e-08	1.433817e-03	1.641029e-01
3.456000e+00	-7.092960e+00	2.857591e+03	8.073100e-08	1.460226e-03	1.579866e-01
3.464074e+00	-7.109762e+00	2.911211e+03	7.766720e-08	1.487626e-03	1.519909e-01
3.472000e+00	-7.126258e+00	2.964831e+03	7.477247e-08	1.515026e-03	1.463261e-01
3.480074e+00	-7.143061e+00	3.020464e+03	7.193480e-08	1.543454e-03	1.407729e-01
3.488000e+00	-7.159557e+00	3.076097e+03	6.925372e-08	1.571882e-03	1.355262e-01
3.496074e+00	-7.176360e+00	3.133817e+03	6.662549e-08	1.601377e-03	1.303828e-01
3.504000e+00	-7.192856e+00	3.191538e+03	6.414229e-08	1.630872e-03	1.255233e-01
3.512074e+00	-7.209658e+00	3.251425e+03	6.170805e-08	1.661474e-03	1.207596e-01
3.520000e+00	-7.226154e+00	3.311311e+03	5.940812e-08	1.692076e-03	1.162588e-01
3.528074e+00	-7.242957e+00	3.373445e+03	5.715355e-08	1.723827e-03	1.118467e-01
3.536000e+00	-7.259453e+00	3.435579e+03	5.502338e-08	1.755577e-03	1.076781e-01
3.544074e+00	-7.276255e+00	3.500045e+03	5.293520e-08	1.788519e-03	1.035916e-01
3.552000e+00	-7.292751e+00	3.564511e+03	5.096225e-08	1.821461e-03	9.973065e-02
3.560074e+00	-7.309554e+00	3.631397e+03	4.902820e-08	1.855640e-03	9.594580e-02
3.568000e+00	-7.326050e+00	3.698282e+03	4.720087e-08	1.889818e-03	9.236980e-02
3.576074e+00	-7.342853e+00	3.767677e+03	4.540957e-08	1.925279e-03	8.886431e-02
3.584000e+00	-7.359349e+00	3.837072e+03	4.371710e-08	1.960740e-03	8.555224e-02
3.592074e+00	-7.376151e+00	3.909072e+03	4.205801e-08	1.997532e-03	8.230548e-02
3.600000e+00	-7.392647e+00	3.981072e+03	4.049046e-08	2.034323e-03	7.923787e-02
3.608074e+00	-7.409450e+00	4.055773e+03	3.895383e-08	2.072496e-03	7.623074e-02
3.616000e+00	-7.425946e+00	4.130475e+03	3.750197e-08	2.110668e-03	7.338954e-02
3.624074e+00	-7.442749e+00	4.207980e+03	3.607875e-08	2.150273e-03	7.060436e-02
3.632000e+00	-7.459244e+00	4.285485e+03	3.473406e-08	2.189878e-03	6.797286e-02
3.640074e+00	-7.476047e+00	4.365899e+03	3.341588e-08	2.230970e-03	6.539325e-02
3.648000e+00	-7.492543e+00	4.446313e+03	3.217043e-08	2.272061e-03	6.295597e-02
3.656074e+00	-7.509346e+00	4.529744e+03	3.094954e-08	2.314694e-03	6.056675e-02
3.664000e+00	-7.525842e+00	4.613176e+03	2.979602e-08	2.357328e-03	5.830937e-02
3.672074e+00	-7.542644e+00	4.699738e+03	2.866524e-08	2.401561e-03	5.609649e-02
3.680000e+00	-7.559140e+00	4.786301e+03	2.759686e-08	2.445795e-03	5.400571e-02
3.688074e+00	-7.575943e+00	4.876112e+03	2.654954e-08	2.491688e-03	5.195616e-02
3.696000e+00	-7.592439e+00	4.965923e+03	2.556001e-08	2.537581e-03	5.001970e-02
3.704074e+00	-7.609242e+00	5.059105e+03	2.458999e-08	2.585197e-03	4.812142e-02
3.712000e+00	-7.625738e+00	5.152286e+03	2.367350e-08	2.632813e-03	4.632788e-02
3.720074e+00	-7.642540e+00	5.248965e+03	2.277507e-08	2.682215e-03	4.456971e-02
3.728000e+00	-7.659036e+00	5.345644e+03	2.192622e-08	2.731618e-03	4.290855e-02
3.736074e+00	-7.675839e+00	5.445950e+03	2.109411e-08	2.782875e-03	4.128014e-02
3.744000e+00	-7.692335e+00	5.546257e+03	2.030791e-08	2.834131e-03	3.974159e-02
3.752074e+00	-7.709137e+00	5.650328e+03	1.953721e-08	2.887312e-03	3.823337e-02
3.760000e+00	-7.725633e+00	5.754399e+03	1.880904e-08	2.940492e-03	3.680837e-02
3.768074e+00	-7.742436e+00	5.862376e+03	1.809522e-08	2.995668e-03	3.541147e-02
3.776000e+00	-7.758932e+00	5.970353e+03	1.742079e-08	3.050844e-03	3.409165e-02
3.784074e+00	-7.775735e+00	6.082382e+03	1.675966e-08	3.108090e-03	3.279785e-02
3.792000e+00	-7.792231e+00	6.194411e+03	1.613501e-08	3.165337e-03	3.157544e-02
3.800074e+00	-7.809033e+00	6.310644e+03	1.552268e-08	3.224732e-03	3.037713e-02
3.808000e+00	-7.825529e+00	6.426877e+03	1.494413e-08	3.284127e-03	2.924494e-02
3.816074e+00	-7.842332e+00	6.547472e+03	1.437699e-08	3.345751e-03	2.813508e-02
3.824000e+00	-7.858828e+00	6.668068e+03	1.384115e-08	3.407375e-03	2.708645e-02
3.832074e+00	-7.875631e+00	6.793189e+03	1.331587e-08	3.471312e-03	2.605850e-02
3.840000e+00	-7.892127e+00	6.918310e+03	1.281957e-08	3.535249e-03	2.508728e-02
3.848074e+00	-7.908929e+00	7.048126e+03	1.233306e-08	3.601585e-03	2.413520e-02
3.856000e+00	-7.925425e+00	7.177943e+03	1.187339e-08	3.667921e-03	2.323565e-02
3.864074e+00	-7.942228e+00	7.312631e+03	1.142279e-08	3.736747e-03	2.235385e-02
3.872000e+00	-7.958724e+00	7.447320e+03	1.099705e-08	3.805572e-03	2.152069e-02
3.880074e+00	-7.975526e+00	7.587063e+03	1.057971e-08	3.876981e-03	2.070397e-02
3.888000e+00	-7.992022e+00	7.726806e+03	1.018539e-08	3.948389e-03	1.993231e-02
3.896074e+00	-8.008825e+00	7.871793e+03	9.798847e-09	4.022478e-03	1.917587e-02
3.904000e+00	-8.025321e+00	8.016781e+03	9.433634e-09	4.096566e-03	1.846116e-02
3.912074e+00	-8.042124e+00	8.167209e+03	9.075622e-09	4.173435e-03	1.776055e-02
3.920000e+00	-8.058620e+00	8.317638e+03	8.737364e-09	4.250304e-03	1.709860e-02
3.928074e+00	-8.075422e+00	8.473712e+03	8.405775e-09	4.330057e-03	1.644969e-02
3.936000e+00	-8.091918e+00	8.629785e+03	8.092483e-09	4.409811e-03	1.583660e-02
3.944074e+00	-8.108721e+00	8.791717e+03	7.785368e-09	4.492558e-03	1.523559e-02
3.952000e+00	-8.125217e+00	8.953648e+03	7.495199e-09	4.575304e-03	1.466774e-02
3.960074e+00	-8.142019e+00	9.121656e+03	7.210751e-09	4.661156e-03	1.411109e-02
3.968000e+00	-8.158515e+00	9.289664e+03	6.941999e-09	4.747008e-03	1.358515e-02
3.976074e+00	-8.175318e+00	9.463977e+03	6.678546e-09	4.836082e-03	1.306959e-02
3.984000e+00	-8.191814e+00	9.638290e+03	6.429629e-09	4.925156e-03	1.258247e-02
3.992074e+00	-8.208617e+00	9.819145e+03	6.185621e-09	5.017572e-03	1.210496e-02
4.000000e+00	-8.225113e+00	1.000000e+04	5.955076e-09	5.109989e-03	1.165379e-02
4.008074e+00	-8.241915e+00	1.018764e+04	5.729077e-09	5.205874e-03	1.121153e-02
4.016000e+00	-8.258411e+00	1.037528e+04	5.515548e-09	5.301759e-03	1.079366e-02
4.024074e+00	-8.275214e+00	1.056997e+04	5.306230e-09	5.401242e-03	1.038403e-02
4.032000e+00	-8.291710e+00	1.076465e+04	5.108461e-09	5.500726e-03	9.997010e-03
4.040074e+00	-8.308513e+00	1.096664e+04	4.914592e-09	5.603942e-03	9.617617e-03
4.048000e+00	-8.325009e+00	1.116863e+04	4.731420e-09	5.707159e-03	9.259158e-03
4.056074e+00	-8.341811e+00	1.137820e+04	4.551859e-09	5.814249e-03	8.907767e-03
4.064000e+00	-8.358307e+00	1.158777e+04	4.382207e-09	5.921340e-03	8.575765e-03
4.072074e+00	-8.375110e+00	1.180521e+04	4.215899e-09	6.032449e-03	8.250309e-03
4.080000e+00	-8.391606e+00	1.202264e+04	4.058768e-09	6.143558e-03	7.942811e-03
4.088074e+00	-8.408408e+00	1.224824e+04	3.904735e-09	6.258837e-03	7.641377e-03
4.096000e+00	-8.424904e+00	1.247384e+04	3.759202e-09	6.374116e-03	7.356574e-03
4.104074e+00	-8.441707e+00	1.270790e+04	3.616537e-09	6.493721e-03	7.077388e-03
4.112000e+00	-8.458203e+00	1.294196e+04	3.481745e-09	6.613327e-03	6.813606e-03
4.120074e+00	-8.475006e+00	1.318480e+04	3.349611e-09	6.737420e-03	6.555025e-03
4.128000e+00	-8.491502e+00	1.342765e+04	3.224767e-09	6.861514e-03	6.310713e-03
4.136074e+00	-8.508304e+00	1.367961e+04	3.102385e-09	6.990265e-03	6.071217e-03
4.144000e+00	-8.524800e+00	1.393157e+04	2.986756e-09	7.119016e-03	5.844936e-03
4.152074e+00	-8.541603e+00	1.419298e+04	2.873407e-09	7.252599e-03	5.623117e-03
4.160000e+00	-8.558099e+00	1.445440e+04	2.766312e-09	7.386181e-03	5.413538e-03
4.168074e+00	-8.574902e+00	1.472562e+04	2.661329e-09	7.524777e-03	5.208090e-03
4.176000e+00	-8.591397e+00	1.499685e+04	2.562138e-09	7.663373e-03	5.013979e-03
4.184074e+00	-8.608200e+00	1.527825e+04	2.464903e-09	7.807170e-03	4.823696e-03
4.192000e+00	-8.624696e+00	1.555966e+04	2.373034e-09	7.950967e-03	4.643911e-03
4.200074e+00	-8.641499e+00	1.585162e+04	2.282976e-09	8.100161e-03	4.467672e-03
4.208000e+00	-8.657995e+00	1.614359e+04	2.197887e-09	8.249355e-03	4.301157e-03
4.216074e+00	-8.674797e+00	1.644651e+04	2.114475e-09	8.404147e-03	4.137925e-03
4.224000e+00	-8.691293e+00	1.674943e+04	2.035667e-09	8.558940e-03	3.983701e-03
4.232074e+00	-8.708096e+00	1.706372e+04	1.958412e-09	8.719542e-03	3.832517e-03
4.240000e+00	-8.724592e+00	1.737801e+04	1.885420e-09	8.880143e-03	3.689675e-03
4.248074e+00	-8.741395e+00	1.770409e+04	1.813867e-09	9.046772e-03	3.549649e-03
4.256000e+00	-8.757891e+00	1.803018e+04	1.746262e-09	9.213401e-03	3.417350e-03
4.264074e+00	-8.774693e+00	1.836850e+04	1.679990e-09	9.386283e-03	3.287659e-03
4.272000e+00	-8.791189e+00	1.870682e+04	1.617375e-09	9.559165e-03	3.165125e-03
4.280074e+00	-8.807992e+00	1.905784e+04	1.555995e-09	9.738536e-03	3.045006e-03
4.288000e+00	-8.824488e+00	1.940886e+04	1.498001e-09	9.917906e-03	2.931516e-03
4.296074e+00	-8.841290e+00	1.977305e+04	1.441151e-09	1.010401e-02	2.820263e-03
4.304000e+00	-8.857786e+00	2.013724e+04	1.387438e-09	1.029011e-02	2.715149e-03
4.312074e+00	-8.874589e+00	2.051510e+04	1.334784e-09	1.048319e-02	2.612107e-03
4.320000e+00	-8.891085e+00	2.089296e+04	1.285035e-09	1.067628e-02	2.514751e-03
4.328074e+00	-8.907888e+00	2.128500e+04	1.236267e-09	1.087661e-02	2.419315e-03
4.336000e+00	-8.924384e+00	2.167704e+04	1.190190e-09	1.107694e-02	2.329144e-03
4.344074e+00	-8.941186e+00	2.208379e+04	1.145022e-09	1.128479e-02	2.240752e-03
4.352000e+00	-8.957682e+00	2.249055e+04	1.102345e-09	1.149264e-02	2.157236e-03
4.360074e+00	-8.974485e+00	2.291256e+04	1.060511e-09	1.170829e-02	2.075368e-03
4.368000e+00	-8.990981e+00	2.333458e+04	1.020984e-09	1.192395e-02	1.998017e-03
4.376074e+00	-9.007784e+00	2.377244e+04	9.822374e-10	1.214769e-02	1.922191e-03
4.384000e+00	-9.024280e+00	2.421029e+04	9.456284e-10	1.237143e-02	1.850549e-03
4.392074e+00	-9.041082e+00	2.466458e+04	9.097412e-10	1.260357e-02	1.780319e-03
4.400000e+00	-9.057578e+00	2.511886e+04	8.758342e-10	1.283571e-02	1.713965e-03
4.408074e+00	-9.074381e+00	2.559020e+04	8.425957e-10	1.307656e-02	1.648919e-03
4.416000e+00	-9.090877e+00	2.606154e+04	8.111913e-10	1.331742e-02	1.587462e-03
4.424074e+00	-9.107679e+00	2.655056e+04	7.804060e-10	1.356731e-02	1.527217e-03
4.432000e+00	-9.124175e+00	2.703958e+04	7.513195e-10	1.381720e-02	1.470296e-03
4.440074e+00	-9.140978e+00	2.754696e+04	7.228064e-10	1.407647e-02	1.414497e-03
4.448000e+00	-9.157474e+00	2.805434e+04	6.958666e-10	1.433574e-02	1.361777e-03
4.456074e+00	-9.174277e+00	2.858075e+04	6.694581e-10	1.460473e-02	1.310097e-03
4.464000e+00	-9.190773e+00	2.910717e+04	6.445067e-10	1.487373e-02	1.261268e-03
4.472074e+00	-9.207575e+00	2.965334e+04	6.200472e-10	1.515283e-02	1.213402e-03
4.480000e+00	-9.224071e+00	3.019952e+04	5.969374e-10	1.543192e-02	1.168177e-03
4.488074e+00	-9.240874e+00	3.076619e+04	5.742832e-10	1.572149e-02	1.123844e-03
4.496000e+00	-9.257370e+00	3.133286e+04	5.528791e-10	1.601106e-02	1.081957e-03
4.504074e+00	-9.274172e+00	3.192079e+04	5.318970e-10	1.631149e-02	1.040897e-03
4.512000e+00	-9.290668e+00	3.250873e+04	5.120726e-10	1.661193e-02	1.002101e-03
4.520074e+00	-9.307471e+00	3.311873e+04	4.926391e-10	1.692364e-02	9.640708e-04
4.528000e+00	-9.323967e+00	3.372873e+04	4.742780e-10	1.723534e-02	9.281389e-04
4.536074e+00	-9.340770e+00	3.436162e+04	4.562788e-10	1.755875e-02	8.929154e-04
4.544000e+00	-9.357266e+00	3.499452e+04	4.392728e-10	1.788216e-02	8.596355e-04
4.552074e+00	-9.374068e+00	3.565116e+04	4.226021e-10	1.821770e-02	8.270118e-04
4.560000e+00	-9.390564e+00	3.630781e+04	4.068513e-10	1.855325e-02	7.961882e-04
4.568074e+00	-9.407367e+00	3.698909e+04	3.914110e-10	1.890139e-02	7.659723e-04
4.576000e+00	-9.423863e+00	3.767038e+04	3.768227e-10	1.924952e-02	7.374237e-04
4.584074e+00	-9.440666e+00	3.837723e+04	3.625221e-10	1.961073e-02	7.094380e-04
4.592000e+00	-9.457162e+00	3.908409e+04	3.490105e-10	1.997193e-02	6.829965e-04
4.600074e+00	-9.473964e+00	3.981747e+04	3.357653e-10	2.034668e-02	6.570764e-04
4.608000e+00	-9.490460e+00	4.055085e+04	3.232510e-10	2.072144e-02	6.325864e-04
4.616074e+00	-9.507263e+00	4.131176e+04	3.109834e-10	2.111026e-02	6.085794e-04
4.624000e+00	-9.523759e+00	4.207266e+04	2.993927e-10	2.149908e-02	5.858970e-04
4.632074e+00	-9.540561e+00	4.286212e+04	2.880306e-10	2.190250e-02	5.636618e-04
4.640000e+00	-9.557057e+00	4.365158e+04	2.772954e-10	2.230591e-02	5.426535e-04
4.648074e+00	-9.573860e+00	4.447067e+04	2.667718e-10	2.272446e-02	5.220595e-04
4.656000e+00	-9.590356e+00	4.528976e+04	2.568290e-10	2.314302e-02	5.026018e-04
4.664074e+00	-9.607159e+00	4.613958e+04	2.470821e-10	2.357728e-02	4.835277e-04
4.672000e+00	-9.623655e+00	4.698941e+04	2.378731e-10	2.401154e-02	4.655061e-04
4.680074e+00	-9.640457e+00	4.787113e+04	2.288457e-10	2.446210e-02	4.478399e-04
4.688000e+00	-9.656953e+00	4.875285e+04	2.203164e-10	2.491265e-02	4.311484e-04
4.696074e+00	-9.673756e+00	4.966766e+04	2.119552e-10	2.538012e-02	4.147860e-04
4.704000e+00	-9.690252e+00	5.058247e+04	2.040554e-10	2.584759e-02	3.993265e-04
4.712074e+00	-9.707055e+00	5.153161e+04	1.963114e-10	2.633259e-02	3.841718e-04
4.720000e+00	-9.723550e+00	5.248075e+04	1.889947e-10	2.681760e-02	3.698533e-04
4.728074e+00	-9.740353e+00	5.346551e+04	1.818222e-10	2.732082e-02	3.558172e-04
4.736000e+00	-9.756849e+00	5.445027e+04	1.750455e-10	2.782403e-02	3.425555e-04
4.744074e+00	-9.773652e+00	5.547198e+04	1.684024e-10	2.834612e-02	3.295553e-04
4.752000e+00	-9.790148e+00	5.649370e+04	1.621259e-10	2.886822e-02	3.172724e-04
4.760074e+00	-9.806950e+00	5.755376e+04	1.559731e-10	2.940991e-02	3.052317e-04
4.768000e+00	-9.823446e+00	5.861382e+04	1.501598e-10	2.995160e-02	2.938554e-04
4.776074e+00	-9.840249e+00	5.971366e+04	1.444611e-10	3.051361e-02	2.827034e-04
4.784000e+00	-9.856745e+00	6.081350e+04	1.390769e-10	3.107563e-02	2.721668e-04
4.792074e+00	-9.873548e+00	6.195462e+04	1.337989e-10	3.165874e-02	2.618379e-04
4.800000e+00	-9.890044e+00	6.309573e+04	1.288120e-10	3.224185e-02	2.520789e-04
4.808074e+00	-9.906846e+00	6.427968e+04	1.239235e-10	3.284684e-02	2.425123e-04
4.816000e+00	-9.923342e+00	6.546362e+04	1.193048e-10	3.345184e-02	2.334736e-04
4.824074e+00	-9.940145e+00	6.669199e+04	1.147771e-10	3.407953e-02	2.246132e-04
4.832000e+00	-9.956641e+00	6.792036e+04	1.104992e-10	3.470723e-02	2.162416e-04
4.840074e+00	-9.973443e+00	6.919484e+04	1.063057e-10	3.535849e-02	2.080351e-04
4.848000e+00	-9.989939e+00	7.046931e+04	1.023436e-10	3.600974e-02	2.002814e-04
4.856074e+00	-1.000674e+01	7.179161e+04	9.845957e-11	3.668543e-02	1.926806e-04
4.864000e+00	-1.002324e+01	7.311391e+04	9.478988e-11	3.736113e-02	1.854992e-04
4.872074e+00	-1.004004e+01	7.448583e+04	9.119254e-11	3.806218e-02	1.784594e-04
4.880000e+00	-1.005654e+01	7.585776e+04	8.779370e-11	3.876323e-02	1.718080e-04
4.888074e+00	-1.007334e+01	7.728117e+04	8.446187e-11	3.949059e-02	1.652878e-04
4.896000e+00	-1.008984e+01	7.870458e+04	8.131389e-11	4.021795e-02	1.591273e-04
4.904074e+00	-1.010665e+01	8.018141e+04	7.822657e-11	4.097261e-02	1.530856e-04
4.912000e+00	-1.012323e+01	8.165824e+04	7.529568e-11	4.172727e-02	1.473500e-04
4.920074e+00	-1.014022e+01	8.319049e+04	7.240634e-11	4.251025e-02	1.416957e-04
4.928000e+00	-1.015701e+01	8.472274e+04	6.966172e-11	4.329323e-02	1.363246e-04
4.936074e+00	-1.017420e+01	8.631250e+04	6.695744e-11	4.410559e-02	1.310325e-04
4.944000e+00	-1.019118e+01	8.790225e+04	6.438997e-11	4.491795e-02	1.260080e-04
4.952074e+00	-1.020858e+01	8.955167e+04	6.186157e-11	4.576080e-02	1.210601e-04
4.960000e+00	-1.022576e+01	9.120108e+04	5.946236e-11	4.660365e-02	1.163649e-04
4.968074e+00	-1.024336e+01	9.291240e+04	5.710090e-11	4.747814e-02	1.117437e-04
4.976000e+00	-1.026073e+01	9.462372e+04	5.486128e-11	4.835262e-02	1.073609e-04
4.984074e+00	-1.027854e+01	9.639926e+04	5.265806e-11	4.925991e-02	1.030493e-04
4.992000e+00	-1.029611e+01	9.817479e+04	5.056961e-11	5.016721e-02	9.896227e-05
5.000074e+00	-1.031411e+01	1.000170e+05	4.851619e-11	5.110856e-02	9.494382e-05
5.008000e+00	-1.033189e+01	1.018591e+05	4.657075e-11	5.204991e-02	9.113669e-05
5.016074e+00	-1.035009e+01	1.037704e+05	4.465893e-11	5.302658e-02	8.739536e-05
5.024000e+00	-1.036806e+01	1.056818e+05	4.284860e-11	5.400326e-02	8.385263e-05
5.032074e+00	-1.038647e+01	1.076648e+05	4.107050e-11	5.501659e-02	8.037296e-05
5.040000e+00	-1.040464e+01	1.096478e+05	3.938765e-11	5.602992e-02	7.707971e-05
5.048074e+00	-1.042325e+01	1.117053e+05	3.773561e-11	5.708127e-02	7.384676e-05
5.056000e+00	-1.044162e+01	1.137627e+05	3.617290e-11	5.813263e-02	7.078860e-05
5.064074e+00	-1.046043e+01	1.158974e+05	3.463959e-11	5.922344e-02	6.778800e-05
5.072000e+00	-1.047899e+01	1.180321e+05	3.318994e-11	6.031426e-02	6.495110e-05
5.080074e+00	-1.049801e+01	1.202468e+05	3.176831e-11	6.144601e-02	6.216903e-05
5.088000e+00	-1.051677e+01	1.224616e+05	3.042493e-11	6.257775e-02	5.954010e-05
5.096074e+00	-1.053598e+01	1.247595e+05	2.910819e-11	6.375198e-02	5.696331e-05
5.104000e+00	-1.055495e+01	1.270574e+05	2.786458e-11	6.492620e-02	5.452962e-05
5.112074e+00	-1.057436e+01	1.294415e+05	2.664626e-11	6.614449e-02	5.214543e-05
5.120000e+00	-1.059352e+01	1.318257e+05	2.549619e-11	6.736278e-02	4.989480e-05
5.128074e+00	-1.061314e+01	1.342993e+05	2.437009e-11	6.862678e-02	4.769109e-05
5.136000e+00	-1.063250e+01	1.367729e+05	2.330762e-11	6.989079e-02	4.561189e-05
5.144074e+00	-1.065232e+01	1.393393e+05	2.226784e-11	7.120224e-02	4.357707e-05
5.152000e+00	-1.067188e+01	1.419058e+05	2.128730e-11	7.251368e-02	4.165822e-05
5.160074e+00	-1.069190e+01	1.445685e+05	2.032819e-11	7.387435e-02	3.978128e-05
5.168000e+00	-1.071166e+01	1.472313e+05	1.942420e-11	7.523501e-02	3.801222e-05
5.176074e+00	-1.073188e+01	1.499939e+05	1.854041e-11	7.664673e-02	3.628268e-05
5.184000e+00	-1.075183e+01	1.527566e+05	1.770784e-11	7.805846e-02	3.465338e-05
5.192074e+00	-1.077226e+01	1.556230e+05	1.689429e-11	7.952316e-02	3.306130e-05
5.200000e+00	-1.079241e+01	1.584893e+05	1.612827e-11	8.098787e-02	3.156224e-05
5.208074e+00	-1.081304e+01	1.614632e+05	1.538014e-11	8.250754e-02	3.009818e-05
5.216000e+00	-1.083339e+01	1.644372e+05	1.467608e-11	8.402722e-02	2.872037e-05
5.224074e+00	-1.085422e+01	1.675227e+05	1.398880e-11	8.560392e-02	2.737541e-05
5.232000e+00	-1.087477e+01	1.706082e+05	1.334234e-11	8.718062e-02	2.611032e-05
5.240074e+00	-1.089580e+01	1.738096e+05	1.271162e-11	8.881650e-02	2.487601e-05
5.248000e+00	-1.091655e+01	1.770109e+05	1.211865e-11	9.045237e-02	2.371560e-05
5.256074e+00	-1.093778e+01	1.803324e+05	1.154040e-11	9.214964e-02	2.258400e-05
5.264000e+00	-1.095872e+01	1.836538e+05	1.099704e-11	9.384691e-02	2.152068e-05
5.272074e+00	-1.098016e+01	1.871000e+05	1.046745e-11	9.560787e-02	2.048429e-05
5.280000e+00	-1.100130e+01	1.905461e+05	9.970059e-12	9.736883e-02	1.951092e-05
5.288074e+00	-1.102294e+01	1.941215e+05	9.485509e-12	9.919588e-02	1.856268e-05
5.296000e+00	-1.104428e+01	1.976970e+05	9.030658e-12	1.010229e-01	1.767256e-05
5.304074e+00	-1.106612e+01	2.014066e+05	8.587770e-12	1.029185e-01	1.680585e-05
5.312000e+00	-1.108766e+01	2.051162e+05	8.172237e-12	1.048142e-01	1.599267e-05
5.320074e+00	-1.110970e+01	2.089651e+05	7.767836e-12	1.067809e-01	1.520128e-05
5.328000e+00	-1.113144e+01	2.128139e+05	7.388604e-12	1.087477e-01	1.445914e-05
5.336074e+00	-1.115368e+01	2.168072e+05	7.019717e-12	1.107882e-01	1.373724e-05
5.344000e+00	-1.117562e+01	2.208005e+05	6.673962e-12	1.128288e-01	1.306062e-05
5.352074e+00	-1.119806e+01	2.249436e+05	6.337807e-12	1.149459e-01	1.240278e-05
5.360000e+00	-1.122020e+01	2.290868e+05	6.022890e-12	1.170631e-01	1.178650e-05
5.368074e+00	-1.124284e+01	2.333854e+05	5.716871e-12	1.192597e-01	1.118764e-05
5.376000e+00	-1.126517e+01	2.376840e+05	5.430328e-12	1.214563e-01	1.062689e-05
5.384074e+00	-1.128802e+01	2.421440e+05	5.152021e-12	1.237353e-01	1.008225e-05
5.392000e+00	-1.131055e+01	2.466039e+05	4.891556e-12	1.260143e-01	9.572538e-06
5.400074e+00	-1.133360e+01	2.512313e+05	4.638704e-12	1.283789e-01	9.077719e-06
5.408000e+00	-1.135633e+01	2.558586e+05	4.402182e-12	1.307435e-01	8.614855e-06
5.416074e+00	-1.137958e+01	2.606596e+05	4.172686e-12	1.331968e-01	8.165744e-06
5.424000e+00	-1.140251e+01	2.654606e+05	3.958118e-12	1.356501e-01	7.745844e-06
5.432074e+00	-1.142597e+01	2.704417e+05	3.750029e-12	1.381954e-01	7.338624e-06
5.440000e+00	-1.144909e+01	2.754229e+05	3.555572e-12	1.407408e-01	6.958081e-06
5.448074e+00	-1.147275e+01	2.805910e+05	3.367080e-12	1.433817e-01	6.589211e-06
5.456000e+00	-1.149607e+01	2.857591e+05	3.191024e-12	1.460226e-01	6.244678e-06
5.464074e+00	-1.151993e+01	2.911211e+05	3.020453e-12	1.487626e-01	5.910880e-06
5.472000e+00	-1.154345e+01	2.964831e+05	2.861215e-12	1.515026e-01	5.599258e-06
5.480074e+00	-1.156751e+01	3.020464e+05	2.707015e-12	1.543454e-01	5.297497e-06
5.488000e+00	-1.159123e+01	3.076097e+05	2.563131e-12	1.571882e-01	5.015923e-06
5.496074e+00	-1.161549e+01	3.133817e+05	2.423869e-12	1.601377e-01	4.743394e-06
5.504000e+00	-1.163941e+01	3.191538e+05	2.293988e-12	1.630872e-01	4.489223e-06
5.512074e+00	-1.166387e+01	3.251425e+05	2.168341e-12	1.661474e-01	4.243337e-06
5.520000e+00	-1.168799e+01	3.311311e+05	2.051215e-12	1.692076e-01	4.014129e-06
5.528074e+00	-1.171265e+01	3.373445e+05	1.937964e-12	1.723827e-01	3.792502e-06
5.536000e+00	-1.173697e+01	3.435579e+05	1.832447e-12	1.755577e-01	3.586009e-06
5.544074e+00	-1.176184e+01	3.500045e+05	1.730469e-12	1.788519e-01	3.386444e-06
5.552000e+00	-1.178635e+01	3.564511e+05	1.635503e-12	1.821461e-01	3.200599e-06
5.560074e+00	-1.181142e+01	3.631397e+05	1.543768e-12	1.855640e-01	3.021078e-06
5.568000e+00	-1.183613e+01	3.698282e+05	1.458381e-12	1.889818e-01	2.853981e-06
5.576074e+00	-1.186140e+01	3.767677e+05	1.375941e-12	1.925279e-01	2.692650e-06
5.584000e+00	-1.188631e+01	3.837072e+05	1.299244e-12	1.960740e-01	2.542558e-06
5.592074e+00	-1.191178e+01	3.909072e+05	1.225230e-12	1.997532e-01	2.397716e-06
5.600000e+00	-1.193689e+01	3.981072e+05	1.156406e-12	2.034323e-01	2.263031e-06
5.608074e+00	-1.196256e+01	4.055773e+05	1.090022e-12	2.072496e-01	2.133121e-06
5.616000e+00	-1.198787e+01	4.130475e+05	1.028324e-12	2.110668e-01	2.012380e-06
5.624074e+00	-1.201375e+01	4.207980e+05	9.688421e-13	2.150273e-01	1.895977e-06
5.632000e+00	-1.203925e+01	4.285485e+05	9.135857e-13	2.189878e-01	1.787843e-06
5.640074e+00	-1.206533e+01	4.365899e+05	8.603408e-13	2.230970e-01	1.683645e-06
5.648000e+00	-1.209103e+01	4.446313e+05	8.109024e-13	2.272061e-01	1.586897e-06
5.656074e+00	-1.211731e+01	4.529744e+05	7.632871e-13	2.314694e-01	1.493716e-06
5.664000e+00	-1.214321e+01	4.613176e+05	7.190975e-13	2.357328e-01	1.407239e-06
5.672074e+00	-1.216969e+01	4.699738e+05	6.765583e-13	2.401561e-01	1.323992e-06
5.680000e+00	-1.219579e+01	4.786301e+05	6.370989e-13	2.445795e-01	1.246772e-06
5.688074e+00	-1.222248e+01	4.876112e+05	5.991318e-13	2.491688e-01	1.172472e-06
5.696000e+00	-1.224877e+01	4.965923e+05	5.639308e-13	2.537581e-01	1.103585e-06
5.704074e+00	-1.227566e+01	5.059105e+05	5.300776e-13	2.585197e-01	1.037336e-06
5.712000e+00	-1.230216e+01	5.152286e+05	4.987061e-13	2.632813e-01	9.759436e-07
5.720074e+00	-1.232924e+01	5.248965e+05	4.685505e-13	2.682215e-01	9.169306e-07
5.728000e+00	-1.235594e+01	5.345644e+05	4.406192e-13	2.731618e-01	8.622704e-07
5.736074e+00	-1.238323e+01	5.445950e+05	4.137836e-13	2.782875e-01	8.097544e-07
5.744000e+00	-1.241012e+01	5.546257e+05	3.889396e-13	2.834131e-01	7.611358e-07
5.752074e+00	-1.243761e+01	5.650328e+05	3.650817e-13	2.887312e-01	7.144471e-07
5.760000e+00	-1.246470e+01	5.754399e+05	3.430052e-13	2.940492e-01	6.712444e-07
5.768074e+00	-1.249239e+01	5.862376e+05	3.218153e-13	2.995668e-01	6.297769e-07
5.776000e+00	-1.251968e+01	5.970353e+05	3.022171e-13	3.050844e-01	5.914242e-07
5.784074e+00	-1.254758e+01	6.082382e+05	2.834153e-13	3.108090e-01	5.546299e-07
5.792000e+00	-1.257506e+01	6.194411e+05	2.660342e-13	3.165337e-01	5.206159e-07
5.800074e+00	-1.260316e+01	6.310644e+05	2.493674e-13	3.224732e-01	4.879998e-07
5.808000e+00	-1.263084e+01	6.426877e+05	2.339676e-13	3.284127e-01	4.578631e-07
5.816074e+00	-1.265914e+01	6.547472e+05	2.192078e-13	3.345751e-01	4.289790e-07
5.824000e+00	-1.268703e+01	6.668068e+05	2.055766e-13	3.407375e-01	4.023035e-07
5.832074e+00	-1.271553e+01	6.793189e+05	1.925184e-13	3.471312e-01	3.767491e-07
5.840000e+00	-1.274361e+01	6.918310e+05	1.804645e-13	3.535249e-01	3.531602e-07
5.848074e+00	-1.277231e+01	7.048126e+05	1.689228e-13	3.601585e-01	3.305737e-07
5.856000e+00	-1.280059e+01	7.177943e+05	1.582740e-13	3.667921e-01	3.097346e-07
5.864074e+00	-1.282950e+01	7.312631e+05	1.480827e-13	3.736747e-01	2.897906e-07
5.872000e+00	-1.285797e+01	7.447320e+05	1.386843e-13	3.805572e-01	2.713985e-07
5.880074e+00	-1.288708e+01	7.587063e+05	1.296941e-13	3.876981e-01	2.538050e-07
5.888000e+00	-1.291575e+01	7.726806e+05	1.214074e-13	3.948389e-01	2.375884e-07
5.896074e+00	-1.294506e+01	7.871793e+05	1.134844e-13	4.022478e-01	2.220834e-07
5.904000e+00	-1.297394e+01	8.016781e+05	1.061849e-13	4.096566e-01	2.077986e-07
5.912074e+00	-1.300345e+01	8.167209e+05	9.920914e-14	4.173435e-01	1.941475e-07
5.920000e+00	-1.303252e+01	8.317638e+05	9.278551e-14	4.250304e-01	1.815767e-07
5.928074e+00	-1.306223e+01	8.473712e+05	8.664974e-14	4.330057e-01	1.695693e-07
5.936000e+00	-1.309150e+01	8.629785e+05	8.100233e-14	4.409811e-01	1.585176e-07
5.944074e+00	-1.312142e+01	8.791717e+05	7.561060e-14	4.492558e-01	1.479663e-07
5.952000e+00	-1.315089e+01	8.953648e+05	7.065042e-14	4.575304e-01	1.382594e-07
5.960074e+00	-1.318100e+01	9.121656e+05	6.591710e-14	4.661156e-01	1.289965e-07
5.968000e+00	-1.321067e+01	9.289664e+05	6.156472e-14	4.747008e-01	1.204792e-07
5.976074e+00	-1.324099e+01	9.463977e+05	5.741341e-14	4.836082e-01	1.123552e-07
5.984000e+00	-1.327085e+01	9.638290e+05	5.359805e-14	4.925156e-01	1.048888e-07
5.992074e+00	-1.330137e+01	9.819145e+05	4.996069e-14	5.017572e-01	9.777065e-08
6.000000e+00	-1.333143e+01	1.000000e+06	4.661932e-14	5.109989e-01	9.123173e-08
6.008074e+00	-1.336216e+01	1.018764e+06	4.343537e-14	5.205874e-01	8.500090e-08
6.016000e+00	-1.339242e+01	1.037528e+06	4.051191e-14	5.301759e-01	7.927984e-08
6.024074e+00	-1.342334e+01	1.056997e+06	3.772753e-14	5.401242e-01	7.383095e-08
6.032000e+00	-1.345380e+01	1.076465e+06	3.517219e-14	5.500726e-01	6.883027e-08
6.040074e+00	-1.348493e+01	1.096664e+06	3.273959e-14	5.603942e-01	6.406979e-08
6.048000e+00	-1.351558e+01	1.116863e+06	3.050816e-14	5.707159e-01	5.970299e-08
6.056074e+00	-1.354691e+01	1.137820e+06	2.838494e-14	5.814249e-01	5.554794e-08
6.064000e+00	-1.357777e+01	1.158777e+06	2.643824e-14	5.921340e-01	5.173835e-08
6.072074e+00	-1.360930e+01	1.180521e+06	2.458683e-14	6.032449e-01	4.811523e-08
6.080000e+00	-1.364035e+01	1.202264e+06	2.289017e-14	6.143558e-01	4.479494e-08
6.088074e+00	-1.367208e+01	1.224824e+06	2.127733e-14	6.258837e-01	4.163869e-08
6.096000e+00	-1.370333e+01	1.247384e+06	1.980000e-14	6.374116e-01	3.874764e-08
6.104074e+00	-1.373527e+01	1.270790e+06	1.839634e-14	6.493721e-01	3.600074e-08
6.112000e+00	-1.376672e+01	1.294196e+06	1.711124e-14	6.613327e-01	3.348586e-08
