########################################################################
#_src is in the AGN rest frame:cosmo                 
#nu_src  nuFnu_somma_src  nuFnu_Sync_src nuFnu_SSC_src nu_Fnu_Disk_src  nu_Fnu_DT_src nu_Fnu_Star_src nu_Fnu_EC_Disk_src nu_Fnu_EC_BLR_src nu_Fnu_EC_DT_src nu_Fnu_EC_Star_src nu_Fnu_EC_CMB_src  
########################################################################
6.0132e+00	 -6.5673e+01	 -6.5673e+01	 -6.5673e+01	 -6.5673e+01	 -6.5673e+01	 -6.5673e+01	 -6.5673e+01	 -6.5673e+01 -6.5673e+01	 -6.5673e+01	 -6.5673e+01
6.1332e+00	 -6.5673e+01	 -6.5673e+01	 -6.5673e+01	 -6.5673e+01	 -6.5673e+01	 -6.5673e+01	 -6.5673e+01	 -6.5673e+01 -6.5673e+01	 -6.5673e+01	 -6.5673e+01
6.2532e+00	 -6.5673e+01	 -6.5673e+01	 -6.5673e+01	 -6.5673e+01	 -6.5673e+01	 -6.5673e+01	 -6.5673e+01	 -6.5673e+01 -6.5673e+01	 -6.5673e+01	 -6.5673e+01
6.3732e+00	 -6.5673e+01	 -6.5673e+01	 -6.5673e+01	 -6.5673e+01	 -6.5673e+01	 -6.5673e+01	 -6.5673e+01	 -6.5673e+01 -6.5673e+01	 -6.5673e+01	 -6.5673e+01
6.4932e+00	 -6.5673e+01	 -6.5673e+01	 -6.5673e+01	 -6.5673e+01	 -6.5673e+01	 -6.5673e+01	 -6.5673e+01	 -6.5673e+01 -6.5673e+01	 -6.5673e+01	 -6.5673e+01
6.6132e+00	 -6.5673e+01	 -6.5673e+01	 -6.5673e+01	 -6.5673e+01	 -6.5673e+01	 -6.5673e+01	 -6.5673e+01	 -6.5673e+01 -6.5673e+01	 -6.5673e+01	 -6.5673e+01
6.7332e+00	 -6.5673e+01	 -6.5673e+01	 -6.5673e+01	 -6.5673e+01	 -6.5673e+01	 -6.5673e+01	 -6.5673e+01	 -6.5673e+01 -6.5673e+01	 -6.5673e+01	 -6.5673e+01
6.8532e+00	 -6.5673e+01	 -6.5673e+01	 -6.5673e+01	 -6.5673e+01	 -6.5673e+01	 -6.5673e+01	 -6.5673e+01	 -6.5673e+01 -6.5673e+01	 -6.5673e+01	 -6.5673e+01
6.9732e+00	 -6.5673e+01	 -6.5673e+01	 -6.5673e+01	 -6.5673e+01	 -6.5673e+01	 -6.5673e+01	 -6.5673e+01	 -6.5673e+01 -6.5673e+01	 -6.5673e+01	 -6.5673e+01
7.0932e+00	 -6.5673e+01	 -6.5673e+01	 -6.5673e+01	 -6.5673e+01	 -6.5673e+01	 -6.5673e+01	 -6.5673e+01	 -6.5673e+01 -6.5673e+01	 -6.5673e+01	 -6.5673e+01
7.2132e+00	 -6.5673e+01	 -6.5673e+01	 -6.5673e+01	 -6.5673e+01	 -6.5673e+01	 -6.5673e+01	 -6.5673e+01	 -6.5673e+01 -6.5673e+01	 -6.5673e+01	 -6.5673e+01
7.3332e+00	 -6.5673e+01	 -6.5673e+01	 -6.5673e+01	 -6.5673e+01	 -6.5673e+01	 -6.5673e+01	 -6.5673e+01	 -6.5673e+01 -6.5673e+01	 -6.5673e+01	 -6.5673e+01
7.4532e+00	 3.3771e+01	 3.3771e+01	 -6.5673e+01	 -6.5673e+01	 -6.5673e+01	 -6.5673e+01	 -6.5673e+01	 -6.5673e+01 -6.5673e+01	 -6.5673e+01	 -6.5673e+01
7.5732e+00	 3.4108e+01	 3.4108e+01	 -6.5673e+01	 -6.5673e+01	 -6.5673e+01	 -6.5673e+01	 -6.5673e+01	 -6.5673e+01 -6.5673e+01	 -6.5673e+01	 -6.5673e+01
7.6932e+00	 3.4445e+01	 3.4445e+01	 -6.5673e+01	 -6.5673e+01	 -6.5673e+01	 -6.5673e+01	 -6.5673e+01	 -6.5673e+01 -6.5673e+01	 -6.5673e+01	 -6.5673e+01
7.8132e+00	 3.4782e+01	 3.4782e+01	 -6.5673e+01	 -6.5673e+01	 -6.5673e+01	 -6.5673e+01	 -6.5673e+01	 -6.5673e+01 -6.5673e+01	 -6.5673e+01	 -6.5673e+01
7.9332e+00	 3.5120e+01	 3.5120e+01	 -6.5673e+01	 -6.5673e+01	 -6.5673e+01	 -6.5673e+01	 -6.5673e+01	 -6.5673e+01 -6.5673e+01	 -6.5673e+01	 -6.5673e+01
8.0532e+00	 3.5470e+01	 3.5470e+01	 -6.5673e+01	 -6.5673e+01	 -6.5673e+01	 -6.5673e+01	 -6.5673e+01	 -6.5673e+01 -6.5673e+01	 -6.5673e+01	 -6.5673e+01
8.1732e+00	 3.5823e+01	 3.5823e+01	 -6.5673e+01	 -6.5673e+01	 -6.5673e+01	 -6.5673e+01	 -6.5673e+01	 -6.5673e+01 -6.5673e+01	 -6.5673e+01	 -6.5673e+01
8.2932e+00	 3.6193e+01	 3.6193e+01	 -6.5673e+01	 -6.5673e+01	 -6.5673e+01	 -6.5673e+01	 -6.5673e+01	 -6.5673e+01 -6.5673e+01	 -6.5673e+01	 -6.5673e+01
8.4132e+00	 3.6580e+01	 3.6580e+01	 -6.5673e+01	 -6.5673e+01	 -6.5673e+01	 -6.5673e+01	 -6.5673e+01	 -6.5673e+01 -6.5673e+01	 -6.5673e+01	 -6.5673e+01
8.5332e+00	 3.6972e+01	 3.6972e+01	 -6.5673e+01	 -6.5673e+01	 -6.5673e+01	 -6.5673e+01	 -6.5673e+01	 -6.5673e+01 -6.5673e+01	 -6.5673e+01	 -6.5673e+01
8.6532e+00	 3.7387e+01	 3.7387e+01	 -6.5673e+01	 -6.5673e+01	 -6.5673e+01	 -6.5673e+01	 -6.5673e+01	 -6.5673e+01 -6.5673e+01	 -6.5673e+01	 -6.5673e+01
8.7732e+00	 3.7802e+01	 3.7802e+01	 -6.5673e+01	 -6.5673e+01	 -6.5673e+01	 -6.5673e+01	 -6.5673e+01	 -6.5673e+01 -6.5673e+01	 -6.5673e+01	 -6.5673e+01
8.8932e+00	 3.8221e+01	 3.8221e+01	 -6.5673e+01	 -6.5673e+01	 -6.5673e+01	 -6.5673e+01	 -6.5673e+01	 -6.5673e+01 -6.5673e+01	 -6.5673e+01	 -6.5673e+01
9.0132e+00	 3.8640e+01	 3.8640e+01	 -6.5673e+01	 -6.5673e+01	 -6.5673e+01	 -6.5673e+01	 -6.5673e+01	 -6.5673e+01 -6.5673e+01	 -6.5673e+01	 -6.5673e+01
9.1332e+00	 3.9060e+01	 3.9060e+01	 -6.5673e+01	 -6.5673e+01	 -6.5673e+01	 -6.5673e+01	 -6.5673e+01	 -6.5673e+01 -6.5673e+01	 -6.5673e+01	 -6.5673e+01
9.2532e+00	 3.9480e+01	 3.9480e+01	 -6.5673e+01	 -6.5673e+01	 -6.5673e+01	 -6.5673e+01	 -6.5673e+01	 -6.5673e+01 -6.5673e+01	 -6.5673e+01	 -6.5673e+01
9.3732e+00	 3.9900e+01	 3.9900e+01	 -6.5673e+01	 -6.5673e+01	 -6.5673e+01	 -6.5673e+01	 -6.5673e+01	 -6.5673e+01 -6.5673e+01	 -6.5673e+01	 -6.5673e+01
9.4932e+00	 4.0320e+01	 4.0320e+01	 -6.5673e+01	 -6.5673e+01	 -6.5673e+01	 -6.5673e+01	 -6.5673e+01	 -6.5673e+01 -6.5673e+01	 -6.5673e+01	 -6.5673e+01
9.6132e+00	 4.0740e+01	 4.0740e+01	 -6.5673e+01	 -6.5673e+01	 -6.5673e+01	 -6.5673e+01	 -6.5673e+01	 -6.5673e+01 -6.5673e+01	 -6.5673e+01	 -6.5673e+01
9.7332e+00	 4.1148e+01	 4.1148e+01	 -6.5673e+01	 -6.5673e+01	 -6.5673e+01	 -6.5673e+01	 -6.5673e+01	 -6.5673e+01 -6.5673e+01	 -6.5673e+01	 -6.5673e+01
9.8532e+00	 4.1554e+01	 4.1554e+01	 -6.5673e+01	 -6.5673e+01	 -6.5673e+01	 -6.5673e+01	 -6.5673e+01	 -6.5673e+01 -6.5673e+01	 -6.5673e+01	 -6.5673e+01
9.9732e+00	 4.1877e+01	 4.1877e+01	 -6.5673e+01	 -6.5673e+01	 -6.5673e+01	 -6.5673e+01	 -6.5673e+01	 -6.5673e+01 -6.5673e+01	 -6.5673e+01	 -6.5673e+01
1.0093e+01	 4.2129e+01	 4.2129e+01	 -6.5673e+01	 -6.5673e+01	 -6.5673e+01	 -6.5673e+01	 -6.5673e+01	 -6.5673e+01 -6.5673e+01	 -6.5673e+01	 -6.5673e+01
1.0213e+01	 4.2348e+01	 4.2348e+01	 -6.5673e+01	 -6.5673e+01	 -6.5673e+01	 -6.5673e+01	 -6.5673e+01	 -6.5673e+01 -6.5673e+01	 -6.5673e+01	 -6.5673e+01
1.0333e+01	 4.2444e+01	 4.2444e+01	 -6.5673e+01	 -6.5673e+01	 -6.5673e+01	 -6.5673e+01	 -6.5673e+01	 -6.5673e+01 -6.5673e+01	 -6.5673e+01	 -6.5673e+01
1.0453e+01	 4.2540e+01	 4.2540e+01	 -6.5673e+01	 -6.5673e+01	 -6.5673e+01	 -6.5673e+01	 -6.5673e+01	 -6.5673e+01 -6.5673e+01	 -6.5673e+01	 -6.5673e+01
1.0573e+01	 4.2605e+01	 4.2605e+01	 -6.5673e+01	 -6.5673e+01	 -6.5673e+01	 -6.5673e+01	 -6.5673e+01	 -6.5673e+01 -6.5673e+01	 -6.5673e+01	 -6.5673e+01
1.0693e+01	 4.2667e+01	 4.2667e+01	 -6.5673e+01	 -6.5673e+01	 -6.5673e+01	 -6.5673e+01	 -6.5673e+01	 -6.5673e+01 -6.5673e+01	 -6.5673e+01	 -6.5673e+01
1.0813e+01	 4.2725e+01	 4.2725e+01	 -6.5673e+01	 -6.5673e+01	 -6.5673e+01	 -6.5673e+01	 -6.5673e+01	 -6.5673e+01 -6.5673e+01	 -6.5673e+01	 -6.5673e+01
1.0933e+01	 4.2781e+01	 4.2781e+01	 -6.5673e+01	 -6.5673e+01	 -6.5673e+01	 -6.5673e+01	 -6.5673e+01	 -6.5673e+01 -6.5673e+01	 -6.5673e+01	 -6.5673e+01
1.1053e+01	 4.2837e+01	 4.2837e+01	 -6.5673e+01	 -6.5673e+01	 -6.5673e+01	 -6.5673e+01	 -6.5673e+01	 -6.5673e+01 -6.5673e+01	 -6.5673e+01	 -6.5673e+01
1.1173e+01	 4.2892e+01	 4.2892e+01	 -6.5673e+01	 -6.5673e+01	 -6.5673e+01	 -6.5673e+01	 -6.5673e+01	 -6.5673e+01 -6.5673e+01	 -6.5673e+01	 -6.5673e+01
1.1293e+01	 4.2947e+01	 4.2947e+01	 -6.5673e+01	 -6.5673e+01	 -6.5673e+01	 -6.5673e+01	 -6.5673e+01	 -6.5673e+01 -6.5673e+01	 -6.5673e+01	 -6.5673e+01
1.1413e+01	 4.3003e+01	 4.3003e+01	 -6.5673e+01	 -6.5673e+01	 -6.5673e+01	 -6.5673e+01	 -6.5673e+01	 -6.5673e+01 -6.5673e+01	 -6.5673e+01	 -6.5673e+01
1.1533e+01	 4.3058e+01	 4.3058e+01	 -6.5673e+01	 -6.5673e+01	 -6.5673e+01	 -6.5673e+01	 -6.5673e+01	 -6.5673e+01 -6.5673e+01	 -6.5673e+01	 -6.5673e+01
1.1653e+01	 4.3113e+01	 4.3113e+01	 -6.5673e+01	 -6.5673e+01	 -6.5673e+01	 -6.5673e+01	 -6.5673e+01	 -6.5673e+01 -6.5673e+01	 -6.5673e+01	 -6.5673e+01
1.1773e+01	 4.3168e+01	 4.3168e+01	 -6.5673e+01	 -6.5673e+01	 -6.5673e+01	 -6.5673e+01	 -6.5673e+01	 -6.5673e+01 -6.5673e+01	 -6.5673e+01	 -6.5673e+01
1.1893e+01	 4.3223e+01	 4.3223e+01	 -6.5673e+01	 -6.5673e+01	 -6.5673e+01	 -6.5673e+01	 -6.5673e+01	 -6.5673e+01 -6.5673e+01	 -6.5673e+01	 -6.5673e+01
1.2013e+01	 4.3278e+01	 4.3278e+01	 -6.5673e+01	 -6.5673e+01	 -6.5673e+01	 -6.5673e+01	 -6.5673e+01	 -6.5673e+01 -6.5673e+01	 -6.5673e+01	 -6.5673e+01
1.2133e+01	 4.3333e+01	 4.3333e+01	 -6.5673e+01	 -6.5673e+01	 -6.5673e+01	 -6.5673e+01	 -6.5673e+01	 -6.5673e+01 -6.5673e+01	 -6.5673e+01	 -6.5673e+01
1.2253e+01	 4.3388e+01	 4.3388e+01	 -6.5673e+01	 -6.5673e+01	 -6.5673e+01	 -6.5673e+01	 -6.5673e+01	 -6.5673e+01 -6.5673e+01	 -6.5673e+01	 -6.5673e+01
1.2373e+01	 4.3444e+01	 4.3444e+01	 -6.5673e+01	 -6.5673e+01	 -6.5673e+01	 -6.5673e+01	 -6.5673e+01	 -6.5673e+01 -6.5673e+01	 -6.5673e+01	 -6.5673e+01
1.2493e+01	 4.3499e+01	 4.3499e+01	 -6.5673e+01	 -6.5673e+01	 -6.5673e+01	 -6.5673e+01	 -6.5673e+01	 -6.5673e+01 -6.5673e+01	 -6.5673e+01	 -6.5673e+01
1.2613e+01	 4.3554e+01	 4.3554e+01	 -6.5673e+01	 -6.5673e+01	 -6.5673e+01	 -6.5673e+01	 -6.5673e+01	 -6.5673e+01 -6.5673e+01	 -6.5673e+01	 -6.5673e+01
1.2733e+01	 4.3609e+01	 4.3609e+01	 -6.5673e+01	 -6.5673e+01	 -6.5673e+01	 -6.5673e+01	 -6.5673e+01	 -6.5673e+01 -6.5673e+01	 -6.5673e+01	 -6.5673e+01
1.2853e+01	 4.3664e+01	 4.3664e+01	 -6.5673e+01	 -6.5673e+01	 -6.5673e+01	 -6.5673e+01	 -6.5673e+01	 -6.5673e+01 -6.5673e+01	 -6.5673e+01	 -6.5673e+01
1.2973e+01	 4.3719e+01	 4.3719e+01	 -6.5673e+01	 -6.5673e+01	 -6.5673e+01	 -6.5673e+01	 -6.5673e+01	 -6.5673e+01 -6.5673e+01	 -6.5673e+01	 -6.5673e+01
1.3093e+01	 4.3774e+01	 4.3774e+01	 -6.5673e+01	 -6.5673e+01	 -6.5673e+01	 -6.5673e+01	 -6.5673e+01	 -6.5673e+01 -6.5673e+01	 -6.5673e+01	 -6.5673e+01
1.3213e+01	 4.3829e+01	 4.3829e+01	 -6.5673e+01	 -6.5673e+01	 -6.5673e+01	 -6.5673e+01	 -6.5673e+01	 -6.5673e+01 -6.5673e+01	 -6.5673e+01	 -6.5673e+01
1.3333e+01	 4.3885e+01	 4.3885e+01	 -6.5673e+01	 -6.5673e+01	 -6.5673e+01	 -6.5673e+01	 -6.5673e+01	 -6.5673e+01 -6.5673e+01	 -6.5673e+01	 -6.5673e+01
1.3453e+01	 4.3940e+01	 4.3940e+01	 -6.5673e+01	 -6.5673e+01	 -6.5673e+01	 -6.5673e+01	 -6.5673e+01	 -6.5673e+01 -6.5673e+01	 -6.5673e+01	 -6.5673e+01
1.3573e+01	 4.3995e+01	 4.3995e+01	 -6.5673e+01	 -6.5673e+01	 -6.5673e+01	 -6.5673e+01	 -6.5673e+01	 -6.5673e+01 -6.5673e+01	 -6.5673e+01	 -6.5673e+01
1.3693e+01	 4.4050e+01	 4.4050e+01	 -6.5673e+01	 -6.5673e+01	 -6.5673e+01	 -6.5673e+01	 -6.5673e+01	 -6.5673e+01 -6.5673e+01	 -6.5673e+01	 -6.5673e+01
1.3813e+01	 4.4105e+01	 4.4105e+01	 -6.5673e+01	 -6.5673e+01	 -6.5673e+01	 -6.5673e+01	 -6.5673e+01	 -6.5673e+01 -6.5673e+01	 -6.5673e+01	 -6.5673e+01
1.3933e+01	 4.4160e+01	 4.4160e+01	 -6.5673e+01	 -6.5673e+01	 -6.5673e+01	 -6.5673e+01	 -6.5673e+01	 -6.5673e+01 -6.5673e+01	 -6.5673e+01	 -6.5673e+01
1.4053e+01	 4.4215e+01	 4.4215e+01	 -6.5673e+01	 -6.5673e+01	 -6.5673e+01	 -6.5673e+01	 -6.5673e+01	 -6.5673e+01 -6.5673e+01	 -6.5673e+01	 -6.5673e+01
1.4173e+01	 4.4270e+01	 4.4270e+01	 -6.5673e+01	 -6.5673e+01	 -6.5673e+01	 -6.5673e+01	 -6.5673e+01	 -6.5673e+01 -6.5673e+01	 -6.5673e+01	 -6.5673e+01
1.4293e+01	 4.4325e+01	 4.4325e+01	 -6.5673e+01	 -6.5673e+01	 -6.5673e+01	 -6.5673e+01	 -6.5673e+01	 -6.5673e+01 -6.5673e+01	 -6.5673e+01	 -6.5673e+01
1.4413e+01	 4.4380e+01	 4.4380e+01	 -6.5673e+01	 -6.5673e+01	 -6.5673e+01	 -6.5673e+01	 -6.5673e+01	 -6.5673e+01 -6.5673e+01	 -6.5673e+01	 -6.5673e+01
1.4533e+01	 4.4435e+01	 4.4435e+01	 -6.5673e+01	 -6.5673e+01	 -6.5673e+01	 -6.5673e+01	 -6.5673e+01	 -6.5673e+01 -6.5673e+01	 -6.5673e+01	 -6.5673e+01
1.4653e+01	 4.4490e+01	 4.4490e+01	 -6.5673e+01	 -6.5673e+01	 -6.5673e+01	 -6.5673e+01	 -6.5673e+01	 -6.5673e+01 -6.5673e+01	 -6.5673e+01	 -6.5673e+01
1.4773e+01	 4.4545e+01	 4.4545e+01	 -6.5673e+01	 -6.5673e+01	 -6.5673e+01	 -6.5673e+01	 -6.5673e+01	 -6.5673e+01 -6.5673e+01	 -6.5673e+01	 -6.5673e+01
1.4893e+01	 4.4599e+01	 4.4599e+01	 -6.5673e+01	 -6.5673e+01	 -6.5673e+01	 -6.5673e+01	 -6.5673e+01	 -6.5673e+01 -6.5673e+01	 -6.5673e+01	 -6.5673e+01
1.5013e+01	 4.4654e+01	 4.4654e+01	 -6.5673e+01	 -6.5673e+01	 -6.5673e+01	 -6.5673e+01	 -6.5673e+01	 -6.5673e+01 -6.5673e+01	 -6.5673e+01	 -6.5673e+01
1.5133e+01	 4.4709e+01	 4.4709e+01	 -6.5673e+01	 -6.5673e+01	 -6.5673e+01	 -6.5673e+01	 -6.5673e+01	 -6.5673e+01 -6.5673e+01	 -6.5673e+01	 -6.5673e+01
1.5253e+01	 4.4763e+01	 4.4763e+01	 -6.5673e+01	 -6.5673e+01	 -6.5673e+01	 -6.5673e+01	 -6.5673e+01	 -6.5673e+01 -6.5673e+01	 -6.5673e+01	 -6.5673e+01
1.5373e+01	 4.4817e+01	 4.4817e+01	 -6.5673e+01	 -6.5673e+01	 -6.5673e+01	 -6.5673e+01	 -6.5673e+01	 -6.5673e+01 -6.5673e+01	 -6.5673e+01	 -6.5673e+01
1.5493e+01	 4.4871e+01	 4.4871e+01	 -6.5673e+01	 -6.5673e+01	 -6.5673e+01	 -6.5673e+01	 -6.5673e+01	 -6.5673e+01 -6.5673e+01	 -6.5673e+01	 -6.5673e+01
1.5613e+01	 4.4924e+01	 4.4924e+01	 -6.5673e+01	 -6.5673e+01	 -6.5673e+01	 -6.5673e+01	 -6.5673e+01	 -6.5673e+01 -6.5673e+01	 -6.5673e+01	 -6.5673e+01
1.5733e+01	 4.4977e+01	 4.4977e+01	 -6.5673e+01	 -6.5673e+01	 -6.5673e+01	 -6.5673e+01	 -6.5673e+01	 -6.5673e+01 -6.5673e+01	 -6.5673e+01	 -6.5673e+01
1.5853e+01	 4.5030e+01	 4.5030e+01	 -6.5673e+01	 -6.5673e+01	 -6.5673e+01	 -6.5673e+01	 -6.5673e+01	 -6.5673e+01 -6.5673e+01	 -6.5673e+01	 -6.5673e+01
1.5973e+01	 4.5081e+01	 4.5081e+01	 -6.5673e+01	 -6.5673e+01	 -6.5673e+01	 -6.5673e+01	 -6.5673e+01	 -6.5673e+01 -6.5673e+01	 -6.5673e+01	 -6.5673e+01
1.6093e+01	 4.5132e+01	 4.5132e+01	 -6.5673e+01	 -6.5673e+01	 -6.5673e+01	 -6.5673e+01	 -6.5673e+01	 -6.5673e+01 -6.5673e+01	 -6.5673e+01	 -6.5673e+01
1.6213e+01	 4.5182e+01	 4.5182e+01	 -6.5673e+01	 -6.5673e+01	 -6.5673e+01	 -6.5673e+01	 -6.5673e+01	 -6.5673e+01 -6.5673e+01	 -6.5673e+01	 -6.5673e+01
1.6333e+01	 4.5231e+01	 4.5231e+01	 -6.5673e+01	 -6.5673e+01	 -6.5673e+01	 -6.5673e+01	 -6.5673e+01	 -6.5673e+01 -6.5673e+01	 -6.5673e+01	 -6.5673e+01
1.6453e+01	 4.5277e+01	 4.5277e+01	 -6.5673e+01	 -6.5673e+01	 -6.5673e+01	 -6.5673e+01	 -6.5673e+01	 -6.5673e+01 -6.5673e+01	 -6.5673e+01	 -6.5673e+01
1.6573e+01	 4.5323e+01	 4.5323e+01	 -6.5673e+01	 -6.5673e+01	 -6.5673e+01	 -6.5673e+01	 -6.5673e+01	 -6.5673e+01 -6.5673e+01	 -6.5673e+01	 -6.5673e+01
1.6693e+01	 4.5365e+01	 4.5365e+01	 -6.5673e+01	 -6.5673e+01	 -6.5673e+01	 -6.5673e+01	 -6.5673e+01	 -6.5673e+01 -6.5673e+01	 -6.5673e+01	 -6.5673e+01
1.6813e+01	 4.5406e+01	 4.5406e+01	 -6.5673e+01	 -6.5673e+01	 -6.5673e+01	 -6.5673e+01	 -6.5673e+01	 -6.5673e+01 -6.5673e+01	 -6.5673e+01	 -6.5673e+01
1.6933e+01	 4.5443e+01	 4.5443e+01	 -6.5673e+01	 -6.5673e+01	 -6.5673e+01	 -6.5673e+01	 -6.5673e+01	 -6.5673e+01 -6.5673e+01	 -6.5673e+01	 -6.5673e+01
1.7053e+01	 4.5476e+01	 4.5476e+01	 -6.5673e+01	 -6.5673e+01	 -6.5673e+01	 -6.5673e+01	 -6.5673e+01	 -6.5673e+01 -6.5673e+01	 -6.5673e+01	 -6.5673e+01
1.7173e+01	 4.5508e+01	 4.5508e+01	 -6.5673e+01	 -6.5673e+01	 -6.5673e+01	 -6.5673e+01	 -6.5673e+01	 -6.5673e+01 -6.5673e+01	 -6.5673e+01	 -6.5673e+01
1.7293e+01	 4.5531e+01	 4.5531e+01	 -6.5673e+01	 -6.5673e+01	 -6.5673e+01	 -6.5673e+01	 -6.5673e+01	 -6.5673e+01 -6.5673e+01	 -6.5673e+01	 -6.5673e+01
1.7413e+01	 4.5554e+01	 4.5554e+01	 -6.5673e+01	 -6.5673e+01	 -6.5673e+01	 -6.5673e+01	 -6.5673e+01	 -6.5673e+01 -6.5673e+01	 -6.5673e+01	 -6.5673e+01
1.7533e+01	 4.5569e+01	 4.5569e+01	 -6.5673e+01	 -6.5673e+01	 -6.5673e+01	 -6.5673e+01	 -6.5673e+01	 -6.5673e+01 -6.5673e+01	 -6.5673e+01	 -6.5673e+01
1.7653e+01	 4.5581e+01	 4.5581e+01	 -6.5673e+01	 -6.5673e+01	 -6.5673e+01	 -6.5673e+01	 -6.5673e+01	 -6.5673e+01 -6.5673e+01	 -6.5673e+01	 -6.5673e+01
1.7773e+01	 4.5588e+01	 4.5588e+01	 -6.5673e+01	 -6.5673e+01	 -6.5673e+01	 -6.5673e+01	 -6.5673e+01	 -6.5673e+01 -6.5673e+01	 -6.5673e+01	 -6.5673e+01
1.7893e+01	 4.5589e+01	 4.5589e+01	 -6.5673e+01	 -6.5673e+01	 -6.5673e+01	 -6.5673e+01	 -6.5673e+01	 -6.5673e+01 -6.5673e+01	 -6.5673e+01	 -6.5673e+01
1.8013e+01	 4.5588e+01	 4.5588e+01	 4.0024e+01	 -6.5673e+01	 -6.5673e+01	 -6.5673e+01	 -6.5673e+01	 -6.5673e+01 -6.5673e+01	 -6.5673e+01	 -6.5673e+01
1.8133e+01	 4.5577e+01	 4.5577e+01	 4.0084e+01	 -6.5673e+01	 -6.5673e+01	 -6.5673e+01	 -6.5673e+01	 -6.5673e+01 -6.5673e+01	 -6.5673e+01	 -6.5673e+01
1.8253e+01	 4.5565e+01	 4.5565e+01	 4.0144e+01	 -6.5673e+01	 -6.5673e+01	 -6.5673e+01	 -6.5673e+01	 -6.5673e+01 -6.5673e+01	 -6.5673e+01	 -6.5673e+01
1.8373e+01	 4.5542e+01	 4.5542e+01	 4.0203e+01	 -6.5673e+01	 -6.5673e+01	 -6.5673e+01	 -6.5673e+01	 -6.5673e+01 -6.5673e+01	 -6.5673e+01	 -6.5673e+01
1.8493e+01	 4.5516e+01	 4.5516e+01	 4.0263e+01	 -6.5673e+01	 -6.5673e+01	 -6.5673e+01	 -6.5673e+01	 -6.5673e+01 -6.5673e+01	 -6.5673e+01	 -6.5673e+01
1.8613e+01	 4.5480e+01	 4.5480e+01	 4.0321e+01	 -6.5673e+01	 -6.5673e+01	 -6.5673e+01	 -6.5673e+01	 -6.5673e+01 -6.5673e+01	 -6.5673e+01	 -6.5673e+01
1.8733e+01	 4.5435e+01	 4.5435e+01	 4.0380e+01	 -6.5673e+01	 -6.5673e+01	 -6.5673e+01	 -6.5673e+01	 -6.5673e+01 -6.5673e+01	 -6.5673e+01	 -6.5673e+01
1.8853e+01	 4.5385e+01	 4.5385e+01	 4.0438e+01	 -6.5673e+01	 -6.5673e+01	 -6.5673e+01	 -6.5673e+01	 -6.5673e+01 -6.5673e+01	 -6.5673e+01	 -6.5673e+01
1.8973e+01	 4.5308e+01	 4.5308e+01	 4.0495e+01	 -6.5673e+01	 -6.5673e+01	 -6.5673e+01	 -6.5673e+01	 -6.5673e+01 -6.5673e+01	 -6.5673e+01	 -6.5673e+01
1.9093e+01	 4.5232e+01	 4.5232e+01	 4.0552e+01	 -6.5673e+01	 -6.5673e+01	 -6.5673e+01	 -6.5673e+01	 -6.5673e+01 -6.5673e+01	 -6.5673e+01	 -6.5673e+01
1.9213e+01	 4.5110e+01	 4.5110e+01	 4.0609e+01	 -6.5673e+01	 -6.5673e+01	 -6.5673e+01	 -6.5673e+01	 -6.5673e+01 -6.5673e+01	 -6.5673e+01	 -6.5673e+01
1.9333e+01	 4.4978e+01	 4.4978e+01	 4.0666e+01	 -6.5673e+01	 -6.5673e+01	 -6.5673e+01	 -6.5673e+01	 -6.5673e+01 -6.5673e+01	 -6.5673e+01	 -6.5673e+01
1.9453e+01	 4.4793e+01	 4.4793e+01	 4.0722e+01	 -6.5673e+01	 -6.5673e+01	 -6.5673e+01	 -6.5673e+01	 -6.5673e+01 -6.5673e+01	 -6.5673e+01	 -6.5673e+01
1.9573e+01	 4.4554e+01	 4.4554e+01	 4.0778e+01	 -6.5673e+01	 -6.5673e+01	 -6.5673e+01	 -6.5673e+01	 -6.5673e+01 -6.5673e+01	 -6.5673e+01	 -6.5673e+01
1.9693e+01	 4.4281e+01	 4.4281e+01	 4.0834e+01	 -6.5673e+01	 -6.5673e+01	 -6.5673e+01	 -6.5673e+01	 -6.5673e+01 -6.5673e+01	 -6.5673e+01	 -6.5673e+01
1.9813e+01	 4.3835e+01	 4.3835e+01	 4.0890e+01	 -6.5673e+01	 -6.5673e+01	 -6.5673e+01	 -6.5673e+01	 -6.5673e+01 -6.5673e+01	 -6.5673e+01	 -6.5673e+01
1.9933e+01	 4.3389e+01	 4.3388e+01	 4.0945e+01	 -6.5673e+01	 -6.5673e+01	 -6.5673e+01	 -6.5673e+01	 -6.5673e+01 -6.5673e+01	 -6.5673e+01	 -6.5673e+01
2.0053e+01	 4.2619e+01	 4.2609e+01	 4.1000e+01	 -6.5673e+01	 -6.5673e+01	 -6.5673e+01	 -6.5673e+01	 -6.5673e+01 -6.5673e+01	 -6.5673e+01	 -6.5673e+01
2.0173e+01	 4.1841e+01	 4.1764e+01	 4.1055e+01	 -6.5673e+01	 -6.5673e+01	 -6.5673e+01	 -6.5673e+01	 -6.5673e+01 -6.5673e+01	 -6.5673e+01	 -6.5673e+01
2.0293e+01	 4.1211e+01	 4.0531e+01	 4.1109e+01	 -6.5673e+01	 -6.5673e+01	 -6.5673e+01	 -6.5673e+01	 -6.5673e+01 -6.5673e+01	 -6.5673e+01	 -6.5673e+01
2.0413e+01	 4.1166e+01	 3.8925e+01	 4.1163e+01	 -6.5673e+01	 -6.5673e+01	 -6.5673e+01	 -6.5673e+01	 -6.5673e+01 -6.5673e+01	 -6.5673e+01	 -6.5673e+01
2.0533e+01	 4.1217e+01	 3.7051e+01	 4.1217e+01	 -6.5673e+01	 -6.5673e+01	 -6.5673e+01	 -6.5673e+01	 -6.5673e+01 -6.5673e+01	 -6.5673e+01	 -6.5673e+01
2.0653e+01	 4.1270e+01	 3.3994e+01	 4.1270e+01	 -6.5673e+01	 -6.5673e+01	 -6.5673e+01	 -6.5673e+01	 -6.5673e+01 -6.5673e+01	 -6.5673e+01	 -6.5673e+01
2.0773e+01	 4.1324e+01	 3.0937e+01	 4.1324e+01	 -6.5673e+01	 -6.5673e+01	 -6.5673e+01	 -6.5673e+01	 -6.5673e+01 -6.5673e+01	 -6.5673e+01	 -6.5673e+01
2.0893e+01	 4.1376e+01	 -6.5673e+01	 4.1376e+01	 -6.5673e+01	 -6.5673e+01	 -6.5673e+01	 -6.5673e+01	 -6.5673e+01 -6.5673e+01	 -6.5673e+01	 -6.5673e+01
2.1013e+01	 4.1428e+01	 -6.5673e+01	 4.1428e+01	 -6.5673e+01	 -6.5673e+01	 -6.5673e+01	 -6.5673e+01	 -6.5673e+01 -6.5673e+01	 -6.5673e+01	 -6.5673e+01
2.1133e+01	 4.1480e+01	 -6.5673e+01	 4.1480e+01	 -6.5673e+01	 -6.5673e+01	 -6.5673e+01	 -6.5673e+01	 -6.5673e+01 -6.5673e+01	 -6.5673e+01	 -6.5673e+01
2.1253e+01	 4.1531e+01	 -6.5673e+01	 4.1531e+01	 -6.5673e+01	 -6.5673e+01	 -6.5673e+01	 -6.5673e+01	 -6.5673e+01 -6.5673e+01	 -6.5673e+01	 -6.5673e+01
2.1373e+01	 4.1582e+01	 -6.5673e+01	 4.1582e+01	 -6.5673e+01	 -6.5673e+01	 -6.5673e+01	 -6.5673e+01	 -6.5673e+01 -6.5673e+01	 -6.5673e+01	 -6.5673e+01
2.1493e+01	 4.1632e+01	 -6.5673e+01	 4.1632e+01	 -6.5673e+01	 -6.5673e+01	 -6.5673e+01	 -6.5673e+01	 -6.5673e+01 -6.5673e+01	 -6.5673e+01	 -6.5673e+01
2.1613e+01	 4.1682e+01	 -6.5673e+01	 4.1682e+01	 -6.5673e+01	 -6.5673e+01	 -6.5673e+01	 -6.5673e+01	 -6.5673e+01 -6.5673e+01	 -6.5673e+01	 -6.5673e+01
2.1733e+01	 4.1731e+01	 -6.5673e+01	 4.1731e+01	 -6.5673e+01	 -6.5673e+01	 -6.5673e+01	 -6.5673e+01	 -6.5673e+01 -6.5673e+01	 -6.5673e+01	 -6.5673e+01
2.1853e+01	 4.1780e+01	 -6.5673e+01	 4.1780e+01	 -6.5673e+01	 -6.5673e+01	 -6.5673e+01	 -6.5673e+01	 -6.5673e+01 -6.5673e+01	 -6.5673e+01	 -6.5673e+01
2.1973e+01	 4.1828e+01	 -6.5673e+01	 4.1828e+01	 -6.5673e+01	 -6.5673e+01	 -6.5673e+01	 -6.5673e+01	 -6.5673e+01 -6.5673e+01	 -6.5673e+01	 -6.5673e+01
2.2093e+01	 4.1876e+01	 -6.5673e+01	 4.1876e+01	 -6.5673e+01	 -6.5673e+01	 -6.5673e+01	 -6.5673e+01	 -6.5673e+01 -6.5673e+01	 -6.5673e+01	 -6.5673e+01
2.2213e+01	 4.1923e+01	 -6.5673e+01	 4.1923e+01	 -6.5673e+01	 -6.5673e+01	 -6.5673e+01	 -6.5673e+01	 -6.5673e+01 -6.5673e+01	 -6.5673e+01	 -6.5673e+01
2.2333e+01	 4.1970e+01	 -6.5673e+01	 4.1970e+01	 -6.5673e+01	 -6.5673e+01	 -6.5673e+01	 -6.5673e+01	 -6.5673e+01 -6.5673e+01	 -6.5673e+01	 -6.5673e+01
2.2453e+01	 4.2016e+01	 -6.5673e+01	 4.2016e+01	 -6.5673e+01	 -6.5673e+01	 -6.5673e+01	 -6.5673e+01	 -6.5673e+01 -6.5673e+01	 -6.5673e+01	 -6.5673e+01
2.2573e+01	 4.2062e+01	 -6.5673e+01	 4.2062e+01	 -6.5673e+01	 -6.5673e+01	 -6.5673e+01	 -6.5673e+01	 -6.5673e+01 -6.5673e+01	 -6.5673e+01	 -6.5673e+01
2.2693e+01	 4.2108e+01	 -6.5673e+01	 4.2108e+01	 -6.5673e+01	 -6.5673e+01	 -6.5673e+01	 -6.5673e+01	 -6.5673e+01 -6.5673e+01	 -6.5673e+01	 -6.5673e+01
2.2813e+01	 4.2153e+01	 -6.5673e+01	 4.2153e+01	 -6.5673e+01	 -6.5673e+01	 -6.5673e+01	 -6.5673e+01	 -6.5673e+01 -6.5673e+01	 -6.5673e+01	 -6.5673e+01
2.2933e+01	 4.2198e+01	 -6.5673e+01	 4.2198e+01	 -6.5673e+01	 -6.5673e+01	 -6.5673e+01	 -6.5673e+01	 -6.5673e+01 -6.5673e+01	 -6.5673e+01	 -6.5673e+01
2.3053e+01	 4.2242e+01	 -6.5673e+01	 4.2242e+01	 -6.5673e+01	 -6.5673e+01	 -6.5673e+01	 -6.5673e+01	 -6.5673e+01 -6.5673e+01	 -6.5673e+01	 -6.5673e+01
2.3173e+01	 4.2285e+01	 -6.5673e+01	 4.2285e+01	 -6.5673e+01	 -6.5673e+01	 -6.5673e+01	 -6.5673e+01	 -6.5673e+01 -6.5673e+01	 -6.5673e+01	 -6.5673e+01
2.3293e+01	 4.2328e+01	 -6.5673e+01	 4.2328e+01	 -6.5673e+01	 -6.5673e+01	 -6.5673e+01	 -6.5673e+01	 -6.5673e+01 -6.5673e+01	 -6.5673e+01	 -6.5673e+01
2.3413e+01	 4.2371e+01	 -6.5673e+01	 4.2371e+01	 -6.5673e+01	 -6.5673e+01	 -6.5673e+01	 -6.5673e+01	 -6.5673e+01 -6.5673e+01	 -6.5673e+01	 -6.5673e+01
2.3533e+01	 4.2413e+01	 -6.5673e+01	 4.2413e+01	 -6.5673e+01	 -6.5673e+01	 -6.5673e+01	 -6.5673e+01	 -6.5673e+01 -6.5673e+01	 -6.5673e+01	 -6.5673e+01
2.3653e+01	 4.2454e+01	 -6.5673e+01	 4.2454e+01	 -6.5673e+01	 -6.5673e+01	 -6.5673e+01	 -6.5673e+01	 -6.5673e+01 -6.5673e+01	 -6.5673e+01	 -6.5673e+01
2.3773e+01	 4.2494e+01	 -6.5673e+01	 4.2494e+01	 -6.5673e+01	 -6.5673e+01	 -6.5673e+01	 -6.5673e+01	 -6.5673e+01 -6.5673e+01	 -6.5673e+01	 -6.5673e+01
2.3893e+01	 4.2534e+01	 -6.5673e+01	 4.2534e+01	 -6.5673e+01	 -6.5673e+01	 -6.5673e+01	 -6.5673e+01	 -6.5673e+01 -6.5673e+01	 -6.5673e+01	 -6.5673e+01
2.4013e+01	 4.2572e+01	 -6.5673e+01	 4.2572e+01	 -6.5673e+01	 -6.5673e+01	 -6.5673e+01	 -6.5673e+01	 -6.5673e+01 -6.5673e+01	 -6.5673e+01	 -6.5673e+01
2.4133e+01	 4.2610e+01	 -6.5673e+01	 4.2610e+01	 -6.5673e+01	 -6.5673e+01	 -6.5673e+01	 -6.5673e+01	 -6.5673e+01 -6.5673e+01	 -6.5673e+01	 -6.5673e+01
2.4253e+01	 4.2646e+01	 -6.5673e+01	 4.2646e+01	 -6.5673e+01	 -6.5673e+01	 -6.5673e+01	 -6.5673e+01	 -6.5673e+01 -6.5673e+01	 -6.5673e+01	 -6.5673e+01
2.4373e+01	 4.2681e+01	 -6.5673e+01	 4.2681e+01	 -6.5673e+01	 -6.5673e+01	 -6.5673e+01	 -6.5673e+01	 -6.5673e+01 -6.5673e+01	 -6.5673e+01	 -6.5673e+01
2.4493e+01	 4.2715e+01	 -6.5673e+01	 4.2715e+01	 -6.5673e+01	 -6.5673e+01	 -6.5673e+01	 -6.5673e+01	 -6.5673e+01 -6.5673e+01	 -6.5673e+01	 -6.5673e+01
2.4613e+01	 4.2747e+01	 -6.5673e+01	 4.2747e+01	 -6.5673e+01	 -6.5673e+01	 -6.5673e+01	 -6.5673e+01	 -6.5673e+01 -6.5673e+01	 -6.5673e+01	 -6.5673e+01
2.4733e+01	 4.2778e+01	 -6.5673e+01	 4.2778e+01	 -6.5673e+01	 -6.5673e+01	 -6.5673e+01	 -6.5673e+01	 -6.5673e+01 -6.5673e+01	 -6.5673e+01	 -6.5673e+01
2.4853e+01	 4.2806e+01	 -6.5673e+01	 4.2806e+01	 -6.5673e+01	 -6.5673e+01	 -6.5673e+01	 -6.5673e+01	 -6.5673e+01 -6.5673e+01	 -6.5673e+01	 -6.5673e+01
2.4973e+01	 4.2833e+01	 -6.5673e+01	 4.2833e+01	 -6.5673e+01	 -6.5673e+01	 -6.5673e+01	 -6.5673e+01	 -6.5673e+01 -6.5673e+01	 -6.5673e+01	 -6.5673e+01
2.5093e+01	 4.2857e+01	 -6.5673e+01	 4.2857e+01	 -6.5673e+01	 -6.5673e+01	 -6.5673e+01	 -6.5673e+01	 -6.5673e+01 -6.5673e+01	 -6.5673e+01	 -6.5673e+01
2.5213e+01	 4.2879e+01	 -6.5673e+01	 4.2879e+01	 -6.5673e+01	 -6.5673e+01	 -6.5673e+01	 -6.5673e+01	 -6.5673e+01 -6.5673e+01	 -6.5673e+01	 -6.5673e+01
2.5333e+01	 4.2896e+01	 -6.5673e+01	 4.2896e+01	 -6.5673e+01	 -6.5673e+01	 -6.5673e+01	 -6.5673e+01	 -6.5673e+01 -6.5673e+01	 -6.5673e+01	 -6.5673e+01
2.5453e+01	 4.2913e+01	 -6.5673e+01	 4.2913e+01	 -6.5673e+01	 -6.5673e+01	 -6.5673e+01	 -6.5673e+01	 -6.5673e+01 -6.5673e+01	 -6.5673e+01	 -6.5673e+01
2.5573e+01	 4.2921e+01	 -6.5673e+01	 4.2921e+01	 -6.5673e+01	 -6.5673e+01	 -6.5673e+01	 -6.5673e+01	 -6.5673e+01 -6.5673e+01	 -6.5673e+01	 -6.5673e+01
2.5693e+01	 4.2929e+01	 -6.5673e+01	 4.2929e+01	 -6.5673e+01	 -6.5673e+01	 -6.5673e+01	 -6.5673e+01	 -6.5673e+01 -6.5673e+01	 -6.5673e+01	 -6.5673e+01
2.5813e+01	 4.2927e+01	 -6.5673e+01	 4.2927e+01	 -6.5673e+01	 -6.5673e+01	 -6.5673e+01	 -6.5673e+01	 -6.5673e+01 -6.5673e+01	 -6.5673e+01	 -6.5673e+01
2.5933e+01	 4.2922e+01	 -6.5673e+01	 4.2922e+01	 -6.5673e+01	 -6.5673e+01	 -6.5673e+01	 -6.5673e+01	 -6.5673e+01 -6.5673e+01	 -6.5673e+01	 -6.5673e+01
2.6053e+01	 4.2907e+01	 -6.5673e+01	 4.2907e+01	 -6.5673e+01	 -6.5673e+01	 -6.5673e+01	 -6.5673e+01	 -6.5673e+01 -6.5673e+01	 -6.5673e+01	 -6.5673e+01
2.6173e+01	 4.2885e+01	 -6.5673e+01	 4.2885e+01	 -6.5673e+01	 -6.5673e+01	 -6.5673e+01	 -6.5673e+01	 -6.5673e+01 -6.5673e+01	 -6.5673e+01	 -6.5673e+01
2.6293e+01	 4.2851e+01	 -6.5673e+01	 4.2851e+01	 -6.5673e+01	 -6.5673e+01	 -6.5673e+01	 -6.5673e+01	 -6.5673e+01 -6.5673e+01	 -6.5673e+01	 -6.5673e+01
2.6413e+01	 4.2804e+01	 -6.5673e+01	 4.2804e+01	 -6.5673e+01	 -6.5673e+01	 -6.5673e+01	 -6.5673e+01	 -6.5673e+01 -6.5673e+01	 -6.5673e+01	 -6.5673e+01
2.6533e+01	 4.2744e+01	 -6.5673e+01	 4.2744e+01	 -6.5673e+01	 -6.5673e+01	 -6.5673e+01	 -6.5673e+01	 -6.5673e+01 -6.5673e+01	 -6.5673e+01	 -6.5673e+01
2.6653e+01	 4.2664e+01	 -6.5673e+01	 4.2664e+01	 -6.5673e+01	 -6.5673e+01	 -6.5673e+01	 -6.5673e+01	 -6.5673e+01 -6.5673e+01	 -6.5673e+01	 -6.5673e+01
2.6773e+01	 4.2572e+01	 -6.5673e+01	 4.2572e+01	 -6.5673e+01	 -6.5673e+01	 -6.5673e+01	 -6.5673e+01	 -6.5673e+01 -6.5673e+01	 -6.5673e+01	 -6.5673e+01
2.6893e+01	 4.2446e+01	 -6.5673e+01	 4.2446e+01	 -6.5673e+01	 -6.5673e+01	 -6.5673e+01	 -6.5673e+01	 -6.5673e+01 -6.5673e+01	 -6.5673e+01	 -6.5673e+01
2.7013e+01	 4.2313e+01	 -6.5673e+01	 4.2313e+01	 -6.5673e+01	 -6.5673e+01	 -6.5673e+01	 -6.5673e+01	 -6.5673e+01 -6.5673e+01	 -6.5673e+01	 -6.5673e+01
2.7133e+01	 4.2114e+01	 -6.5673e+01	 4.2114e+01	 -6.5673e+01	 -6.5673e+01	 -6.5673e+01	 -6.5673e+01	 -6.5673e+01 -6.5673e+01	 -6.5673e+01	 -6.5673e+01
2.7253e+01	 4.1916e+01	 -6.5673e+01	 4.1916e+01	 -6.5673e+01	 -6.5673e+01	 -6.5673e+01	 -6.5673e+01	 -6.5673e+01 -6.5673e+01	 -6.5673e+01	 -6.5673e+01
2.7373e+01	 4.1473e+01	 -6.5673e+01	 4.1473e+01	 -6.5673e+01	 -6.5673e+01	 -6.5673e+01	 -6.5673e+01	 -6.5673e+01 -6.5673e+01	 -6.5673e+01	 -6.5673e+01
2.7493e+01	 4.1018e+01	 -6.5673e+01	 4.1018e+01	 -6.5673e+01	 -6.5673e+01	 -6.5673e+01	 -6.5673e+01	 -6.5673e+01 -6.5673e+01	 -6.5673e+01	 -6.5673e+01
2.7613e+01	 5.0696e-01	 -6.5673e+01	 5.0696e-01	 -6.5673e+01	 -6.5673e+01	 -6.5673e+01	 -6.5673e+01	 -6.5673e+01 -6.5673e+01	 -6.5673e+01	 -6.5673e+01
2.7733e+01	 -4.9235e+01	 -6.5673e+01	 -4.9235e+01	 -6.5673e+01	 -6.5673e+01	 -6.5673e+01	 -6.5673e+01	 -6.5673e+01 -6.5673e+01	 -6.5673e+01	 -6.5673e+01
2.7853e+01	 -6.5673e+01	 -6.5673e+01	 -6.5673e+01	 -6.5673e+01	 -6.5673e+01	 -6.5673e+01	 -6.5673e+01	 -6.5673e+01 -6.5673e+01	 -6.5673e+01	 -6.5673e+01
2.7973e+01	 -6.5673e+01	 -6.5673e+01	 -6.5673e+01	 -6.5673e+01	 -6.5673e+01	 -6.5673e+01	 -6.5673e+01	 -6.5673e+01 -6.5673e+01	 -6.5673e+01	 -6.5673e+01
2.8093e+01	 -6.5673e+01	 -6.5673e+01	 -6.5673e+01	 -6.5673e+01	 -6.5673e+01	 -6.5673e+01	 -6.5673e+01	 -6.5673e+01 -6.5673e+01	 -6.5673e+01	 -6.5673e+01
2.8213e+01	 -6.5673e+01	 -6.5673e+01	 -6.5673e+01	 -6.5673e+01	 -6.5673e+01	 -6.5673e+01	 -6.5673e+01	 -6.5673e+01 -6.5673e+01	 -6.5673e+01	 -6.5673e+01
2.8333e+01	 -6.5673e+01	 -6.5673e+01	 -6.5673e+01	 -6.5673e+01	 -6.5673e+01	 -6.5673e+01	 -6.5673e+01	 -6.5673e+01 -6.5673e+01	 -6.5673e+01	 -6.5673e+01
2.8453e+01	 -6.5673e+01	 -6.5673e+01	 -6.5673e+01	 -6.5673e+01	 -6.5673e+01	 -6.5673e+01	 -6.5673e+01	 -6.5673e+01 -6.5673e+01	 -6.5673e+01	 -6.5673e+01
2.8573e+01	 -6.5673e+01	 -6.5673e+01	 -6.5673e+01	 -6.5673e+01	 -6.5673e+01	 -6.5673e+01	 -6.5673e+01	 -6.5673e+01 -6.5673e+01	 -6.5673e+01	 -6.5673e+01
2.8693e+01	 -6.5673e+01	 -6.5673e+01	 -6.5673e+01	 -6.5673e+01	 -6.5673e+01	 -6.5673e+01	 -6.5673e+01	 -6.5673e+01 -6.5673e+01	 -6.5673e+01	 -6.5673e+01
2.8813e+01	 -6.5673e+01	 -6.5673e+01	 -6.5673e+01	 -6.5673e+01	 -6.5673e+01	 -6.5673e+01	 -6.5673e+01	 -6.5673e+01 -6.5673e+01	 -6.5673e+01	 -6.5673e+01
2.8933e+01	 -6.5673e+01	 -6.5673e+01	 -6.5673e+01	 -6.5673e+01	 -6.5673e+01	 -6.5673e+01	 -6.5673e+01	 -6.5673e+01 -6.5673e+01	 -6.5673e+01	 -6.5673e+01
2.9053e+01	 -6.5673e+01	 -6.5673e+01	 -6.5673e+01	 -6.5673e+01	 -6.5673e+01	 -6.5673e+01	 -6.5673e+01	 -6.5673e+01 -6.5673e+01	 -6.5673e+01	 -6.5673e+01
2.9173e+01	 -6.5673e+01	 -6.5673e+01	 -6.5673e+01	 -6.5673e+01	 -6.5673e+01	 -6.5673e+01	 -6.5673e+01	 -6.5673e+01 -6.5673e+01	 -6.5673e+01	 -6.5673e+01
2.9293e+01	 -6.5673e+01	 -6.5673e+01	 -6.5673e+01	 -6.5673e+01	 -6.5673e+01	 -6.5673e+01	 -6.5673e+01	 -6.5673e+01 -6.5673e+01	 -6.5673e+01	 -6.5673e+01
2.9413e+01	 -6.5673e+01	 -6.5673e+01	 -6.5673e+01	 -6.5673e+01	 -6.5673e+01	 -6.5673e+01	 -6.5673e+01	 -6.5673e+01 -6.5673e+01	 -6.5673e+01	 -6.5673e+01
2.9533e+01	 -6.5673e+01	 -6.5673e+01	 -6.5673e+01	 -6.5673e+01	 -6.5673e+01	 -6.5673e+01	 -6.5673e+01	 -6.5673e+01 -6.5673e+01	 -6.5673e+01	 -6.5673e+01
2.9653e+01	 -6.5673e+01	 -6.5673e+01	 -6.5673e+01	 -6.5673e+01	 -6.5673e+01	 -6.5673e+01	 -6.5673e+01	 -6.5673e+01 -6.5673e+01	 -6.5673e+01	 -6.5673e+01
2.9773e+01	 -6.5673e+01	 -6.5673e+01	 -6.5673e+01	 -6.5673e+01	 -6.5673e+01	 -6.5673e+01	 -6.5673e+01	 -6.5673e+01 -6.5673e+01	 -6.5673e+01	 -6.5673e+01
2.9893e+01	 -6.5673e+01	 -6.5673e+01	 -6.5673e+01	 -6.5673e+01	 -6.5673e+01	 -6.5673e+01	 -6.5673e+01	 -6.5673e+01 -6.5673e+01	 -6.5673e+01	 -6.5673e+01
