#################################################################
# log(gamma)     log(N(gamma))   gamma     N(gamma)  TeV N(TeV) # 
#################################################################
2.640737e-01	-1.580158e+00	1.836850e+00	2.629310e-02	9.386283e-07	5.145431e+04
2.720000e-01	-1.596654e+00	1.870682e+00	2.531312e-02	9.559165e-07	4.953655e+04
2.800737e-01	-1.613457e+00	1.905784e+00	2.435248e-02	9.738536e-07	4.765661e+04
2.880000e-01	-1.629953e+00	1.940886e+00	2.344483e-02	9.917906e-07	4.588040e+04
2.960737e-01	-1.646756e+00	1.977305e+00	2.255509e-02	1.010401e-06	4.413921e+04
3.040000e-01	-1.663251e+00	2.013724e+00	2.171443e-02	1.029011e-06	4.249409e+04
3.120737e-01	-1.680054e+00	2.051510e+00	2.089036e-02	1.048319e-06	4.088141e+04
3.200000e-01	-1.696550e+00	2.089296e+00	2.011175e-02	1.067628e-06	3.935772e+04
3.280737e-01	-1.713353e+00	2.128500e+00	1.934850e-02	1.087661e-06	3.786407e+04
3.360000e-01	-1.729849e+00	2.167704e+00	1.862736e-02	1.107694e-06	3.645284e+04
3.440737e-01	-1.746651e+00	2.208379e+00	1.792044e-02	1.128479e-06	3.506943e+04
3.520000e-01	-1.763147e+00	2.249055e+00	1.725253e-02	1.149264e-06	3.376235e+04
3.600737e-01	-1.779950e+00	2.291256e+00	1.659778e-02	1.170829e-06	3.248105e+04
3.680000e-01	-1.796446e+00	2.333458e+00	1.597916e-02	1.192395e-06	3.127045e+04
3.760737e-01	-1.813249e+00	2.377244e+00	1.537274e-02	1.214769e-06	3.008371e+04
3.840000e-01	-1.829745e+00	2.421029e+00	1.479979e-02	1.237143e-06	2.896246e+04
3.920737e-01	-1.846547e+00	2.466458e+00	1.423812e-02	1.260357e-06	2.786332e+04
4.000000e-01	-1.863043e+00	2.511886e+00	1.370745e-02	1.283571e-06	2.682482e+04
4.080737e-01	-1.879846e+00	2.559020e+00	1.318725e-02	1.307656e-06	2.580680e+04
4.160000e-01	-1.896342e+00	2.606154e+00	1.269575e-02	1.331742e-06	2.484496e+04
4.240737e-01	-1.913144e+00	2.655056e+00	1.221393e-02	1.356731e-06	2.390207e+04
4.320000e-01	-1.929640e+00	2.703958e+00	1.175871e-02	1.381720e-06	2.301122e+04
4.400737e-01	-1.946443e+00	2.754696e+00	1.131246e-02	1.407647e-06	2.213793e+04
4.480000e-01	-1.962939e+00	2.805434e+00	1.089083e-02	1.433574e-06	2.131282e+04
4.560737e-01	-1.979742e+00	2.858075e+00	1.047752e-02	1.460473e-06	2.050399e+04
4.640000e-01	-1.996238e+00	2.910717e+00	1.008701e-02	1.487373e-06	1.973978e+04
4.720737e-01	-2.013040e+00	2.965334e+00	9.704199e-03	1.515283e-06	1.899065e+04
4.800000e-01	-2.029536e+00	3.019952e+00	9.342513e-03	1.543192e-06	1.828284e+04
4.880737e-01	-2.046339e+00	3.076619e+00	8.987959e-03	1.572149e-06	1.758900e+04
4.960000e-01	-2.062835e+00	3.133286e+00	8.652968e-03	1.601106e-06	1.693344e+04
5.040737e-01	-2.079638e+00	3.192079e+00	8.324583e-03	1.631149e-06	1.629080e+04
5.120000e-01	-2.096134e+00	3.250873e+00	8.014317e-03	1.661193e-06	1.568363e+04
5.200737e-01	-2.112936e+00	3.311873e+00	7.710168e-03	1.692364e-06	1.508842e+04
5.280000e-01	-2.129432e+00	3.372873e+00	7.422802e-03	1.723534e-06	1.452606e+04
5.360737e-01	-2.146235e+00	3.436162e+00	7.141102e-03	1.755875e-06	1.397479e+04
5.440000e-01	-2.162731e+00	3.499452e+00	6.874945e-03	1.788216e-06	1.345393e+04
5.520737e-01	-2.179533e+00	3.565116e+00	6.614037e-03	1.821770e-06	1.294335e+04
5.600000e-01	-2.196029e+00	3.630781e+00	6.367525e-03	1.855325e-06	1.246094e+04
5.680737e-01	-2.212832e+00	3.698909e+00	6.125873e-03	1.890139e-06	1.198804e+04
5.760000e-01	-2.229328e+00	3.767038e+00	5.897555e-03	1.924952e-06	1.154123e+04
5.840737e-01	-2.246131e+00	3.837723e+00	5.673739e-03	1.961073e-06	1.110323e+04
5.920000e-01	-2.262627e+00	3.908409e+00	5.462273e-03	1.997193e-06	1.068940e+04
6.000737e-01	-2.279429e+00	3.981747e+00	5.254976e-03	2.034668e-06	1.028373e+04
6.080000e-01	-2.295925e+00	4.055085e+00	5.059118e-03	2.072144e-06	9.900447e+03
6.160737e-01	-2.312728e+00	4.131176e+00	4.867121e-03	2.111026e-06	9.524719e+03
6.240000e-01	-2.329224e+00	4.207266e+00	4.685718e-03	2.149908e-06	9.169723e+03
6.320737e-01	-2.346026e+00	4.286212e+00	4.507892e-03	2.190250e-06	8.821726e+03
6.400000e-01	-2.362522e+00	4.365158e+00	4.339878e-03	2.230591e-06	8.492931e+03
6.480737e-01	-2.379325e+00	4.447067e+00	4.175177e-03	2.272446e-06	8.170618e+03
6.560000e-01	-2.395821e+00	4.528976e+00	4.019564e-03	2.314302e-06	7.866091e+03
6.640737e-01	-2.412624e+00	4.613958e+00	3.867019e-03	2.357728e-06	7.567568e+03
6.720000e-01	-2.429120e+00	4.698941e+00	3.722891e-03	2.401154e-06	7.285516e+03
6.800737e-01	-2.445922e+00	4.787113e+00	3.581605e-03	2.446210e-06	7.009026e+03
6.880000e-01	-2.462418e+00	4.875285e+00	3.448115e-03	2.491265e-06	6.747793e+03
6.960737e-01	-2.479221e+00	4.966766e+00	3.317256e-03	2.538012e-06	6.491710e+03
7.040000e-01	-2.495717e+00	5.058247e+00	3.193619e-03	2.584759e-06	6.249757e+03
7.120737e-01	-2.512520e+00	5.153161e+00	3.072419e-03	2.633259e-06	6.012574e+03
7.200000e-01	-2.529016e+00	5.248075e+00	2.957907e-03	2.681760e-06	5.788479e+03
7.280737e-01	-2.545818e+00	5.346551e+00	2.845652e-03	2.732082e-06	5.568803e+03
7.360000e-01	-2.562314e+00	5.445027e+00	2.739592e-03	2.782403e-06	5.361248e+03
7.440737e-01	-2.579117e+00	5.547198e+00	2.635622e-03	2.834612e-06	5.157785e+03
7.520000e-01	-2.595613e+00	5.649370e+00	2.537390e-03	2.886822e-06	4.965549e+03
7.600737e-01	-2.612415e+00	5.755376e+00	2.441094e-03	2.940991e-06	4.777103e+03
7.680000e-01	-2.628911e+00	5.861382e+00	2.350112e-03	2.995160e-06	4.599055e+03
7.760737e-01	-2.645714e+00	5.971366e+00	2.260924e-03	3.051361e-06	4.424518e+03
7.840000e-01	-2.662210e+00	6.081350e+00	2.176657e-03	3.107563e-06	4.259612e+03
7.920737e-01	-2.679013e+00	6.195462e+00	2.094051e-03	3.165874e-06	4.097957e+03
8.000000e-01	-2.695509e+00	6.309573e+00	2.016004e-03	3.224185e-06	3.945222e+03
8.080737e-01	-2.712311e+00	6.427968e+00	1.939495e-03	3.284684e-06	3.795498e+03
8.160000e-01	-2.728807e+00	6.546362e+00	1.867208e-03	3.345184e-06	3.654036e+03
8.240737e-01	-2.745610e+00	6.669199e+00	1.796346e-03	3.407953e-06	3.515363e+03
8.320000e-01	-2.762106e+00	6.792036e+00	1.729395e-03	3.470723e-06	3.384341e+03
8.400737e-01	-2.778909e+00	6.919484e+00	1.663763e-03	3.535849e-06	3.255903e+03
8.480000e-01	-2.795404e+00	7.046931e+00	1.601753e-03	3.600974e-06	3.134552e+03
8.560737e-01	-2.812207e+00	7.179161e+00	1.540965e-03	3.668543e-06	3.015594e+03
8.640000e-01	-2.828703e+00	7.311391e+00	1.483532e-03	3.736113e-06	2.903200e+03
8.720737e-01	-2.845506e+00	7.448583e+00	1.427231e-03	3.806218e-06	2.793022e+03
8.800000e-01	-2.862002e+00	7.585776e+00	1.374037e-03	3.876323e-06	2.688923e+03
8.880737e-01	-2.878804e+00	7.728117e+00	1.321891e-03	3.949059e-06	2.586876e+03
8.960000e-01	-2.895300e+00	7.870458e+00	1.272623e-03	4.021795e-06	2.490461e+03
9.040737e-01	-2.912103e+00	8.018141e+00	1.224326e-03	4.097261e-06	2.395946e+03
9.120000e-01	-2.928599e+00	8.165824e+00	1.178694e-03	4.172727e-06	2.306647e+03
9.200737e-01	-2.945402e+00	8.319049e+00	1.133962e-03	4.251025e-06	2.219108e+03
9.280000e-01	-2.961898e+00	8.472274e+00	1.091698e-03	4.329323e-06	2.136399e+03
9.360737e-01	-2.978700e+00	8.631250e+00	1.050267e-03	4.410559e-06	2.055322e+03
9.440000e-01	-2.995196e+00	8.790225e+00	1.011123e-03	4.491795e-06	1.978718e+03
9.520737e-01	-3.011999e+00	8.955167e+00	9.727498e-04	4.576080e-06	1.903624e+03
9.600000e-01	-3.028495e+00	9.120108e+00	9.364944e-04	4.660365e-06	1.832674e+03
9.680737e-01	-3.045297e+00	9.291240e+00	9.009539e-04	4.747814e-06	1.763123e+03
9.760000e-01	-3.061793e+00	9.462372e+00	8.673744e-04	4.835262e-06	1.697409e+03
9.840737e-01	-3.078596e+00	9.639926e+00	8.344569e-04	4.925991e-06	1.632992e+03
9.920000e-01	-3.095092e+00	9.817479e+00	8.033559e-04	5.016721e-06	1.572128e+03
1.000074e+00	-3.111895e+00	1.000170e+01	7.728680e-04	5.110856e-06	1.512465e+03
1.008000e+00	-3.128391e+00	1.018591e+01	7.440624e-04	5.204991e-06	1.456094e+03
1.016074e+00	-3.145193e+00	1.037704e+01	7.158247e-04	5.302658e-06	1.400834e+03
1.024000e+00	-3.161689e+00	1.056818e+01	6.891452e-04	5.400326e-06	1.348624e+03
1.032074e+00	-3.178492e+00	1.076648e+01	6.629917e-04	5.501659e-06	1.297442e+03
1.040000e+00	-3.194988e+00	1.096478e+01	6.382813e-04	5.602992e-06	1.249085e+03
1.048074e+00	-3.211791e+00	1.117053e+01	6.140581e-04	5.708127e-06	1.201682e+03
1.056000e+00	-3.228287e+00	1.137627e+01	5.911715e-04	5.813263e-06	1.156894e+03
1.064074e+00	-3.245089e+00	1.158974e+01	5.687362e-04	5.922344e-06	1.112989e+03
1.072000e+00	-3.261585e+00	1.180321e+01	5.475388e-04	6.031426e-06	1.071507e+03
1.080074e+00	-3.278388e+00	1.202468e+01	5.267593e-04	6.144601e-06	1.030842e+03
1.088000e+00	-3.294884e+00	1.224616e+01	5.071264e-04	6.257775e-06	9.924218e+02
1.096074e+00	-3.311686e+00	1.247595e+01	4.878807e-04	6.375198e-06	9.547587e+02
1.104000e+00	-3.328182e+00	1.270574e+01	4.696968e-04	6.492620e-06	9.191739e+02
1.112074e+00	-3.344985e+00	1.294415e+01	4.518715e-04	6.614449e-06	8.842906e+02
1.120000e+00	-3.361481e+00	1.318257e+01	4.350298e-04	6.736278e-06	8.513322e+02
1.128074e+00	-3.378284e+00	1.342993e+01	4.185202e-04	6.862678e-06	8.190236e+02
1.136000e+00	-3.394780e+00	1.367729e+01	4.029215e-04	6.989079e-06	7.884977e+02
1.144074e+00	-3.411582e+00	1.393393e+01	3.876303e-04	7.120224e-06	7.585737e+02
1.152000e+00	-3.428078e+00	1.419058e+01	3.731829e-04	7.251368e-06	7.303009e+02
1.160074e+00	-3.444881e+00	1.445685e+01	3.590204e-04	7.387435e-06	7.025855e+02
1.168000e+00	-3.461377e+00	1.472313e+01	3.456393e-04	7.523501e-06	6.763994e+02
1.176074e+00	-3.478179e+00	1.499939e+01	3.325221e-04	7.664673e-06	6.507296e+02
1.184000e+00	-3.494675e+00	1.527566e+01	3.201287e-04	7.805846e-06	6.264762e+02
1.192074e+00	-3.511478e+00	1.556230e+01	3.079796e-04	7.952316e-06	6.027010e+02
1.200000e+00	-3.527974e+00	1.584893e+01	2.965008e-04	8.098787e-06	5.802377e+02
1.208074e+00	-3.544777e+00	1.614632e+01	2.852484e-04	8.250754e-06	5.582173e+02
1.216000e+00	-3.561273e+00	1.644372e+01	2.746169e-04	8.402722e-06	5.374120e+02
1.224074e+00	-3.578075e+00	1.675227e+01	2.641950e-04	8.560392e-06	5.170168e+02
1.232000e+00	-3.594571e+00	1.706082e+01	2.543482e-04	8.718062e-06	4.977471e+02
1.240074e+00	-3.611374e+00	1.738096e+01	2.446955e-04	8.881650e-06	4.788573e+02
1.248000e+00	-3.627870e+00	1.770109e+01	2.355755e-04	9.045237e-06	4.610097e+02
1.256074e+00	-3.644673e+00	1.803324e+01	2.266352e-04	9.214964e-06	4.435141e+02
1.264000e+00	-3.661169e+00	1.836538e+01	2.181883e-04	9.384691e-06	4.269839e+02
1.272074e+00	-3.677971e+00	1.871000e+01	2.099079e-04	9.560787e-06	4.107796e+02
1.280000e+00	-3.694467e+00	1.905461e+01	2.020844e-04	9.736883e-06	3.954694e+02
1.288074e+00	-3.711270e+00	1.941215e+01	1.944152e-04	9.919588e-06	3.804611e+02
1.296000e+00	-3.727766e+00	1.976970e+01	1.871691e-04	1.010229e-05	3.662809e+02
1.304074e+00	-3.744568e+00	2.014066e+01	1.800659e-04	1.029185e-05	3.523803e+02
1.312000e+00	-3.761064e+00	2.051162e+01	1.733547e-04	1.048142e-05	3.392467e+02
1.320074e+00	-3.777867e+00	2.089651e+01	1.667758e-04	1.067809e-05	3.263721e+02
1.328000e+00	-3.794363e+00	2.128139e+01	1.605599e-04	1.087477e-05	3.142078e+02
1.336074e+00	-3.811166e+00	2.168072e+01	1.544665e-04	1.107882e-05	3.022835e+02
1.344000e+00	-3.827662e+00	2.208005e+01	1.487094e-04	1.128288e-05	2.910170e+02
1.352074e+00	-3.844464e+00	2.249436e+01	1.430658e-04	1.149459e-05	2.799727e+02
1.360000e+00	-3.860960e+00	2.290868e+01	1.377336e-04	1.170631e-05	2.695379e+02
1.368074e+00	-3.877763e+00	2.333854e+01	1.325065e-04	1.192597e-05	2.593087e+02
1.376000e+00	-3.894259e+00	2.376840e+01	1.275678e-04	1.214563e-05	2.496440e+02
1.384074e+00	-3.911062e+00	2.421440e+01	1.227265e-04	1.237353e-05	2.401699e+02
1.392000e+00	-3.927557e+00	2.466039e+01	1.181524e-04	1.260143e-05	2.312185e+02
1.400074e+00	-3.944360e+00	2.512313e+01	1.136684e-04	1.283789e-05	2.224436e+02
1.408000e+00	-3.960856e+00	2.558586e+01	1.094319e-04	1.307435e-05	2.141529e+02
1.416074e+00	-3.977659e+00	2.606596e+01	1.052789e-04	1.331968e-05	2.060256e+02
1.424000e+00	-3.994155e+00	2.654606e+01	1.013550e-04	1.356501e-05	1.983469e+02
1.432074e+00	-4.010957e+00	2.704417e+01	9.750854e-05	1.381954e-05	1.908195e+02
1.440000e+00	-4.027453e+00	2.754229e+01	9.387429e-05	1.407408e-05	1.837074e+02
1.448074e+00	-4.044256e+00	2.805910e+01	9.031170e-05	1.433817e-05	1.767356e+02
1.456000e+00	-4.060752e+00	2.857591e+01	8.694569e-05	1.460226e-05	1.701485e+02
1.464074e+00	-4.077555e+00	2.911211e+01	8.364604e-05	1.487626e-05	1.636912e+02
1.472000e+00	-4.094051e+00	2.964831e+01	8.052847e-05	1.515026e-05	1.575903e+02
1.480074e+00	-4.110853e+00	3.020464e+01	7.747236e-05	1.543454e-05	1.516096e+02
1.488000e+00	-4.127349e+00	3.076097e+01	7.458488e-05	1.571882e-05	1.459590e+02
1.496074e+00	-4.144152e+00	3.133817e+01	7.175434e-05	1.601377e-05	1.404198e+02
1.504000e+00	-4.160648e+00	3.191538e+01	6.907998e-05	1.630872e-05	1.351862e+02
1.512074e+00	-4.177450e+00	3.251425e+01	6.645835e-05	1.661474e-05	1.300558e+02
1.520000e+00	-4.193946e+00	3.311311e+01	6.398138e-05	1.692076e-05	1.252084e+02
1.528074e+00	-4.210749e+00	3.373445e+01	6.155324e-05	1.723827e-05	1.204567e+02
1.536000e+00	-4.227245e+00	3.435579e+01	5.925909e-05	1.755577e-05	1.159672e+02
1.544074e+00	-4.244048e+00	3.500045e+01	5.701017e-05	1.788519e-05	1.115661e+02
1.552000e+00	-4.260544e+00	3.564511e+01	5.488534e-05	1.821461e-05	1.074079e+02
1.560074e+00	-4.277346e+00	3.631397e+01	5.280240e-05	1.855640e-05	1.033317e+02
1.568000e+00	-4.293842e+00	3.698282e+01	5.083440e-05	1.889818e-05	9.948045e+01
1.576074e+00	-4.310645e+00	3.767677e+01	4.890520e-05	1.925279e-05	9.570511e+01
1.584000e+00	-4.327141e+00	3.837072e+01	4.708246e-05	1.960740e-05	9.213808e+01
1.592074e+00	-4.343944e+00	3.909072e+01	4.529565e-05	1.997532e-05	8.864138e+01
1.600000e+00	-4.360440e+00	3.981072e+01	4.360743e-05	2.034323e-05	8.533762e+01
1.608074e+00	-4.377242e+00	4.055773e+01	4.195250e-05	2.072496e-05	8.209900e+01
1.616000e+00	-4.393738e+00	4.130475e+01	4.038889e-05	2.110668e-05	7.903908e+01
1.624074e+00	-4.410541e+00	4.207980e+01	3.885610e-05	2.150273e-05	7.603950e+01
1.632000e+00	-4.427037e+00	4.285485e+01	3.740789e-05	2.189878e-05	7.320543e+01
1.640074e+00	-4.443839e+00	4.365899e+01	3.598824e-05	2.230970e-05	7.042723e+01
1.648000e+00	-4.460335e+00	4.446313e+01	3.464692e-05	2.272061e-05	6.780234e+01
1.656074e+00	-4.477138e+00	4.529744e+01	3.333205e-05	2.314694e-05	6.522920e+01
1.664000e+00	-4.493634e+00	4.613176e+01	3.208973e-05	2.357328e-05	6.279803e+01
1.672074e+00	-4.510437e+00	4.699738e+01	3.087190e-05	2.401561e-05	6.041481e+01
1.680000e+00	-4.526933e+00	4.786301e+01	2.972127e-05	2.445795e-05	5.816308e+01
1.688074e+00	-4.543735e+00	4.876112e+01	2.859333e-05	2.491688e-05	5.595576e+01
1.696000e+00	-4.560231e+00	4.965923e+01	2.752763e-05	2.537581e-05	5.387023e+01
1.704074e+00	-4.577034e+00	5.059105e+01	2.648294e-05	2.585197e-05	5.182582e+01
1.712000e+00	-4.593530e+00	5.152286e+01	2.549589e-05	2.632813e-05	4.989422e+01
1.720074e+00	-4.610332e+00	5.248965e+01	2.452830e-05	2.682215e-05	4.800070e+01
1.728000e+00	-4.626828e+00	5.345644e+01	2.361411e-05	2.731618e-05	4.621166e+01
1.736074e+00	-4.643631e+00	5.445950e+01	2.271794e-05	2.782875e-05	4.445790e+01
1.744000e+00	-4.660127e+00	5.546257e+01	2.187122e-05	2.834131e-05	4.280091e+01
1.752074e+00	-4.676930e+00	5.650328e+01	2.104119e-05	2.887312e-05	4.117658e+01
1.760000e+00	-4.693426e+00	5.754399e+01	2.025696e-05	2.940492e-05	3.964189e+01
1.768074e+00	-4.710228e+00	5.862376e+01	1.948820e-05	2.995668e-05	3.813745e+01
1.776000e+00	-4.726724e+00	5.970353e+01	1.876185e-05	3.050844e-05	3.671603e+01
1.784074e+00	-4.743527e+00	6.082382e+01	1.804983e-05	3.108090e-05	3.532263e+01
1.792000e+00	-4.760023e+00	6.194411e+01	1.737709e-05	3.165337e-05	3.400612e+01
1.800074e+00	-4.776826e+00	6.310644e+01	1.671762e-05	3.224732e-05	3.271557e+01
1.808000e+00	-4.793322e+00	6.426877e+01	1.609454e-05	3.284127e-05	3.149622e+01
1.816074e+00	-4.810124e+00	6.547472e+01	1.548374e-05	3.345751e-05	3.030092e+01
1.824000e+00	-4.826620e+00	6.668068e+01	1.490664e-05	3.407375e-05	2.917157e+01
1.832074e+00	-4.843423e+00	6.793189e+01	1.434093e-05	3.471312e-05	2.806449e+01
1.840000e+00	-4.859919e+00	6.918310e+01	1.380642e-05	3.535249e-05	2.701850e+01
1.848074e+00	-4.876721e+00	7.048126e+01	1.328246e-05	3.601585e-05	2.599313e+01
1.856000e+00	-4.893217e+00	7.177943e+01	1.278741e-05	3.667921e-05	2.502434e+01
1.864074e+00	-4.910020e+00	7.312631e+01	1.230212e-05	3.736747e-05	2.407465e+01
1.872000e+00	-4.926516e+00	7.447320e+01	1.184361e-05	3.805572e-05	2.317736e+01
1.880074e+00	-4.943319e+00	7.587063e+01	1.139413e-05	3.876981e-05	2.229777e+01
1.888000e+00	-4.959815e+00	7.726806e+01	1.096946e-05	3.948389e-05	2.146671e+01
1.896074e+00	-4.976617e+00	7.871793e+01	1.055317e-05	4.022478e-05	2.065203e+01
1.904000e+00	-4.993113e+00	8.016781e+01	1.015984e-05	4.096566e-05	1.988231e+01
1.912074e+00	-5.009916e+00	8.167209e+01	9.774265e-06	4.173435e-05	1.912776e+01
1.920000e+00	-5.026412e+00	8.317638e+01	9.409968e-06	4.250304e-05	1.841485e+01
1.928074e+00	-5.043215e+00	8.473712e+01	9.052854e-06	4.330057e-05	1.771599e+01
1.936000e+00	-5.059710e+00	8.629785e+01	8.715444e-06	4.409811e-05	1.705570e+01
1.944074e+00	-5.076513e+00	8.791717e+01	8.384687e-06	4.492558e-05	1.640843e+01
1.952000e+00	-5.093009e+00	8.953648e+01	8.072181e-06	4.575304e-05	1.579687e+01
1.960074e+00	-5.109812e+00	9.121656e+01	7.765837e-06	4.661156e-05	1.519736e+01
1.968000e+00	-5.126308e+00	9.289664e+01	7.476396e-06	4.747008e-05	1.463094e+01
1.976074e+00	-5.143110e+00	9.463977e+01	7.192662e-06	4.836082e-05	1.407569e+01
1.984000e+00	-5.159606e+00	9.638290e+01	6.924584e-06	4.925156e-05	1.355107e+01
1.992074e+00	-5.176409e+00	9.819145e+01	6.661791e-06	5.017572e-05	1.303680e+01
2.000000e+00	-5.192905e+00	1.000000e+02	6.413499e-06	5.109989e-05	1.255091e+01
2.008074e+00	-5.209708e+00	1.018764e+02	6.170103e-06	5.205874e-05	1.207459e+01
2.016000e+00	-5.226204e+00	1.037528e+02	5.940137e-06	5.301759e-05	1.162456e+01
2.024074e+00	-5.243006e+00	1.056997e+02	5.714705e-06	5.401242e-05	1.118340e+01
2.032000e+00	-5.259502e+00	1.076465e+02	5.501712e-06	5.500726e-05	1.076658e+01
2.040074e+00	-5.276305e+00	1.096664e+02	5.292918e-06	5.603942e-05	1.035798e+01
2.048000e+00	-5.292801e+00	1.116863e+02	5.095645e-06	5.707159e-05	9.971930e+00
2.056074e+00	-5.309603e+00	1.137820e+02	4.902262e-06	5.814249e-05	9.593489e+00
2.064000e+00	-5.326099e+00	1.158777e+02	4.719550e-06	5.921340e-05	9.235929e+00
2.072074e+00	-5.342902e+00	1.180521e+02	4.540440e-06	6.032449e-05	8.885420e+00
2.080000e+00	-5.359398e+00	1.202264e+02	4.371213e-06	6.143558e-05	8.554251e+00
2.088074e+00	-5.376201e+00	1.224824e+02	4.205323e-06	6.258837e-05	8.229612e+00
2.096000e+00	-5.392697e+00	1.247384e+02	4.048586e-06	6.374116e-05	7.922885e+00
2.104074e+00	-5.409499e+00	1.270790e+02	3.894939e-06	6.493721e-05	7.622207e+00
2.112000e+00	-5.425995e+00	1.294196e+02	3.749771e-06	6.613327e-05	7.338119e+00
2.120074e+00	-5.442798e+00	1.318480e+02	3.607465e-06	6.737420e-05	7.059633e+00
2.128000e+00	-5.459294e+00	1.342765e+02	3.473011e-06	6.861514e-05	6.796513e+00
2.136074e+00	-5.476097e+00	1.367961e+02	3.341208e-06	6.990265e-05	6.538581e+00
2.144000e+00	-5.492593e+00	1.393157e+02	3.216677e-06	7.119016e-05	6.294881e+00
2.152074e+00	-5.509395e+00	1.419298e+02	3.094602e-06	7.252599e-05	6.055986e+00
2.160000e+00	-5.525891e+00	1.445440e+02	2.979263e-06	7.386181e-05	5.830273e+00
2.168074e+00	-5.542694e+00	1.472562e+02	2.866198e-06	7.524777e-05	5.609011e+00
2.176000e+00	-5.559190e+00	1.499685e+02	2.759372e-06	7.663373e-05	5.399957e+00
2.184074e+00	-5.575992e+00	1.527825e+02	2.654652e-06	7.807170e-05	5.195025e+00
2.192000e+00	-5.592488e+00	1.555966e+02	2.555710e-06	7.950967e-05	5.001401e+00
2.200074e+00	-5.609291e+00	1.585162e+02	2.458720e-06	8.100161e-05	4.811595e+00
2.208000e+00	-5.625787e+00	1.614359e+02	2.367080e-06	8.249355e-05	4.632261e+00
2.216074e+00	-5.642590e+00	1.644651e+02	2.277248e-06	8.404147e-05	4.456464e+00
2.224000e+00	-5.659086e+00	1.674943e+02	2.192373e-06	8.558940e-05	4.290367e+00
2.232074e+00	-5.675888e+00	1.706372e+02	2.109171e-06	8.719542e-05	4.127545e+00
2.240000e+00	-5.692384e+00	1.737801e+02	2.030560e-06	8.880143e-05	3.973707e+00
2.248074e+00	-5.709187e+00	1.770409e+02	1.953499e-06	9.046772e-05	3.822902e+00
2.256000e+00	-5.725683e+00	1.803018e+02	1.880690e-06	9.213401e-05	3.680418e+00
2.264074e+00	-5.742485e+00	1.836850e+02	1.809316e-06	9.386283e-05	3.540744e+00
2.272000e+00	-5.758981e+00	1.870682e+02	1.741881e-06	9.559165e-05	3.408777e+00
2.280074e+00	-5.775784e+00	1.905784e+02	1.675776e-06	9.738536e-05	3.279412e+00
2.288000e+00	-5.792280e+00	1.940886e+02	1.613318e-06	9.917906e-05	3.157184e+00
2.296074e+00	-5.809083e+00	1.977305e+02	1.552091e-06	1.010401e-04	3.037367e+00
2.304000e+00	-5.825579e+00	2.013724e+02	1.494243e-06	1.029011e-04	2.924161e+00
2.312074e+00	-5.842381e+00	2.051510e+02	1.437536e-06	1.048319e-04	2.813188e+00
2.320000e+00	-5.858877e+00	2.089296e+02	1.383957e-06	1.067628e-04	2.708337e+00
2.328074e+00	-5.875680e+00	2.128500e+02	1.331435e-06	1.087661e-04	2.605554e+00
2.336000e+00	-5.892176e+00	2.167704e+02	1.281811e-06	1.107694e-04	2.508442e+00
2.344074e+00	-5.908979e+00	2.208379e+02	1.233166e-06	1.128479e-04	2.413245e+00
2.352000e+00	-5.925475e+00	2.249055e+02	1.187204e-06	1.149264e-04	2.323301e+00
2.360074e+00	-5.942277e+00	2.291256e+02	1.142149e-06	1.170829e-04	2.235130e+00
2.368000e+00	-5.958773e+00	2.333458e+02	1.099580e-06	1.192395e-04	2.151825e+00
2.376074e+00	-5.975576e+00	2.377244e+02	1.057850e-06	1.214769e-04	2.070161e+00
2.384000e+00	-5.992072e+00	2.421029e+02	1.018423e-06	1.237143e-04	1.993004e+00
2.392074e+00	-6.008874e+00	2.466458e+02	9.797733e-07	1.260357e-04	1.917369e+00
2.400000e+00	-6.025370e+00	2.511886e+02	9.432561e-07	1.283571e-04	1.845906e+00
2.408074e+00	-6.042173e+00	2.559020e+02	9.074589e-07	1.307656e-04	1.775853e+00
2.416000e+00	-6.058669e+00	2.606154e+02	8.736369e-07	1.331742e-04	1.709665e+00
2.424074e+00	-6.075472e+00	2.655056e+02	8.404819e-07	1.356731e-04	1.644782e+00
2.432000e+00	-6.091968e+00	2.703958e+02	8.091562e-07	1.381720e-04	1.583479e+00
2.440074e+00	-6.108770e+00	2.754696e+02	7.784482e-07	1.407647e-04	1.523385e+00
2.448000e+00	-6.125266e+00	2.805434e+02	7.494346e-07	1.433574e-04	1.466607e+00
2.456074e+00	-6.142069e+00	2.858075e+02	7.209931e-07	1.460473e-04	1.410948e+00
2.464000e+00	-6.158565e+00	2.910717e+02	6.941209e-07	1.487373e-04	1.358361e+00
2.472074e+00	-6.175368e+00	2.965334e+02	6.677786e-07	1.515283e-04	1.306810e+00
2.480000e+00	-6.191863e+00	3.019952e+02	6.428898e-07	1.543192e-04	1.258104e+00
2.488074e+00	-6.208666e+00	3.076619e+02	6.184917e-07	1.572149e-04	1.210358e+00
2.496000e+00	-6.225162e+00	3.133286e+02	5.954399e-07	1.601106e-04	1.165247e+00
2.504074e+00	-6.241965e+00	3.192079e+02	5.728425e-07	1.631149e-04	1.121025e+00
2.512000e+00	-6.258461e+00	3.250873e+02	5.514921e-07	1.661193e-04	1.079243e+00
2.520074e+00	-6.275263e+00	3.311873e+02	5.305626e-07	1.692364e-04	1.038285e+00
2.528000e+00	-6.291759e+00	3.372873e+02	5.107880e-07	1.723534e-04	9.995872e-01
2.536074e+00	-6.308562e+00	3.436162e+02	4.914032e-07	1.755875e-04	9.616522e-01
2.544000e+00	-6.325058e+00	3.499452e+02	4.730881e-07	1.788216e-04	9.258104e-01
2.552074e+00	-6.341861e+00	3.565116e+02	4.551341e-07	1.821770e-04	8.906753e-01
2.560000e+00	-6.358357e+00	3.630781e+02	4.381708e-07	1.855325e-04	8.574789e-01
2.568074e+00	-6.375159e+00	3.698909e+02	4.215419e-07	1.890139e-04	8.249371e-01
2.576000e+00	-6.391655e+00	3.767038e+02	4.058306e-07	1.924952e-04	7.941908e-01
2.584074e+00	-6.408458e+00	3.837723e+02	3.904291e-07	1.961073e-04	7.640507e-01
2.592000e+00	-6.424954e+00	3.908409e+02	3.758774e-07	1.997193e-04	7.355738e-01
2.600074e+00	-6.441756e+00	3.981747e+02	3.616126e-07	2.034668e-04	7.076583e-01
2.608000e+00	-6.458252e+00	4.055085e+02	3.481349e-07	2.072144e-04	6.812831e-01
2.616074e+00	-6.475055e+00	4.131176e+02	3.349230e-07	2.111026e-04	6.554280e-01
2.624000e+00	-6.491551e+00	4.207266e+02	3.224400e-07	2.149908e-04	6.309995e-01
2.632074e+00	-6.508354e+00	4.286212e+02	3.102032e-07	2.190250e-04	6.070526e-01
2.640000e+00	-6.524850e+00	4.365158e+02	2.986416e-07	2.230591e-04	5.844271e-01
2.648074e+00	-6.541652e+00	4.447067e+02	2.873080e-07	2.272446e-04	5.622478e-01
2.656000e+00	-6.558148e+00	4.528976e+02	2.765997e-07	2.314302e-04	5.412922e-01
2.664074e+00	-6.574951e+00	4.613958e+02	2.661026e-07	2.357728e-04	5.207498e-01
2.672000e+00	-6.591447e+00	4.698941e+02	2.561847e-07	2.401154e-04	5.013409e-01
2.680074e+00	-6.608250e+00	4.787113e+02	2.464623e-07	2.446210e-04	4.823147e-01
2.688000e+00	-6.624746e+00	4.875285e+02	2.372764e-07	2.491265e-04	4.643383e-01
2.696074e+00	-6.641548e+00	4.966766e+02	2.282716e-07	2.538012e-04	4.467164e-01
2.704000e+00	-6.658044e+00	5.058247e+02	2.197637e-07	2.584759e-04	4.300668e-01
2.712074e+00	-6.674847e+00	5.153161e+02	2.114235e-07	2.633259e-04	4.137455e-01
2.720000e+00	-6.691343e+00	5.248075e+02	2.035435e-07	2.681760e-04	3.983247e-01
2.728074e+00	-6.708145e+00	5.346551e+02	1.958189e-07	2.732082e-04	3.832081e-01
2.736000e+00	-6.724641e+00	5.445027e+02	1.885205e-07	2.782403e-04	3.689255e-01
2.744074e+00	-6.741444e+00	5.547198e+02	1.813660e-07	2.834612e-04	3.549245e-01
2.752000e+00	-6.757940e+00	5.649370e+02	1.746063e-07	2.886822e-04	3.416961e-01
2.760074e+00	-6.774743e+00	5.755376e+02	1.679799e-07	2.940991e-04	3.287285e-01
2.768000e+00	-6.791239e+00	5.861382e+02	1.617191e-07	2.995160e-04	3.164765e-01
2.776074e+00	-6.808041e+00	5.971366e+02	1.555818e-07	3.051361e-04	3.044660e-01
2.784000e+00	-6.824537e+00	6.081350e+02	1.497831e-07	3.107563e-04	2.931182e-01
2.792074e+00	-6.841340e+00	6.195462e+02	1.440987e-07	3.165874e-04	2.819942e-01
2.800000e+00	-6.857836e+00	6.309573e+02	1.387280e-07	3.224185e-04	2.714840e-01
2.808074e+00	-6.874638e+00	6.427968e+02	1.334632e-07	3.284684e-04	2.611810e-01
2.816000e+00	-6.891134e+00	6.546362e+02	1.284889e-07	3.345184e-04	2.514465e-01
2.824074e+00	-6.907937e+00	6.669199e+02	1.236126e-07	3.407953e-04	2.419039e-01
2.832000e+00	-6.924433e+00	6.792036e+02	1.190055e-07	3.470723e-04	2.328879e-01
2.840074e+00	-6.941236e+00	6.919484e+02	1.144891e-07	3.535849e-04	2.240497e-01
2.848000e+00	-6.957732e+00	7.046931e+02	1.102220e-07	3.600974e-04	2.156991e-01
2.856074e+00	-6.974534e+00	7.179161e+02	1.060390e-07	3.668543e-04	2.075132e-01
2.864000e+00	-6.991030e+00	7.311391e+02	1.020868e-07	3.736113e-04	1.997789e-01
2.872074e+00	-7.007833e+00	7.448583e+02	9.821256e-08	3.806218e-04	1.921972e-01
2.880000e+00	-7.024329e+00	7.585776e+02	9.455208e-08	3.876323e-04	1.850338e-01
2.888074e+00	-7.041132e+00	7.728117e+02	9.096377e-08	3.949059e-04	1.780117e-01
2.896000e+00	-7.057628e+00	7.870458e+02	8.757345e-08	4.021795e-04	1.713770e-01
2.904074e+00	-7.074430e+00	8.018141e+02	8.424998e-08	4.097261e-04	1.648731e-01
2.912000e+00	-7.090926e+00	8.165824e+02	8.110990e-08	4.172727e-04	1.587281e-01
2.920074e+00	-7.107729e+00	8.319049e+02	7.803172e-08	4.251025e-04	1.527043e-01
2.928000e+00	-7.124225e+00	8.472274e+02	7.512340e-08	4.329323e-04	1.470128e-01
2.936074e+00	-7.141027e+00	8.631250e+02	7.227242e-08	4.410559e-04	1.414336e-01
2.944000e+00	-7.157523e+00	8.790225e+02	6.957875e-08	4.491795e-04	1.361622e-01
2.952074e+00	-7.174326e+00	8.955167e+02	6.693819e-08	4.576080e-04	1.309948e-01
2.960000e+00	-7.190822e+00	9.120108e+02	6.444333e-08	4.660365e-04	1.261125e-01
2.968074e+00	-7.207625e+00	9.291240e+02	6.199767e-08	4.747814e-04	1.213264e-01
2.976000e+00	-7.224121e+00	9.462372e+02	5.968695e-08	4.835262e-04	1.168045e-01
2.984074e+00	-7.240923e+00	9.639926e+02	5.742179e-08	4.925991e-04	1.123716e-01
2.992000e+00	-7.257419e+00	9.817479e+02	5.528162e-08	5.016721e-04	1.081834e-01
3.000074e+00	-7.274222e+00	1.000170e+03	5.318365e-08	5.110856e-04	1.040778e-01
3.008000e+00	-7.290718e+00	1.018591e+03	5.120144e-08	5.204991e-04	1.001987e-01
3.016074e+00	-7.307521e+00	1.037704e+03	4.925831e-08	5.302658e-04	9.639611e-02
3.024000e+00	-7.324016e+00	1.056818e+03	4.742240e-08	5.400326e-04	9.280333e-02
3.032074e+00	-7.340819e+00	1.076648e+03	4.562269e-08	5.501659e-04	8.928138e-02
3.040000e+00	-7.357315e+00	1.096478e+03	4.392228e-08	5.602992e-04	8.595377e-02
3.048074e+00	-7.374118e+00	1.117053e+03	4.225540e-08	5.708127e-04	8.269177e-02
3.056000e+00	-7.390614e+00	1.137627e+03	4.068050e-08	5.813263e-04	7.960976e-02
3.064074e+00	-7.407416e+00	1.158974e+03	3.913665e-08	5.922344e-04	7.658852e-02
3.072000e+00	-7.423912e+00	1.180321e+03	3.767799e-08	6.031426e-04	7.373398e-02
3.080074e+00	-7.440715e+00	1.202468e+03	3.624808e-08	6.144601e-04	7.093573e-02
3.088000e+00	-7.457211e+00	1.224616e+03	3.489708e-08	6.257775e-04	6.829188e-02
3.096074e+00	-7.474014e+00	1.247595e+03	3.357271e-08	6.375198e-04	6.570016e-02
3.104000e+00	-7.490510e+00	1.270574e+03	3.232142e-08	6.492620e-04	6.325145e-02
3.112074e+00	-7.507312e+00	1.294415e+03	3.109480e-08	6.614449e-04	6.085101e-02
3.120000e+00	-7.523808e+00	1.318257e+03	2.993587e-08	6.736278e-04	5.858303e-02
3.128074e+00	-7.540611e+00	1.342993e+03	2.879978e-08	6.862678e-04	5.635977e-02
3.136000e+00	-7.557107e+00	1.367729e+03	2.772638e-08	6.989079e-04	5.425918e-02
3.144074e+00	-7.573909e+00	1.393393e+03	2.667415e-08	7.120224e-04	5.220001e-02
3.152000e+00	-7.590405e+00	1.419058e+03	2.567997e-08	7.251368e-04	5.025446e-02
3.160074e+00	-7.607208e+00	1.445685e+03	2.470540e-08	7.387435e-04	4.834727e-02
3.168000e+00	-7.623704e+00	1.472313e+03	2.378461e-08	7.523501e-04	4.654532e-02
3.176074e+00	-7.640507e+00	1.499939e+03	2.288197e-08	7.664673e-04	4.477889e-02
3.184000e+00	-7.657003e+00	1.527566e+03	2.202913e-08	7.805846e-04	4.310994e-02
3.192074e+00	-7.673805e+00	1.556230e+03	2.119311e-08	7.952316e-04	4.147389e-02
3.200000e+00	-7.690301e+00	1.584893e+03	2.040322e-08	8.098787e-04	3.992811e-02
3.208074e+00	-7.707104e+00	1.614632e+03	1.962891e-08	8.250754e-04	3.841281e-02
3.216000e+00	-7.723600e+00	1.644372e+03	1.889732e-08	8.402722e-04	3.698113e-02
3.224074e+00	-7.740403e+00	1.675227e+03	1.818015e-08	8.560392e-04	3.557767e-02
3.232000e+00	-7.756899e+00	1.706082e+03	1.750256e-08	8.718062e-04	3.425165e-02
3.240074e+00	-7.773701e+00	1.738096e+03	1.683832e-08	8.881650e-04	3.295178e-02
3.248000e+00	-7.790197e+00	1.770109e+03	1.621074e-08	9.045237e-04	3.172363e-02
3.256074e+00	-7.807000e+00	1.803324e+03	1.559553e-08	9.214964e-04	3.051970e-02
3.264000e+00	-7.823496e+00	1.836538e+03	1.501427e-08	9.384691e-04	2.938220e-02
3.272074e+00	-7.840298e+00	1.871000e+03	1.444447e-08	9.560787e-04	2.826712e-02
3.280000e+00	-7.856794e+00	1.905461e+03	1.390611e-08	9.736883e-04	2.721358e-02
3.288074e+00	-7.873597e+00	1.941215e+03	1.337836e-08	9.919588e-04	2.618081e-02
3.296000e+00	-7.890093e+00	1.976970e+03	1.287974e-08	1.010229e-03	2.520502e-02
3.304074e+00	-7.906896e+00	2.014066e+03	1.239094e-08	1.029185e-03	2.424847e-02
3.312000e+00	-7.923392e+00	2.051162e+03	1.192912e-08	1.048142e-03	2.334471e-02
3.320074e+00	-7.940194e+00	2.089651e+03	1.147640e-08	1.067809e-03	2.245876e-02
3.328000e+00	-7.956690e+00	2.128139e+03	1.104866e-08	1.087477e-03	2.162170e-02
3.336074e+00	-7.973493e+00	2.168072e+03	1.062936e-08	1.107882e-03	2.080114e-02
3.344000e+00	-7.989989e+00	2.208005e+03	1.023319e-08	1.128288e-03	2.002586e-02
3.352074e+00	-8.006791e+00	2.249436e+03	9.844837e-09	1.149459e-03	1.926587e-02
3.360000e+00	-8.023287e+00	2.290868e+03	9.477909e-09	1.170631e-03	1.854781e-02
3.368074e+00	-8.040090e+00	2.333854e+03	9.118217e-09	1.192597e-03	1.784391e-02
3.376000e+00	-8.056586e+00	2.376840e+03	8.778371e-09	1.214563e-03	1.717884e-02
3.384074e+00	-8.073389e+00	2.421440e+03	8.445226e-09	1.237353e-03	1.652690e-02
3.392000e+00	-8.089885e+00	2.466039e+03	8.130464e-09	1.260143e-03	1.591092e-02
3.400074e+00	-8.106687e+00	2.512313e+03	7.821907e-09	1.283789e-03	1.530709e-02
3.408000e+00	-8.123183e+00	2.558586e+03	7.530377e-09	1.307435e-03	1.473658e-02
3.416074e+00	-8.139986e+00	2.606596e+03	7.244594e-09	1.331968e-03	1.417732e-02
3.424000e+00	-8.156482e+00	2.654606e+03	6.974580e-09	1.356501e-03	1.364891e-02
3.432074e+00	-8.173285e+00	2.704417e+03	6.709891e-09	1.381954e-03	1.313093e-02
3.440000e+00	-8.189781e+00	2.754229e+03	6.459806e-09	1.407408e-03	1.264153e-02
3.448074e+00	-8.206583e+00	2.805910e+03	6.214652e-09	1.433817e-03	1.216177e-02
3.456000e+00	-8.223079e+00	2.857591e+03	5.983025e-09	1.460226e-03	1.170849e-02
3.464074e+00	-8.239882e+00	2.911211e+03	5.755966e-09	1.487626e-03	1.126414e-02
3.472000e+00	-8.256378e+00	2.964831e+03	5.541435e-09	1.515026e-03	1.084432e-02
3.480074e+00	-8.273180e+00	3.020464e+03	5.331134e-09	1.543454e-03	1.043277e-02
3.488000e+00	-8.289676e+00	3.076097e+03	5.132437e-09	1.571882e-03	1.004393e-02
3.496074e+00	-8.306479e+00	3.133817e+03	4.937658e-09	1.601377e-03	9.662756e-03
3.504000e+00	-8.322975e+00	3.191538e+03	4.753626e-09	1.630872e-03	9.302614e-03
3.512074e+00	-8.339778e+00	3.251425e+03	4.573223e-09	1.661474e-03	8.949574e-03
3.520000e+00	-8.356274e+00	3.311311e+03	4.402774e-09	1.692076e-03	8.616014e-03
3.528074e+00	-8.373076e+00	3.373445e+03	4.235686e-09	1.723827e-03	8.289031e-03
3.536000e+00	-8.389572e+00	3.435579e+03	4.077817e-09	1.755577e-03	7.980090e-03
3.544074e+00	-8.406375e+00	3.500045e+03	3.923061e-09	1.788519e-03	7.677240e-03
3.552000e+00	-8.422871e+00	3.564511e+03	3.776845e-09	1.821461e-03	7.391102e-03
3.560074e+00	-8.439674e+00	3.631397e+03	3.633511e-09	1.855640e-03	7.110604e-03
3.568000e+00	-8.456169e+00	3.698282e+03	3.498086e-09	1.889818e-03	6.845585e-03
3.576074e+00	-8.472972e+00	3.767677e+03	3.365332e-09	1.925279e-03	6.585790e-03
3.584000e+00	-8.489468e+00	3.837072e+03	3.239902e-09	1.960740e-03	6.340331e-03
3.592074e+00	-8.506271e+00	3.909072e+03	3.116946e-09	1.997532e-03	6.099711e-03
3.600000e+00	-8.522767e+00	3.981072e+03	3.000774e-09	2.034323e-03	5.872369e-03
3.608074e+00	-8.539569e+00	4.055773e+03	2.886893e-09	2.072496e-03	5.649509e-03
3.616000e+00	-8.556065e+00	4.130475e+03	2.779295e-09	2.110668e-03	5.438945e-03
3.624074e+00	-8.572868e+00	4.207980e+03	2.673819e-09	2.150273e-03	5.232534e-03
3.632000e+00	-8.589364e+00	4.285485e+03	2.574163e-09	2.189878e-03	5.037512e-03
3.640074e+00	-8.606167e+00	4.365899e+03	2.476472e-09	2.230970e-03	4.846335e-03
3.648000e+00	-8.622663e+00	4.446313e+03	2.384171e-09	2.272061e-03	4.665707e-03
3.656074e+00	-8.639465e+00	4.529744e+03	2.293690e-09	2.314694e-03	4.488640e-03
3.664000e+00	-8.655961e+00	4.613176e+03	2.208202e-09	2.357328e-03	4.321344e-03
3.672074e+00	-8.672764e+00	4.699738e+03	2.124399e-09	2.401561e-03	4.157346e-03
3.680000e+00	-8.689260e+00	4.786301e+03	2.045221e-09	2.445795e-03	4.002398e-03
3.688074e+00	-8.706062e+00	4.876112e+03	1.967603e-09	2.491688e-03	3.850504e-03
3.696000e+00	-8.722558e+00	4.965923e+03	1.894269e-09	2.537581e-03	3.706992e-03
3.704074e+00	-8.739361e+00	5.059105e+03	1.822380e-09	2.585197e-03	3.566309e-03
3.712000e+00	-8.755857e+00	5.152286e+03	1.754458e-09	2.632813e-03	3.433389e-03
3.720074e+00	-8.772660e+00	5.248965e+03	1.687875e-09	2.682215e-03	3.303090e-03
3.728000e+00	-8.789156e+00	5.345644e+03	1.624966e-09	2.731618e-03	3.179980e-03
3.736074e+00	-8.805958e+00	5.445950e+03	1.563298e-09	2.782875e-03	3.059298e-03
3.744000e+00	-8.822454e+00	5.546257e+03	1.505032e-09	2.834131e-03	2.945274e-03
3.752074e+00	-8.839257e+00	5.650328e+03	1.447915e-09	2.887312e-03	2.833499e-03
3.760000e+00	-8.855753e+00	5.754399e+03	1.393950e-09	2.940492e-03	2.727892e-03
3.768074e+00	-8.872556e+00	5.862376e+03	1.341048e-09	2.995668e-03	2.624367e-03
3.776000e+00	-8.889052e+00	5.970353e+03	1.291066e-09	3.050844e-03	2.526554e-03
3.784074e+00	-8.905854e+00	6.082382e+03	1.242069e-09	3.108090e-03	2.430669e-03
3.792000e+00	-8.922350e+00	6.194411e+03	1.195776e-09	3.165337e-03	2.340076e-03
3.800074e+00	-8.939153e+00	6.310644e+03	1.150396e-09	3.224732e-03	2.251268e-03
3.808000e+00	-8.955649e+00	6.426877e+03	1.107519e-09	3.284127e-03	2.167361e-03
3.816074e+00	-8.972451e+00	6.547472e+03	1.065488e-09	3.345751e-03	2.085108e-03
3.824000e+00	-8.988947e+00	6.668068e+03	1.025776e-09	3.407375e-03	2.007394e-03
3.832074e+00	-9.005750e+00	6.793189e+03	9.868474e-10	3.471312e-03	1.931212e-03
3.840000e+00	-9.022246e+00	6.918310e+03	9.500665e-10	3.535249e-03	1.859234e-03
3.848074e+00	-9.039049e+00	7.048126e+03	9.140109e-10	3.601585e-03	1.788675e-03
3.856000e+00	-9.055545e+00	7.177943e+03	8.799448e-10	3.667921e-03	1.722009e-03
3.864074e+00	-9.072347e+00	7.312631e+03	8.465503e-10	3.736747e-03	1.656658e-03
3.872000e+00	-9.088843e+00	7.447320e+03	8.149985e-10	3.805572e-03	1.594912e-03
3.880074e+00	-9.105646e+00	7.587063e+03	7.840687e-10	3.876981e-03	1.534384e-03
3.888000e+00	-9.122142e+00	7.726806e+03	7.548457e-10	3.948389e-03	1.477196e-03
3.896074e+00	-9.138944e+00	7.871793e+03	7.261988e-10	4.022478e-03	1.421136e-03
3.904000e+00	-9.155440e+00	8.016781e+03	6.991326e-10	4.096566e-03	1.368168e-03
3.912074e+00	-9.172243e+00	8.167209e+03	6.726001e-10	4.173435e-03	1.316246e-03
3.920000e+00	-9.188739e+00	8.317638e+03	6.475316e-10	4.250304e-03	1.267188e-03
3.928074e+00	-9.205542e+00	8.473712e+03	6.229573e-10	4.330057e-03	1.219097e-03
3.936000e+00	-9.222038e+00	8.629785e+03	5.997390e-10	4.409811e-03	1.173660e-03
3.944074e+00	-9.238840e+00	8.791717e+03	5.769786e-10	4.492558e-03	1.129119e-03
3.952000e+00	-9.255336e+00	8.953648e+03	5.554740e-10	4.575304e-03	1.087035e-03
3.960074e+00	-9.272139e+00	9.121656e+03	5.343934e-10	4.661156e-03	1.045782e-03
3.968000e+00	-9.288635e+00	9.289664e+03	5.144760e-10	4.747008e-03	1.006804e-03
3.976074e+00	-9.305438e+00	9.463977e+03	4.949513e-10	4.836082e-03	9.685955e-04
3.984000e+00	-9.321934e+00	9.638290e+03	4.765039e-10	4.925156e-03	9.324950e-04
3.992074e+00	-9.338736e+00	9.819145e+03	4.584203e-10	5.017572e-03	8.971062e-04
4.000000e+00	-9.355232e+00	1.000000e+04	4.413345e-10	5.109989e-03	8.636701e-04
4.008074e+00	-9.372035e+00	1.018764e+04	4.245855e-10	5.205874e-03	8.308932e-04
4.016000e+00	-9.388531e+00	1.037528e+04	4.087608e-10	5.301759e-03	7.999250e-04
4.024074e+00	-9.405333e+00	1.056997e+04	3.932481e-10	5.401242e-03	7.695673e-04
4.032000e+00	-9.421829e+00	1.076465e+04	3.785913e-10	5.500726e-03	7.408847e-04
4.040074e+00	-9.438632e+00	1.096664e+04	3.642235e-10	5.603942e-03	7.127677e-04
4.048000e+00	-9.455128e+00	1.116863e+04	3.506485e-10	5.707159e-03	6.862021e-04
4.056074e+00	-9.471931e+00	1.137820e+04	3.373412e-10	5.814249e-03	6.601603e-04
4.064000e+00	-9.488427e+00	1.158777e+04	3.247681e-10	5.921340e-03	6.355554e-04
4.072074e+00	-9.505229e+00	1.180521e+04	3.124430e-10	6.032449e-03	6.114356e-04
4.080000e+00	-9.521725e+00	1.202264e+04	3.007979e-10	6.143558e-03	5.886468e-04
4.088074e+00	-9.538528e+00	1.224824e+04	2.893824e-10	6.258837e-03	5.663073e-04
4.096000e+00	-9.555024e+00	1.247384e+04	2.785968e-10	6.374116e-03	5.452004e-04
4.104074e+00	-9.571827e+00	1.270790e+04	2.680239e-10	6.493721e-03	5.245097e-04
4.112000e+00	-9.588322e+00	1.294196e+04	2.580343e-10	6.613327e-03	5.049607e-04
4.120074e+00	-9.605125e+00	1.318480e+04	2.482418e-10	6.737420e-03	4.857971e-04
4.128000e+00	-9.621621e+00	1.342765e+04	2.389895e-10	6.861514e-03	4.676909e-04
4.136074e+00	-9.638424e+00	1.367961e+04	2.299197e-10	6.990265e-03	4.499417e-04
4.144000e+00	-9.654920e+00	1.393157e+04	2.213504e-10	7.119016e-03	4.331719e-04
4.152074e+00	-9.671722e+00	1.419298e+04	2.129500e-10	7.252599e-03	4.167328e-04
4.160000e+00	-9.688218e+00	1.445440e+04	2.050131e-10	7.386181e-03	4.012007e-04
4.168074e+00	-9.705021e+00	1.472562e+04	1.972327e-10	7.524777e-03	3.859749e-04
4.176000e+00	-9.721517e+00	1.499685e+04	1.898817e-10	7.663373e-03	3.715892e-04
4.184074e+00	-9.738320e+00	1.527825e+04	1.826755e-10	7.807170e-03	3.574871e-04
4.192000e+00	-9.754816e+00	1.555966e+04	1.758670e-10	7.950967e-03	3.441632e-04
4.200074e+00	-9.771618e+00	1.585162e+04	1.691928e-10	8.100161e-03	3.311020e-04
4.208000e+00	-9.788114e+00	1.614359e+04	1.628868e-10	8.249355e-03	3.187615e-04
4.216074e+00	-9.804917e+00	1.644651e+04	1.567051e-10	8.404147e-03	3.066643e-04
4.224000e+00	-9.821413e+00	1.674943e+04	1.508645e-10	8.558940e-03	2.952346e-04
4.232074e+00	-9.838215e+00	1.706372e+04	1.451391e-10	8.719542e-03	2.840302e-04
4.240000e+00	-9.854711e+00	1.737801e+04	1.397297e-10	8.880143e-03	2.734441e-04
4.248074e+00	-9.871514e+00	1.770409e+04	1.344268e-10	9.046772e-03	2.630668e-04
4.256000e+00	-9.888010e+00	1.803018e+04	1.294166e-10	9.213401e-03	2.532620e-04
4.264074e+00	-9.904813e+00	1.836850e+04	1.245052e-10	9.386283e-03	2.436505e-04
4.272000e+00	-9.921309e+00	1.870682e+04	1.198647e-10	9.559165e-03	2.345694e-04
4.280074e+00	-9.938111e+00	1.905784e+04	1.153158e-10	9.738536e-03	2.256673e-04
4.288000e+00	-9.954607e+00	1.940886e+04	1.110178e-10	9.917906e-03	2.172565e-04
4.296074e+00	-9.971410e+00	1.977305e+04	1.068046e-10	1.010401e-02	2.090115e-04
4.304000e+00	-9.987906e+00	2.013724e+04	1.028239e-10	1.029011e-02	2.012214e-04
4.312074e+00	-1.000471e+01	2.051510e+04	9.892168e-11	1.048319e-02	1.935849e-04
4.320000e+00	-1.002124e+01	2.089296e+04	9.522641e-11	1.067628e-02	1.863534e-04
4.328074e+00	-1.003818e+01	2.128500e+04	9.158317e-11	1.087661e-02	1.792238e-04
4.336000e+00	-1.005492e+01	2.167704e+04	8.812195e-11	1.107694e-02	1.724504e-04
4.344074e+00	-1.007206e+01	2.208379e+04	8.471114e-11	1.128479e-02	1.657756e-04
4.352000e+00	-1.008899e+01	2.249055e+04	8.147244e-11	1.149264e-02	1.594376e-04
4.360074e+00	-1.010633e+01	2.291256e+04	7.828259e-11	1.170829e-02	1.531952e-04
4.368000e+00	-1.012346e+01	2.333458e+04	7.525532e-11	1.192395e-02	1.472710e-04
4.376074e+00	-1.014101e+01	2.377244e+04	7.227528e-11	1.214769e-02	1.414392e-04
4.384000e+00	-1.015834e+01	2.421029e+04	6.944861e-11	1.237143e-02	1.359076e-04
4.392074e+00	-1.017609e+01	2.466458e+04	6.666752e-11	1.260357e-02	1.304651e-04
4.400000e+00	-1.019361e+01	2.511886e+04	6.403094e-11	1.283571e-02	1.253054e-04
4.408074e+00	-1.021156e+01	2.559020e+04	6.143823e-11	1.307656e-02	1.202316e-04
4.416000e+00	-1.022928e+01	2.606154e+04	5.898153e-11	1.331742e-02	1.154240e-04
4.424074e+00	-1.024744e+01	2.655056e+04	5.656698e-11	1.356731e-02	1.106988e-04
4.432000e+00	-1.026536e+01	2.703958e+04	5.428028e-11	1.381720e-02	1.062239e-04
4.440074e+00	-1.028371e+01	2.754696e+04	5.203399e-11	1.407647e-02	1.018280e-04
4.448000e+00	-1.030183e+01	2.805434e+04	4.990776e-11	1.433574e-02	9.766705e-05
4.456074e+00	-1.032039e+01	2.858075e+04	4.782018e-11	1.460473e-02	9.358176e-05
4.464000e+00	-1.033871e+01	2.910717e+04	4.584520e-11	1.487373e-02	8.971683e-05
4.472074e+00	-1.035746e+01	2.965334e+04	4.390714e-11	1.515283e-02	8.592414e-05
4.480000e+00	-1.037598e+01	3.019952e+04	4.207457e-11	1.543192e-02	8.233788e-05
4.488074e+00	-1.039494e+01	3.076619e+04	4.027717e-11	1.572149e-02	7.882047e-05
4.496000e+00	-1.041365e+01	3.133286e+04	3.857850e-11	1.601106e-02	7.549624e-05
4.504074e+00	-1.043282e+01	3.192079e+04	3.691329e-11	1.631149e-02	7.223751e-05
4.512000e+00	-1.045173e+01	3.250873e+04	3.534035e-11	1.661193e-02	6.915934e-05
4.520074e+00	-1.047109e+01	3.311873e+04	3.379920e-11	1.692364e-02	6.614338e-05
4.528000e+00	-1.049020e+01	3.372873e+04	3.234419e-11	1.723534e-02	6.329600e-05
4.536074e+00	-1.050977e+01	3.436162e+04	3.091932e-11	1.755875e-02	6.050760e-05
4.544000e+00	-1.052908e+01	3.499452e+04	2.957478e-11	1.788216e-02	5.787641e-05
4.552074e+00	-1.054885e+01	3.565116e+04	2.825877e-11	1.821770e-02	5.530105e-05
4.560000e+00	-1.056835e+01	3.630781e+04	2.701760e-11	1.855325e-02	5.287213e-05
4.568074e+00	-1.058832e+01	3.698909e+04	2.580338e-11	1.890139e-02	5.049596e-05
4.576000e+00	-1.060803e+01	3.767038e+04	2.465880e-11	1.924952e-02	4.825606e-05
4.584074e+00	-1.062820e+01	3.837723e+04	2.353964e-11	1.961073e-02	4.606593e-05
4.592000e+00	-1.064810e+01	3.908409e+04	2.248521e-11	1.997193e-02	4.400245e-05
4.600074e+00	-1.066848e+01	3.981747e+04	2.145472e-11	2.034668e-02	4.198585e-05
4.608000e+00	-1.068858e+01	4.055085e+04	2.048433e-11	2.072144e-02	4.008684e-05
4.616074e+00	-1.070915e+01	4.131176e+04	1.953646e-11	2.111026e-02	3.823191e-05
4.624000e+00	-1.072945e+01	4.207266e+04	1.864432e-11	2.149908e-02	3.648603e-05
4.632074e+00	-1.075023e+01	4.286212e+04	1.777333e-11	2.190250e-02	3.478154e-05
4.640000e+00	-1.077073e+01	4.365158e+04	1.695396e-11	2.230591e-02	3.317808e-05
4.648074e+00	-1.079171e+01	4.447067e+04	1.615443e-11	2.272446e-02	3.161343e-05
4.656000e+00	-1.081240e+01	4.528976e+04	1.540266e-11	2.314302e-02	3.014226e-05
4.664074e+00	-1.083359e+01	4.613958e+04	1.466946e-11	2.357728e-02	2.870743e-05
4.672000e+00	-1.085448e+01	4.698941e+04	1.398042e-11	2.401154e-02	2.735900e-05
4.680074e+00	-1.087586e+01	4.787113e+04	1.330874e-11	2.446210e-02	2.604455e-05
4.688000e+00	-1.089696e+01	4.875285e+04	1.267782e-11	2.491265e-02	2.480988e-05
4.696074e+00	-1.091854e+01	4.966766e+04	1.206311e-11	2.538012e-02	2.360692e-05
4.704000e+00	-1.093983e+01	5.058247e+04	1.148600e-11	2.584759e-02	2.247754e-05
4.712074e+00	-1.096162e+01	5.153161e+04	1.092400e-11	2.633259e-02	2.137773e-05
4.720000e+00	-1.098311e+01	5.248075e+04	1.039664e-11	2.681760e-02	2.034572e-05
4.728074e+00	-1.100510e+01	5.346551e+04	9.883342e-12	2.732082e-02	1.934122e-05
4.736000e+00	-1.102678e+01	5.445027e+04	9.401929e-12	2.782403e-02	1.839912e-05
4.744074e+00	-1.104897e+01	5.547198e+04	8.933589e-12	2.834612e-02	1.748260e-05
4.752000e+00	-1.107086e+01	5.649370e+04	8.494560e-12	2.886822e-02	1.662344e-05
4.760074e+00	-1.109325e+01	5.755376e+04	8.067668e-12	2.940991e-02	1.578803e-05
4.768000e+00	-1.111534e+01	5.861382e+04	7.667693e-12	2.995160e-02	1.500530e-05
4.776074e+00	-1.113793e+01	5.971366e+04	7.278970e-12	3.051361e-02	1.424459e-05
4.784000e+00	-1.116021e+01	6.081350e+04	6.914940e-12	3.107563e-02	1.353220e-05
4.792074e+00	-1.118301e+01	6.195462e+04	6.561328e-12	3.165874e-02	1.284020e-05
4.800000e+00	-1.120549e+01	6.309573e+04	6.230344e-12	3.224185e-02	1.219248e-05
4.808074e+00	-1.122849e+01	6.427968e+04	5.908992e-12	3.284684e-02	1.156361e-05
4.816000e+00	-1.125116e+01	6.546362e+04	5.608355e-12	3.345184e-02	1.097528e-05
4.824074e+00	-1.127436e+01	6.669199e+04	5.316613e-12	3.407953e-02	1.040435e-05
4.832000e+00	-1.129724e+01	6.792036e+04	5.043812e-12	3.470723e-02	9.870494e-06
4.840074e+00	-1.132064e+01	6.919484e+04	4.779214e-12	3.535849e-02	9.352690e-06
4.848000e+00	-1.134372e+01	7.046931e+04	4.531919e-12	3.600974e-02	8.868745e-06
4.856074e+00	-1.136732e+01	7.179161e+04	4.292180e-12	3.668543e-02	8.399587e-06
4.864000e+00	-1.139059e+01	7.311391e+04	4.068228e-12	3.736113e-02	7.961325e-06
4.872074e+00	-1.141440e+01	7.448583e+04	3.851227e-12	3.806218e-02	7.536665e-06
4.880000e+00	-1.143787e+01	7.585776e+04	3.648618e-12	3.876323e-02	7.140168e-06
4.888074e+00	-1.146188e+01	7.728117e+04	3.452394e-12	3.949059e-02	6.756167e-06
4.896000e+00	-1.148555e+01	7.870458e+04	3.269274e-12	4.021795e-02	6.397810e-06
4.904074e+00	-1.150976e+01	8.018141e+04	3.092014e-12	4.097261e-02	6.050920e-06
4.912000e+00	-1.153363e+01	8.165824e+04	2.926673e-12	4.172727e-02	5.727356e-06
4.920074e+00	-1.155804e+01	8.319049e+04	2.766702e-12	4.251025e-02	5.414301e-06
4.928000e+00	-1.158210e+01	8.472274e+04	2.617562e-12	4.329323e-02	5.122441e-06
4.936074e+00	-1.160672e+01	8.631250e+04	2.473336e-12	4.410559e-02	4.840199e-06
4.944000e+00	-1.163098e+01	8.790225e+04	2.338943e-12	4.491795e-02	4.577197e-06
4.952074e+00	-1.165580e+01	8.955167e+04	2.209042e-12	4.576080e-02	4.322987e-06
4.960000e+00	-1.168026e+01	9.120108e+04	2.088056e-12	4.660365e-02	4.086223e-06
4.968074e+00	-1.170528e+01	9.291240e+04	1.971172e-12	4.747814e-02	3.857488e-06
4.976000e+00	-1.172994e+01	9.462372e+04	1.862364e-12	4.835262e-02	3.644555e-06
4.984074e+00	-1.175515e+01	9.639926e+04	1.757297e-12	4.925991e-02	3.438944e-06
4.992000e+00	-1.178001e+01	9.817479e+04	1.659537e-12	5.016721e-02	3.247632e-06
5.000074e+00	-1.180543e+01	1.000170e+05	1.565184e-12	5.110856e-02	3.062989e-06
5.008000e+00	-1.183049e+01	1.018591e+05	1.477437e-12	5.204991e-02	2.891273e-06
5.016074e+00	-1.185611e+01	1.037704e+05	1.392790e-12	5.302658e-02	2.725623e-06
5.024000e+00	-1.188137e+01	1.056818e+05	1.314108e-12	5.400326e-02	2.571646e-06
5.032074e+00	-1.190719e+01	1.076648e+05	1.238243e-12	5.501659e-02	2.423182e-06
5.040000e+00	-1.193265e+01	1.096478e+05	1.167759e-12	5.602992e-02	2.285247e-06
5.048074e+00	-1.195867e+01	1.117053e+05	1.099831e-12	5.708127e-02	2.152316e-06
5.056000e+00	-1.198433e+01	1.137627e+05	1.036752e-12	5.813263e-02	2.028874e-06
5.064074e+00	-1.201055e+01	1.158974e+05	9.759916e-13	5.922344e-02	1.909968e-06
5.072000e+00	-1.203640e+01	1.180321e+05	9.195953e-13	6.031426e-02	1.799603e-06
5.080074e+00	-1.206283e+01	1.202468e+05	8.652985e-13	6.144601e-02	1.693347e-06
5.088000e+00	-1.208888e+01	1.224616e+05	8.149265e-13	6.257775e-02	1.594771e-06
5.096074e+00	-1.211551e+01	1.247595e+05	7.664533e-13	6.375198e-02	1.499912e-06
5.104000e+00	-1.214176e+01	1.270574e+05	7.215061e-13	6.492620e-02	1.411952e-06
5.112074e+00	-1.216859e+01	1.294415e+05	6.782743e-13	6.614449e-02	1.327350e-06
5.120000e+00	-1.219504e+01	1.318257e+05	6.382068e-13	6.736278e-02	1.248940e-06
5.128074e+00	-1.222208e+01	1.342993e+05	5.996874e-13	6.862678e-02	1.173559e-06
5.136000e+00	-1.224872e+01	1.367729e+05	5.640048e-13	6.989079e-02	1.103730e-06
5.144074e+00	-1.227596e+01	1.393393e+05	5.297176e-13	7.120224e-02	1.036631e-06
5.152000e+00	-1.230280e+01	1.419058e+05	4.979710e-13	7.251368e-02	9.745049e-07
5.160074e+00	-1.233024e+01	1.445685e+05	4.674807e-13	7.387435e-02	9.148370e-07
5.168000e+00	-1.235727e+01	1.472313e+05	4.392635e-13	7.523501e-02	8.596173e-07
5.176074e+00	-1.238492e+01	1.499939e+05	4.121762e-13	7.664673e-02	8.066088e-07
5.184000e+00	-1.241215e+01	1.527566e+05	3.871205e-13	7.805846e-02	7.575760e-07
5.192074e+00	-1.244000e+01	1.556230e+05	3.630798e-13	7.952316e-02	7.105295e-07
5.200000e+00	-1.246743e+01	1.584893e+05	3.408530e-13	8.098787e-02	6.670327e-07
5.208074e+00	-1.249548e+01	1.614632e+05	3.195370e-13	8.250754e-02	6.253183e-07
5.216000e+00	-1.252311e+01	1.644372e+05	2.998388e-13	8.402722e-02	5.867700e-07
5.224074e+00	-1.255136e+01	1.675227e+05	2.809571e-13	8.560392e-02	5.498194e-07
5.232000e+00	-1.257919e+01	1.706082e+05	2.635170e-13	8.718062e-02	5.156899e-07
5.240074e+00	-1.260764e+01	1.738096e+05	2.468078e-13	8.881650e-02	4.829908e-07
5.248000e+00	-1.263567e+01	1.770109e+05	2.313818e-13	9.045237e-02	4.528029e-07
5.256074e+00	-1.266432e+01	1.803324e+05	2.166095e-13	9.214964e-02	4.238943e-07
5.264000e+00	-1.269255e+01	1.836538e+05	2.029783e-13	9.384691e-02	3.972187e-07
5.272074e+00	-1.272140e+01	1.871000e+05	1.899311e-13	9.560787e-02	3.716859e-07
5.280000e+00	-1.274983e+01	1.905461e+05	1.778976e-13	9.736883e-02	3.481369e-07
5.288074e+00	-1.277889e+01	1.941215e+05	1.663852e-13	9.919588e-02	3.256077e-07
5.296000e+00	-1.280751e+01	1.976970e+05	1.557723e-13	1.010229e-01	3.048389e-07
5.304074e+00	-1.283677e+01	2.014066e+05	1.456240e-13	1.029185e-01	2.849791e-07
5.312000e+00	-1.286559e+01	2.051162e+05	1.362732e-13	1.048142e-01	2.666800e-07
5.320074e+00	-1.289505e+01	2.089651e+05	1.273360e-13	1.067809e-01	2.491904e-07
5.328000e+00	-1.292407e+01	2.128139e+05	1.191051e-13	1.087477e-01	2.330830e-07
5.336074e+00	-1.295373e+01	2.168072e+05	1.112422e-13	1.107882e-01	2.176955e-07
5.344000e+00	-1.298295e+01	2.208005e+05	1.040041e-13	1.128288e-01	2.035310e-07
5.352074e+00	-1.301281e+01	2.249436e+05	9.709289e-14	1.149459e-01	1.900061e-07
5.360000e+00	-1.304223e+01	2.290868e+05	9.073406e-14	1.170631e-01	1.775621e-07
5.368074e+00	-1.307229e+01	2.333854e+05	8.466529e-14	1.192597e-01	1.656858e-07
5.376000e+00	-1.310191e+01	2.376840e+05	7.908426e-14	1.214563e-01	1.547640e-07
5.384074e+00	-1.313218e+01	2.421440e+05	7.376039e-14	1.237353e-01	1.443455e-07
5.392000e+00	-1.316199e+01	2.466039e+05	6.886677e-14	1.260143e-01	1.347689e-07
5.400074e+00	-1.319246e+01	2.512313e+05	6.420088e-14	1.283789e-01	1.256380e-07
5.408000e+00	-1.322247e+01	2.558586e+05	5.991412e-14	1.307435e-01	1.172490e-07
5.416074e+00	-1.325314e+01	2.606596e+05	5.582884e-14	1.331968e-01	1.092543e-07
5.424000e+00	-1.328335e+01	2.654606e+05	5.207732e-14	1.356501e-01	1.019128e-07
5.432074e+00	-1.331422e+01	2.704417e+05	4.850384e-14	1.381954e-01	9.491965e-08
5.440000e+00	-1.334463e+01	2.754229e+05	4.522389e-14	1.407408e-01	8.850095e-08
5.448074e+00	-1.337571e+01	2.805910e+05	4.210111e-14	1.433817e-01	8.238981e-08
5.456000e+00	-1.340631e+01	2.857591e+05	3.923622e-14	1.460226e-01	7.678337e-08
5.464074e+00	-1.343759e+01	2.911211e+05	3.650991e-14	1.487626e-01	7.144812e-08
5.472000e+00	-1.346839e+01	2.964831e+05	3.400997e-14	1.515026e-01	6.655585e-08
5.480074e+00	-1.349987e+01	3.020464e+05	3.163210e-14	1.543454e-01	6.190248e-08
5.488000e+00	-1.353087e+01	3.076097e+05	2.945271e-14	1.571882e-01	5.763751e-08
5.496074e+00	-1.356255e+01	3.133817e+05	2.738073e-14	1.601377e-01	5.358276e-08
5.504000e+00	-1.359376e+01	3.191538e+05	2.548262e-14	1.630872e-01	4.986825e-08
5.512074e+00	-1.362564e+01	3.251425e+05	2.367893e-14	1.661474e-01	4.633851e-08
5.520000e+00	-1.365704e+01	3.311311e+05	2.202738e-14	1.692076e-01	4.310651e-08
5.528074e+00	-1.368912e+01	3.373445e+05	2.045874e-14	1.723827e-01	4.003676e-08
5.536000e+00	-1.372072e+01	3.435579e+05	1.902311e-14	1.755577e-01	3.722730e-08
5.544074e+00	-1.375300e+01	3.500045e+05	1.766020e-14	1.788519e-01	3.456016e-08
5.552000e+00	-1.378480e+01	3.564511e+05	1.641346e-14	1.821461e-01	3.212034e-08
5.560074e+00	-1.381729e+01	3.631397e+05	1.523044e-14	1.855640e-01	2.980522e-08
5.568000e+00	-1.384928e+01	3.698282e+05	1.414876e-14	1.889818e-01	2.768844e-08
5.576074e+00	-1.388197e+01	3.767677e+05	1.312287e-14	1.925279e-01	2.568082e-08
5.584000e+00	-1.391416e+01	3.837072e+05	1.218532e-14	1.960740e-01	2.384607e-08
5.592074e+00	-1.394705e+01	3.909072e+05	1.129654e-14	1.997532e-01	2.210677e-08
5.600000e+00	-1.397944e+01	3.981072e+05	1.048468e-14	2.034323e-01	2.051800e-08
5.608074e+00	-1.401254e+01	4.055773e+05	9.715422e-15	2.072496e-01	1.901261e-08
5.616000e+00	-1.404513e+01	4.130475e+05	9.013079e-15	2.110668e-01	1.763816e-08
5.624074e+00	-1.407842e+01	4.207980e+05	8.347913e-15	2.150273e-01	1.633646e-08
5.632000e+00	-1.411121e+01	4.285485e+05	7.740896e-15	2.189878e-01	1.514856e-08
5.640074e+00	-1.414471e+01	4.365899e+05	7.166284e-15	2.230970e-01	1.402407e-08
5.648000e+00	-1.417769e+01	4.446313e+05	6.642157e-15	2.272061e-01	1.299838e-08
5.656074e+00	-1.421139e+01	4.529744e+05	6.146248e-15	2.314694e-01	1.202791e-08
5.664000e+00	-1.424457e+01	4.613176e+05	5.694124e-15	2.357328e-01	1.114312e-08
5.672074e+00	-1.427847e+01	4.699738e+05	5.266547e-15	2.401561e-01	1.030638e-08
5.680000e+00	-1.431186e+01	4.786301e+05	4.876909e-15	2.445795e-01	9.543873e-09
5.688074e+00	-1.434596e+01	4.876112e+05	4.508601e-15	2.491688e-01	8.823112e-09
5.696000e+00	-1.437954e+01	4.965923e+05	4.173133e-15	2.537581e-01	8.166618e-09
5.704074e+00	-1.441384e+01	5.059105e+05	3.856181e-15	2.585197e-01	7.546359e-09
5.712000e+00	-1.444762e+01	5.152286e+05	3.567629e-15	2.632813e-01	6.981676e-09
5.720074e+00	-1.448213e+01	5.248965e+05	3.295134e-15	2.682215e-01	6.448416e-09
5.728000e+00	-1.451610e+01	5.345644e+05	3.047173e-15	2.731618e-01	5.963169e-09
5.736074e+00	-1.455081e+01	5.445950e+05	2.813122e-15	2.782875e-01	5.505142e-09
5.744000e+00	-1.458499e+01	5.546257e+05	2.600245e-15	2.834131e-01	5.088554e-09
5.752074e+00	-1.461990e+01	5.650328e+05	2.399407e-15	2.887312e-01	4.695522e-09
5.760000e+00	-1.465427e+01	5.754399e+05	2.216825e-15	2.940492e-01	4.338219e-09
5.768074e+00	-1.468938e+01	5.862376e+05	2.044651e-15	2.995668e-01	4.001282e-09
5.776000e+00	-1.472395e+01	5.970353e+05	1.888202e-15	3.050844e-01	3.695120e-09
5.784074e+00	-1.475927e+01	6.082382e+05	1.740742e-15	3.108090e-01	3.406547e-09
5.792000e+00	-1.479403e+01	6.194411e+05	1.606814e-15	3.165337e-01	3.144456e-09
5.800074e+00	-1.482955e+01	6.310644e+05	1.480640e-15	3.224732e-01	2.897540e-09
5.808000e+00	-1.486452e+01	6.426877e+05	1.366099e-15	3.284127e-01	2.673390e-09
5.816074e+00	-1.490024e+01	6.547472e+05	1.258242e-15	3.345751e-01	2.462319e-09
5.824000e+00	-1.493540e+01	6.668068e+05	1.160377e-15	3.407375e-01	2.270801e-09
5.832074e+00	-1.497132e+01	6.793189e+05	1.068265e-15	3.471312e-01	2.090543e-09
5.840000e+00	-1.500668e+01	6.918310e+05	9.847266e-16	3.535249e-01	1.927062e-09
5.848074e+00	-1.504281e+01	7.048126e+05	9.061370e-16	3.601585e-01	1.773266e-09
5.856000e+00	-1.507837e+01	7.177943e+05	8.348956e-16	3.667921e-01	1.633850e-09
5.864074e+00	-1.511469e+01	7.312631e+05	7.679067e-16	3.736747e-01	1.502756e-09
5.872000e+00	-1.515045e+01	7.447320e+05	7.072103e-16	3.805572e-01	1.383976e-09
5.880074e+00	-1.518698e+01	7.587063e+05	6.501641e-16	3.876981e-01	1.272339e-09
5.888000e+00	-1.522294e+01	7.726806e+05	5.985010e-16	3.948389e-01	1.171237e-09
5.896074e+00	-1.525966e+01	7.871793e+05	5.499680e-16	4.022478e-01	1.076261e-09
5.904000e+00	-1.529582e+01	8.016781e+05	5.060356e-16	4.096566e-01	9.902871e-10
5.912074e+00	-1.533275e+01	8.167209e+05	4.647845e-16	4.173435e-01	9.095607e-10
5.920000e+00	-1.536910e+01	8.317638e+05	4.274617e-16	4.250304e-01	8.365217e-10
5.928074e+00	-1.540623e+01	8.473712e+05	3.924333e-16	4.330057e-01	7.679729e-10
5.936000e+00	-1.544279e+01	8.629785e+05	3.607557e-16	4.409811e-01	7.059813e-10
5.944074e+00	-1.548012e+01	8.791717e+05	3.310396e-16	4.492558e-01	6.478284e-10
5.952000e+00	-1.551687e+01	8.953648e+05	3.041789e-16	4.575304e-01	5.952632e-10
5.960074e+00	-1.555441e+01	9.121656e+05	2.789934e-16	4.661156e-01	5.459765e-10
5.968000e+00	-1.559136e+01	9.289664e+05	2.562387e-16	4.747008e-01	5.014467e-10
5.976074e+00	-1.562909e+01	9.463977e+05	2.349134e-16	4.836082e-01	4.597141e-10
5.984000e+00	-1.566624e+01	9.638290e+05	2.156555e-16	4.925156e-01	4.220272e-10
