########################################################################
#_src is in the AGN rest frame:cosmo                 
#nu_src  nuFnu_somma_src  nuFnu_Sync_src nuFnu_SSC_src nu_Fnu_Disk_src  nu_Fnu_DT_src nu_Fnu_Star_src nu_Fnu_EC_Disk_src nu_Fnu_EC_BLR_src nu_Fnu_EC_DT_src nu_Fnu_EC_Star_src nu_Fnu_EC_CMB_src  
########################################################################
6.0132e+00	 -6.5673e+01	 -6.5673e+01	 -6.5673e+01	 -6.5673e+01	 -6.5673e+01	 -6.5673e+01	 -6.5673e+01	 -6.5673e+01 -6.5673e+01	 -6.5673e+01	 -6.5673e+01
6.1332e+00	 -6.5673e+01	 -6.5673e+01	 -6.5673e+01	 -6.5673e+01	 -6.5673e+01	 -6.5673e+01	 -6.5673e+01	 -6.5673e+01 -6.5673e+01	 -6.5673e+01	 -6.5673e+01
6.2532e+00	 -6.5673e+01	 -6.5673e+01	 -6.5673e+01	 -6.5673e+01	 -6.5673e+01	 -6.5673e+01	 -6.5673e+01	 -6.5673e+01 -6.5673e+01	 -6.5673e+01	 -6.5673e+01
6.3732e+00	 -6.5673e+01	 -6.5673e+01	 -6.5673e+01	 -6.5673e+01	 -6.5673e+01	 -6.5673e+01	 -6.5673e+01	 -6.5673e+01 -6.5673e+01	 -6.5673e+01	 -6.5673e+01
6.4932e+00	 -6.5673e+01	 -6.5673e+01	 -6.5673e+01	 -6.5673e+01	 -6.5673e+01	 -6.5673e+01	 -6.5673e+01	 -6.5673e+01 -6.5673e+01	 -6.5673e+01	 -6.5673e+01
6.6132e+00	 -6.5673e+01	 -6.5673e+01	 -6.5673e+01	 -6.5673e+01	 -6.5673e+01	 -6.5673e+01	 -6.5673e+01	 -6.5673e+01 -6.5673e+01	 -6.5673e+01	 -6.5673e+01
6.7332e+00	 -6.5673e+01	 -6.5673e+01	 -6.5673e+01	 -6.5673e+01	 -6.5673e+01	 -6.5673e+01	 -6.5673e+01	 -6.5673e+01 -6.5673e+01	 -6.5673e+01	 -6.5673e+01
6.8532e+00	 -6.5673e+01	 -6.5673e+01	 -6.5673e+01	 -6.5673e+01	 -6.5673e+01	 -6.5673e+01	 -6.5673e+01	 -6.5673e+01 -6.5673e+01	 -6.5673e+01	 -6.5673e+01
6.9732e+00	 -6.5673e+01	 -6.5673e+01	 -6.5673e+01	 -6.5673e+01	 -6.5673e+01	 -6.5673e+01	 -6.5673e+01	 -6.5673e+01 -6.5673e+01	 -6.5673e+01	 -6.5673e+01
7.0932e+00	 -6.5673e+01	 -6.5673e+01	 -6.5673e+01	 -6.5673e+01	 -6.5673e+01	 -6.5673e+01	 -6.5673e+01	 -6.5673e+01 -6.5673e+01	 -6.5673e+01	 -6.5673e+01
7.2132e+00	 -6.5673e+01	 -6.5673e+01	 -6.5673e+01	 -6.5673e+01	 -6.5673e+01	 -6.5673e+01	 -6.5673e+01	 -6.5673e+01 -6.5673e+01	 -6.5673e+01	 -6.5673e+01
7.3332e+00	 -6.5673e+01	 -6.5673e+01	 -6.5673e+01	 -6.5673e+01	 -6.5673e+01	 -6.5673e+01	 -6.5673e+01	 -6.5673e+01 -6.5673e+01	 -6.5673e+01	 -6.5673e+01
7.4532e+00	 3.4196e+01	 3.4196e+01	 -6.5673e+01	 -6.5673e+01	 -6.5673e+01	 -6.5673e+01	 -6.5673e+01	 -6.5673e+01 -6.5673e+01	 -6.5673e+01	 -6.5673e+01
7.5732e+00	 3.4533e+01	 3.4533e+01	 -6.5673e+01	 -6.5673e+01	 -6.5673e+01	 -6.5673e+01	 -6.5673e+01	 -6.5673e+01 -6.5673e+01	 -6.5673e+01	 -6.5673e+01
7.6932e+00	 3.4872e+01	 3.4872e+01	 -6.5673e+01	 -6.5673e+01	 -6.5673e+01	 -6.5673e+01	 -6.5673e+01	 -6.5673e+01 -6.5673e+01	 -6.5673e+01	 -6.5673e+01
7.8132e+00	 3.5223e+01	 3.5223e+01	 -6.5673e+01	 -6.5673e+01	 -6.5673e+01	 -6.5673e+01	 -6.5673e+01	 -6.5673e+01 -6.5673e+01	 -6.5673e+01	 -6.5673e+01
7.9332e+00	 3.5573e+01	 3.5573e+01	 -6.5673e+01	 -6.5673e+01	 -6.5673e+01	 -6.5673e+01	 -6.5673e+01	 -6.5673e+01 -6.5673e+01	 -6.5673e+01	 -6.5673e+01
8.0532e+00	 3.5952e+01	 3.5952e+01	 -6.5673e+01	 -6.5673e+01	 -6.5673e+01	 -6.5673e+01	 -6.5673e+01	 -6.5673e+01 -6.5673e+01	 -6.5673e+01	 -6.5673e+01
8.1732e+00	 3.6335e+01	 3.6335e+01	 -6.5673e+01	 -6.5673e+01	 -6.5673e+01	 -6.5673e+01	 -6.5673e+01	 -6.5673e+01 -6.5673e+01	 -6.5673e+01	 -6.5673e+01
8.2932e+00	 3.6736e+01	 3.6736e+01	 -6.5673e+01	 -6.5673e+01	 -6.5673e+01	 -6.5673e+01	 -6.5673e+01	 -6.5673e+01 -6.5673e+01	 -6.5673e+01	 -6.5673e+01
8.4132e+00	 3.7148e+01	 3.7148e+01	 -6.5673e+01	 -6.5673e+01	 -6.5673e+01	 -6.5673e+01	 -6.5673e+01	 -6.5673e+01 -6.5673e+01	 -6.5673e+01	 -6.5673e+01
8.5332e+00	 3.7563e+01	 3.7563e+01	 -6.5673e+01	 -6.5673e+01	 -6.5673e+01	 -6.5673e+01	 -6.5673e+01	 -6.5673e+01 -6.5673e+01	 -6.5673e+01	 -6.5673e+01
8.6532e+00	 3.7983e+01	 3.7983e+01	 -6.5673e+01	 -6.5673e+01	 -6.5673e+01	 -6.5673e+01	 -6.5673e+01	 -6.5673e+01 -6.5673e+01	 -6.5673e+01	 -6.5673e+01
8.7732e+00	 3.8403e+01	 3.8403e+01	 -6.5673e+01	 -6.5673e+01	 -6.5673e+01	 -6.5673e+01	 -6.5673e+01	 -6.5673e+01 -6.5673e+01	 -6.5673e+01	 -6.5673e+01
8.8932e+00	 3.8823e+01	 3.8823e+01	 -6.5673e+01	 -6.5673e+01	 -6.5673e+01	 -6.5673e+01	 -6.5673e+01	 -6.5673e+01 -6.5673e+01	 -6.5673e+01	 -6.5673e+01
9.0132e+00	 3.9243e+01	 3.9243e+01	 -6.5673e+01	 -6.5673e+01	 -6.5673e+01	 -6.5673e+01	 -6.5673e+01	 -6.5673e+01 -6.5673e+01	 -6.5673e+01	 -6.5673e+01
9.1332e+00	 3.9662e+01	 3.9662e+01	 -6.5673e+01	 -6.5673e+01	 -6.5673e+01	 -6.5673e+01	 -6.5673e+01	 -6.5673e+01 -6.5673e+01	 -6.5673e+01	 -6.5673e+01
9.2532e+00	 4.0082e+01	 4.0082e+01	 -6.5673e+01	 -6.5673e+01	 -6.5673e+01	 -6.5673e+01	 -6.5673e+01	 -6.5673e+01 -6.5673e+01	 -6.5673e+01	 -6.5673e+01
9.3732e+00	 4.0499e+01	 4.0499e+01	 -6.5673e+01	 -6.5673e+01	 -6.5673e+01	 -6.5673e+01	 -6.5673e+01	 -6.5673e+01 -6.5673e+01	 -6.5673e+01	 -6.5673e+01
9.4932e+00	 4.0911e+01	 4.0911e+01	 -6.5673e+01	 -6.5673e+01	 -6.5673e+01	 -6.5673e+01	 -6.5673e+01	 -6.5673e+01 -6.5673e+01	 -6.5673e+01	 -6.5673e+01
9.6132e+00	 4.1299e+01	 4.1299e+01	 -6.5673e+01	 -6.5673e+01	 -6.5673e+01	 -6.5673e+01	 -6.5673e+01	 -6.5673e+01 -6.5673e+01	 -6.5673e+01	 -6.5673e+01
9.7332e+00	 4.1591e+01	 4.1591e+01	 -6.5673e+01	 -6.5673e+01	 -6.5673e+01	 -6.5673e+01	 -6.5673e+01	 -6.5673e+01 -6.5673e+01	 -6.5673e+01	 -6.5673e+01
9.8532e+00	 4.1883e+01	 4.1883e+01	 -6.5673e+01	 -6.5673e+01	 -6.5673e+01	 -6.5673e+01	 -6.5673e+01	 -6.5673e+01 -6.5673e+01	 -6.5673e+01	 -6.5673e+01
9.9732e+00	 4.2009e+01	 4.2009e+01	 -6.5673e+01	 -6.5673e+01	 -6.5673e+01	 -6.5673e+01	 -6.5673e+01	 -6.5673e+01 -6.5673e+01	 -6.5673e+01	 -6.5673e+01
1.0093e+01	 4.2123e+01	 4.2123e+01	 -6.5673e+01	 -6.5673e+01	 -6.5673e+01	 -6.5673e+01	 -6.5673e+01	 -6.5673e+01 -6.5673e+01	 -6.5673e+01	 -6.5673e+01
1.0213e+01	 4.2205e+01	 4.2205e+01	 -6.5673e+01	 -6.5673e+01	 -6.5673e+01	 -6.5673e+01	 -6.5673e+01	 -6.5673e+01 -6.5673e+01	 -6.5673e+01	 -6.5673e+01
1.0333e+01	 4.2270e+01	 4.2270e+01	 -6.5673e+01	 -6.5673e+01	 -6.5673e+01	 -6.5673e+01	 -6.5673e+01	 -6.5673e+01 -6.5673e+01	 -6.5673e+01	 -6.5673e+01
1.0453e+01	 4.2331e+01	 4.2331e+01	 -6.5673e+01	 -6.5673e+01	 -6.5673e+01	 -6.5673e+01	 -6.5673e+01	 -6.5673e+01 -6.5673e+01	 -6.5673e+01	 -6.5673e+01
1.0573e+01	 4.2388e+01	 4.2388e+01	 -6.5673e+01	 -6.5673e+01	 -6.5673e+01	 -6.5673e+01	 -6.5673e+01	 -6.5673e+01 -6.5673e+01	 -6.5673e+01	 -6.5673e+01
1.0693e+01	 4.2444e+01	 4.2444e+01	 -6.5673e+01	 -6.5673e+01	 -6.5673e+01	 -6.5673e+01	 -6.5673e+01	 -6.5673e+01 -6.5673e+01	 -6.5673e+01	 -6.5673e+01
1.0813e+01	 4.2500e+01	 4.2500e+01	 -6.5673e+01	 -6.5673e+01	 -6.5673e+01	 -6.5673e+01	 -6.5673e+01	 -6.5673e+01 -6.5673e+01	 -6.5673e+01	 -6.5673e+01
1.0933e+01	 4.2555e+01	 4.2555e+01	 -6.5673e+01	 -6.5673e+01	 -6.5673e+01	 -6.5673e+01	 -6.5673e+01	 -6.5673e+01 -6.5673e+01	 -6.5673e+01	 -6.5673e+01
1.1053e+01	 4.2610e+01	 4.2610e+01	 -6.5673e+01	 -6.5673e+01	 -6.5673e+01	 -6.5673e+01	 -6.5673e+01	 -6.5673e+01 -6.5673e+01	 -6.5673e+01	 -6.5673e+01
1.1173e+01	 4.2665e+01	 4.2665e+01	 -6.5673e+01	 -6.5673e+01	 -6.5673e+01	 -6.5673e+01	 -6.5673e+01	 -6.5673e+01 -6.5673e+01	 -6.5673e+01	 -6.5673e+01
1.1293e+01	 4.2720e+01	 4.2720e+01	 -6.5673e+01	 -6.5673e+01	 -6.5673e+01	 -6.5673e+01	 -6.5673e+01	 -6.5673e+01 -6.5673e+01	 -6.5673e+01	 -6.5673e+01
1.1413e+01	 4.2776e+01	 4.2776e+01	 -6.5673e+01	 -6.5673e+01	 -6.5673e+01	 -6.5673e+01	 -6.5673e+01	 -6.5673e+01 -6.5673e+01	 -6.5673e+01	 -6.5673e+01
1.1533e+01	 4.2831e+01	 4.2831e+01	 -6.5673e+01	 -6.5673e+01	 -6.5673e+01	 -6.5673e+01	 -6.5673e+01	 -6.5673e+01 -6.5673e+01	 -6.5673e+01	 -6.5673e+01
1.1653e+01	 4.2886e+01	 4.2886e+01	 -6.5673e+01	 -6.5673e+01	 -6.5673e+01	 -6.5673e+01	 -6.5673e+01	 -6.5673e+01 -6.5673e+01	 -6.5673e+01	 -6.5673e+01
1.1773e+01	 4.2941e+01	 4.2941e+01	 -6.5673e+01	 -6.5673e+01	 -6.5673e+01	 -6.5673e+01	 -6.5673e+01	 -6.5673e+01 -6.5673e+01	 -6.5673e+01	 -6.5673e+01
1.1893e+01	 4.2996e+01	 4.2996e+01	 -6.5673e+01	 -6.5673e+01	 -6.5673e+01	 -6.5673e+01	 -6.5673e+01	 -6.5673e+01 -6.5673e+01	 -6.5673e+01	 -6.5673e+01
1.2013e+01	 4.3051e+01	 4.3051e+01	 -6.5673e+01	 -6.5673e+01	 -6.5673e+01	 -6.5673e+01	 -6.5673e+01	 -6.5673e+01 -6.5673e+01	 -6.5673e+01	 -6.5673e+01
1.2133e+01	 4.3106e+01	 4.3106e+01	 -6.5673e+01	 -6.5673e+01	 -6.5673e+01	 -6.5673e+01	 -6.5673e+01	 -6.5673e+01 -6.5673e+01	 -6.5673e+01	 -6.5673e+01
1.2253e+01	 4.3161e+01	 4.3161e+01	 -6.5673e+01	 -6.5673e+01	 -6.5673e+01	 -6.5673e+01	 -6.5673e+01	 -6.5673e+01 -6.5673e+01	 -6.5673e+01	 -6.5673e+01
1.2373e+01	 4.3216e+01	 4.3216e+01	 -6.5673e+01	 -6.5673e+01	 -6.5673e+01	 -6.5673e+01	 -6.5673e+01	 -6.5673e+01 -6.5673e+01	 -6.5673e+01	 -6.5673e+01
1.2493e+01	 4.3272e+01	 4.3272e+01	 -6.5673e+01	 -6.5673e+01	 -6.5673e+01	 -6.5673e+01	 -6.5673e+01	 -6.5673e+01 -6.5673e+01	 -6.5673e+01	 -6.5673e+01
1.2613e+01	 4.3327e+01	 4.3327e+01	 -6.5673e+01	 -6.5673e+01	 -6.5673e+01	 -6.5673e+01	 -6.5673e+01	 -6.5673e+01 -6.5673e+01	 -6.5673e+01	 -6.5673e+01
1.2733e+01	 4.3382e+01	 4.3382e+01	 -6.5673e+01	 -6.5673e+01	 -6.5673e+01	 -6.5673e+01	 -6.5673e+01	 -6.5673e+01 -6.5673e+01	 -6.5673e+01	 -6.5673e+01
1.2853e+01	 4.3437e+01	 4.3437e+01	 -6.5673e+01	 -6.5673e+01	 -6.5673e+01	 -6.5673e+01	 -6.5673e+01	 -6.5673e+01 -6.5673e+01	 -6.5673e+01	 -6.5673e+01
1.2973e+01	 4.3492e+01	 4.3492e+01	 -6.5673e+01	 -6.5673e+01	 -6.5673e+01	 -6.5673e+01	 -6.5673e+01	 -6.5673e+01 -6.5673e+01	 -6.5673e+01	 -6.5673e+01
1.3093e+01	 4.3547e+01	 4.3547e+01	 -6.5673e+01	 -6.5673e+01	 -6.5673e+01	 -6.5673e+01	 -6.5673e+01	 -6.5673e+01 -6.5673e+01	 -6.5673e+01	 -6.5673e+01
1.3213e+01	 4.3602e+01	 4.3602e+01	 -6.5673e+01	 -6.5673e+01	 -6.5673e+01	 -6.5673e+01	 -6.5673e+01	 -6.5673e+01 -6.5673e+01	 -6.5673e+01	 -6.5673e+01
1.3333e+01	 4.3657e+01	 4.3657e+01	 -6.5673e+01	 -6.5673e+01	 -6.5673e+01	 -6.5673e+01	 -6.5673e+01	 -6.5673e+01 -6.5673e+01	 -6.5673e+01	 -6.5673e+01
1.3453e+01	 4.3712e+01	 4.3712e+01	 -6.5673e+01	 -6.5673e+01	 -6.5673e+01	 -6.5673e+01	 -6.5673e+01	 -6.5673e+01 -6.5673e+01	 -6.5673e+01	 -6.5673e+01
1.3573e+01	 4.3766e+01	 4.3766e+01	 -6.5673e+01	 -6.5673e+01	 -6.5673e+01	 -6.5673e+01	 -6.5673e+01	 -6.5673e+01 -6.5673e+01	 -6.5673e+01	 -6.5673e+01
1.3693e+01	 4.3821e+01	 4.3821e+01	 -6.5673e+01	 -6.5673e+01	 -6.5673e+01	 -6.5673e+01	 -6.5673e+01	 -6.5673e+01 -6.5673e+01	 -6.5673e+01	 -6.5673e+01
1.3813e+01	 4.3876e+01	 4.3876e+01	 -6.5673e+01	 -6.5673e+01	 -6.5673e+01	 -6.5673e+01	 -6.5673e+01	 -6.5673e+01 -6.5673e+01	 -6.5673e+01	 -6.5673e+01
1.3933e+01	 4.3930e+01	 4.3930e+01	 -6.5673e+01	 -6.5673e+01	 -6.5673e+01	 -6.5673e+01	 -6.5673e+01	 -6.5673e+01 -6.5673e+01	 -6.5673e+01	 -6.5673e+01
1.4053e+01	 4.3985e+01	 4.3985e+01	 -6.5673e+01	 -6.5673e+01	 -6.5673e+01	 -6.5673e+01	 -6.5673e+01	 -6.5673e+01 -6.5673e+01	 -6.5673e+01	 -6.5673e+01
1.4173e+01	 4.4039e+01	 4.4039e+01	 -6.5673e+01	 -6.5673e+01	 -6.5673e+01	 -6.5673e+01	 -6.5673e+01	 -6.5673e+01 -6.5673e+01	 -6.5673e+01	 -6.5673e+01
1.4293e+01	 4.4093e+01	 4.4093e+01	 -6.5673e+01	 -6.5673e+01	 -6.5673e+01	 -6.5673e+01	 -6.5673e+01	 -6.5673e+01 -6.5673e+01	 -6.5673e+01	 -6.5673e+01
1.4413e+01	 4.4146e+01	 4.4146e+01	 -6.5673e+01	 -6.5673e+01	 -6.5673e+01	 -6.5673e+01	 -6.5673e+01	 -6.5673e+01 -6.5673e+01	 -6.5673e+01	 -6.5673e+01
1.4533e+01	 4.4199e+01	 4.4199e+01	 -6.5673e+01	 -6.5673e+01	 -6.5673e+01	 -6.5673e+01	 -6.5673e+01	 -6.5673e+01 -6.5673e+01	 -6.5673e+01	 -6.5673e+01
1.4653e+01	 4.4252e+01	 4.4252e+01	 -6.5673e+01	 -6.5673e+01	 -6.5673e+01	 -6.5673e+01	 -6.5673e+01	 -6.5673e+01 -6.5673e+01	 -6.5673e+01	 -6.5673e+01
1.4773e+01	 4.4304e+01	 4.4304e+01	 -6.5673e+01	 -6.5673e+01	 -6.5673e+01	 -6.5673e+01	 -6.5673e+01	 -6.5673e+01 -6.5673e+01	 -6.5673e+01	 -6.5673e+01
1.4893e+01	 4.4355e+01	 4.4355e+01	 -6.5673e+01	 -6.5673e+01	 -6.5673e+01	 -6.5673e+01	 -6.5673e+01	 -6.5673e+01 -6.5673e+01	 -6.5673e+01	 -6.5673e+01
1.5013e+01	 4.4405e+01	 4.4405e+01	 -6.5673e+01	 -6.5673e+01	 -6.5673e+01	 -6.5673e+01	 -6.5673e+01	 -6.5673e+01 -6.5673e+01	 -6.5673e+01	 -6.5673e+01
1.5133e+01	 4.4454e+01	 4.4454e+01	 -6.5673e+01	 -6.5673e+01	 -6.5673e+01	 -6.5673e+01	 -6.5673e+01	 -6.5673e+01 -6.5673e+01	 -6.5673e+01	 -6.5673e+01
1.5253e+01	 4.4501e+01	 4.4501e+01	 -6.5673e+01	 -6.5673e+01	 -6.5673e+01	 -6.5673e+01	 -6.5673e+01	 -6.5673e+01 -6.5673e+01	 -6.5673e+01	 -6.5673e+01
1.5373e+01	 4.4547e+01	 4.4547e+01	 -6.5673e+01	 -6.5673e+01	 -6.5673e+01	 -6.5673e+01	 -6.5673e+01	 -6.5673e+01 -6.5673e+01	 -6.5673e+01	 -6.5673e+01
1.5493e+01	 4.4590e+01	 4.4590e+01	 -6.5673e+01	 -6.5673e+01	 -6.5673e+01	 -6.5673e+01	 -6.5673e+01	 -6.5673e+01 -6.5673e+01	 -6.5673e+01	 -6.5673e+01
1.5613e+01	 4.4632e+01	 4.4632e+01	 -6.5673e+01	 -6.5673e+01	 -6.5673e+01	 -6.5673e+01	 -6.5673e+01	 -6.5673e+01 -6.5673e+01	 -6.5673e+01	 -6.5673e+01
1.5733e+01	 4.4668e+01	 4.4668e+01	 -6.5673e+01	 -6.5673e+01	 -6.5673e+01	 -6.5673e+01	 -6.5673e+01	 -6.5673e+01 -6.5673e+01	 -6.5673e+01	 -6.5673e+01
1.5853e+01	 4.4704e+01	 4.4704e+01	 -6.5673e+01	 -6.5673e+01	 -6.5673e+01	 -6.5673e+01	 -6.5673e+01	 -6.5673e+01 -6.5673e+01	 -6.5673e+01	 -6.5673e+01
1.5973e+01	 4.4733e+01	 4.4733e+01	 -6.5673e+01	 -6.5673e+01	 -6.5673e+01	 -6.5673e+01	 -6.5673e+01	 -6.5673e+01 -6.5673e+01	 -6.5673e+01	 -6.5673e+01
1.6093e+01	 4.4760e+01	 4.4760e+01	 -6.5673e+01	 -6.5673e+01	 -6.5673e+01	 -6.5673e+01	 -6.5673e+01	 -6.5673e+01 -6.5673e+01	 -6.5673e+01	 -6.5673e+01
1.6213e+01	 4.4783e+01	 4.4783e+01	 -6.5673e+01	 -6.5673e+01	 -6.5673e+01	 -6.5673e+01	 -6.5673e+01	 -6.5673e+01 -6.5673e+01	 -6.5673e+01	 -6.5673e+01
1.6333e+01	 4.4800e+01	 4.4800e+01	 -6.5673e+01	 -6.5673e+01	 -6.5673e+01	 -6.5673e+01	 -6.5673e+01	 -6.5673e+01 -6.5673e+01	 -6.5673e+01	 -6.5673e+01
1.6453e+01	 4.4815e+01	 4.4815e+01	 -6.5673e+01	 -6.5673e+01	 -6.5673e+01	 -6.5673e+01	 -6.5673e+01	 -6.5673e+01 -6.5673e+01	 -6.5673e+01	 -6.5673e+01
1.6573e+01	 4.4821e+01	 4.4821e+01	 -6.5673e+01	 -6.5673e+01	 -6.5673e+01	 -6.5673e+01	 -6.5673e+01	 -6.5673e+01 -6.5673e+01	 -6.5673e+01	 -6.5673e+01
1.6693e+01	 4.4827e+01	 4.4827e+01	 -6.5673e+01	 -6.5673e+01	 -6.5673e+01	 -6.5673e+01	 -6.5673e+01	 -6.5673e+01 -6.5673e+01	 -6.5673e+01	 -6.5673e+01
1.6813e+01	 4.4824e+01	 4.4824e+01	 3.8367e+01	 -6.5673e+01	 -6.5673e+01	 -6.5673e+01	 -6.5673e+01	 -6.5673e+01 -6.5673e+01	 -6.5673e+01	 -6.5673e+01
1.6933e+01	 4.4819e+01	 4.4819e+01	 3.8427e+01	 -6.5673e+01	 -6.5673e+01	 -6.5673e+01	 -6.5673e+01	 -6.5673e+01 -6.5673e+01	 -6.5673e+01	 -6.5673e+01
1.7053e+01	 4.4808e+01	 4.4808e+01	 3.8486e+01	 -6.5673e+01	 -6.5673e+01	 -6.5673e+01	 -6.5673e+01	 -6.5673e+01 -6.5673e+01	 -6.5673e+01	 -6.5673e+01
1.7173e+01	 4.4792e+01	 4.4792e+01	 3.8546e+01	 -6.5673e+01	 -6.5673e+01	 -6.5673e+01	 -6.5673e+01	 -6.5673e+01 -6.5673e+01	 -6.5673e+01	 -6.5673e+01
1.7293e+01	 4.4773e+01	 4.4773e+01	 3.8605e+01	 -6.5673e+01	 -6.5673e+01	 -6.5673e+01	 -6.5673e+01	 -6.5673e+01 -6.5673e+01	 -6.5673e+01	 -6.5673e+01
1.7413e+01	 4.4746e+01	 4.4746e+01	 3.8663e+01	 -6.5673e+01	 -6.5673e+01	 -6.5673e+01	 -6.5673e+01	 -6.5673e+01 -6.5673e+01	 -6.5673e+01	 -6.5673e+01
1.7533e+01	 4.4718e+01	 4.4718e+01	 3.8721e+01	 -6.5673e+01	 -6.5673e+01	 -6.5673e+01	 -6.5673e+01	 -6.5673e+01 -6.5673e+01	 -6.5673e+01	 -6.5673e+01
1.7653e+01	 4.4680e+01	 4.4680e+01	 3.8778e+01	 -6.5673e+01	 -6.5673e+01	 -6.5673e+01	 -6.5673e+01	 -6.5673e+01 -6.5673e+01	 -6.5673e+01	 -6.5673e+01
1.7773e+01	 4.4642e+01	 4.4642e+01	 3.8836e+01	 -6.5673e+01	 -6.5673e+01	 -6.5673e+01	 -6.5673e+01	 -6.5673e+01 -6.5673e+01	 -6.5673e+01	 -6.5673e+01
1.7893e+01	 4.4594e+01	 4.4594e+01	 3.8893e+01	 -6.5673e+01	 -6.5673e+01	 -6.5673e+01	 -6.5673e+01	 -6.5673e+01 -6.5673e+01	 -6.5673e+01	 -6.5673e+01
1.8013e+01	 4.4544e+01	 4.4544e+01	 3.8949e+01	 -6.5673e+01	 -6.5673e+01	 -6.5673e+01	 -6.5673e+01	 -6.5673e+01 -6.5673e+01	 -6.5673e+01	 -6.5673e+01
1.8133e+01	 4.4487e+01	 4.4487e+01	 3.9006e+01	 -6.5673e+01	 -6.5673e+01	 -6.5673e+01	 -6.5673e+01	 -6.5673e+01 -6.5673e+01	 -6.5673e+01	 -6.5673e+01
1.8253e+01	 4.4423e+01	 4.4423e+01	 3.9062e+01	 -6.5673e+01	 -6.5673e+01	 -6.5673e+01	 -6.5673e+01	 -6.5673e+01 -6.5673e+01	 -6.5673e+01	 -6.5673e+01
1.8373e+01	 4.4355e+01	 4.4355e+01	 3.9117e+01	 -6.5673e+01	 -6.5673e+01	 -6.5673e+01	 -6.5673e+01	 -6.5673e+01 -6.5673e+01	 -6.5673e+01	 -6.5673e+01
1.8493e+01	 4.4274e+01	 4.4274e+01	 3.9173e+01	 -6.5673e+01	 -6.5673e+01	 -6.5673e+01	 -6.5673e+01	 -6.5673e+01 -6.5673e+01	 -6.5673e+01	 -6.5673e+01
1.8613e+01	 4.4192e+01	 4.4192e+01	 3.9228e+01	 -6.5673e+01	 -6.5673e+01	 -6.5673e+01	 -6.5673e+01	 -6.5673e+01 -6.5673e+01	 -6.5673e+01	 -6.5673e+01
1.8733e+01	 4.4084e+01	 4.4084e+01	 3.9283e+01	 -6.5673e+01	 -6.5673e+01	 -6.5673e+01	 -6.5673e+01	 -6.5673e+01 -6.5673e+01	 -6.5673e+01	 -6.5673e+01
1.8853e+01	 4.3974e+01	 4.3974e+01	 3.9337e+01	 -6.5673e+01	 -6.5673e+01	 -6.5673e+01	 -6.5673e+01	 -6.5673e+01 -6.5673e+01	 -6.5673e+01	 -6.5673e+01
1.8973e+01	 4.3830e+01	 4.3830e+01	 3.9392e+01	 -6.5673e+01	 -6.5673e+01	 -6.5673e+01	 -6.5673e+01	 -6.5673e+01 -6.5673e+01	 -6.5673e+01	 -6.5673e+01
1.9093e+01	 4.3667e+01	 4.3667e+01	 3.9445e+01	 -6.5673e+01	 -6.5673e+01	 -6.5673e+01	 -6.5673e+01	 -6.5673e+01 -6.5673e+01	 -6.5673e+01	 -6.5673e+01
1.9213e+01	 4.3466e+01	 4.3466e+01	 3.9499e+01	 -6.5673e+01	 -6.5673e+01	 -6.5673e+01	 -6.5673e+01	 -6.5673e+01 -6.5673e+01	 -6.5673e+01	 -6.5673e+01
1.9333e+01	 4.3196e+01	 4.3196e+01	 3.9552e+01	 -6.5673e+01	 -6.5673e+01	 -6.5673e+01	 -6.5673e+01	 -6.5673e+01 -6.5673e+01	 -6.5673e+01	 -6.5673e+01
1.9453e+01	 4.2911e+01	 4.2910e+01	 3.9604e+01	 -6.5673e+01	 -6.5673e+01	 -6.5673e+01	 -6.5673e+01	 -6.5673e+01 -6.5673e+01	 -6.5673e+01	 -6.5673e+01
1.9573e+01	 4.2431e+01	 4.2430e+01	 3.9656e+01	 -6.5673e+01	 -6.5673e+01	 -6.5673e+01	 -6.5673e+01	 -6.5673e+01 -6.5673e+01	 -6.5673e+01	 -6.5673e+01
1.9693e+01	 4.1952e+01	 4.1950e+01	 3.9708e+01	 -6.5673e+01	 -6.5673e+01	 -6.5673e+01	 -6.5673e+01	 -6.5673e+01 -6.5673e+01	 -6.5673e+01	 -6.5673e+01
1.9813e+01	 4.1165e+01	 4.1147e+01	 3.9759e+01	 -6.5673e+01	 -6.5673e+01	 -6.5673e+01	 -6.5673e+01	 -6.5673e+01 -6.5673e+01	 -6.5673e+01	 -6.5673e+01
1.9933e+01	 4.0392e+01	 4.0261e+01	 3.9809e+01	 -6.5673e+01	 -6.5673e+01	 -6.5673e+01	 -6.5673e+01	 -6.5673e+01 -6.5673e+01	 -6.5673e+01	 -6.5673e+01
2.0053e+01	 3.9913e+01	 3.8980e+01	 3.9859e+01	 -6.5673e+01	 -6.5673e+01	 -6.5673e+01	 -6.5673e+01	 -6.5673e+01 -6.5673e+01	 -6.5673e+01	 -6.5673e+01
2.0173e+01	 3.9909e+01	 3.7323e+01	 3.9908e+01	 -6.5673e+01	 -6.5673e+01	 -6.5673e+01	 -6.5673e+01	 -6.5673e+01 -6.5673e+01	 -6.5673e+01	 -6.5673e+01
2.0293e+01	 3.9957e+01	 3.5329e+01	 3.9957e+01	 -6.5673e+01	 -6.5673e+01	 -6.5673e+01	 -6.5673e+01	 -6.5673e+01 -6.5673e+01	 -6.5673e+01	 -6.5673e+01
2.0413e+01	 4.0005e+01	 3.2217e+01	 4.0005e+01	 -6.5673e+01	 -6.5673e+01	 -6.5673e+01	 -6.5673e+01	 -6.5673e+01 -6.5673e+01	 -6.5673e+01	 -6.5673e+01
2.0533e+01	 4.0053e+01	 2.9104e+01	 4.0053e+01	 -6.5673e+01	 -6.5673e+01	 -6.5673e+01	 -6.5673e+01	 -6.5673e+01 -6.5673e+01	 -6.5673e+01	 -6.5673e+01
2.0653e+01	 4.0101e+01	 2.3385e+01	 4.0101e+01	 -6.5673e+01	 -6.5673e+01	 -6.5673e+01	 -6.5673e+01	 -6.5673e+01 -6.5673e+01	 -6.5673e+01	 -6.5673e+01
2.0773e+01	 4.0148e+01	 1.7528e+01	 4.0148e+01	 -6.5673e+01	 -6.5673e+01	 -6.5673e+01	 -6.5673e+01	 -6.5673e+01 -6.5673e+01	 -6.5673e+01	 -6.5673e+01
2.0893e+01	 4.0195e+01	 -6.5673e+01	 4.0195e+01	 -6.5673e+01	 -6.5673e+01	 -6.5673e+01	 -6.5673e+01	 -6.5673e+01 -6.5673e+01	 -6.5673e+01	 -6.5673e+01
2.1013e+01	 4.0241e+01	 -6.5673e+01	 4.0241e+01	 -6.5673e+01	 -6.5673e+01	 -6.5673e+01	 -6.5673e+01	 -6.5673e+01 -6.5673e+01	 -6.5673e+01	 -6.5673e+01
2.1133e+01	 4.0287e+01	 -6.5673e+01	 4.0287e+01	 -6.5673e+01	 -6.5673e+01	 -6.5673e+01	 -6.5673e+01	 -6.5673e+01 -6.5673e+01	 -6.5673e+01	 -6.5673e+01
2.1253e+01	 4.0333e+01	 -6.5673e+01	 4.0333e+01	 -6.5673e+01	 -6.5673e+01	 -6.5673e+01	 -6.5673e+01	 -6.5673e+01 -6.5673e+01	 -6.5673e+01	 -6.5673e+01
2.1373e+01	 4.0378e+01	 -6.5673e+01	 4.0378e+01	 -6.5673e+01	 -6.5673e+01	 -6.5673e+01	 -6.5673e+01	 -6.5673e+01 -6.5673e+01	 -6.5673e+01	 -6.5673e+01
2.1493e+01	 4.0424e+01	 -6.5673e+01	 4.0424e+01	 -6.5673e+01	 -6.5673e+01	 -6.5673e+01	 -6.5673e+01	 -6.5673e+01 -6.5673e+01	 -6.5673e+01	 -6.5673e+01
2.1613e+01	 4.0468e+01	 -6.5673e+01	 4.0468e+01	 -6.5673e+01	 -6.5673e+01	 -6.5673e+01	 -6.5673e+01	 -6.5673e+01 -6.5673e+01	 -6.5673e+01	 -6.5673e+01
2.1733e+01	 4.0513e+01	 -6.5673e+01	 4.0513e+01	 -6.5673e+01	 -6.5673e+01	 -6.5673e+01	 -6.5673e+01	 -6.5673e+01 -6.5673e+01	 -6.5673e+01	 -6.5673e+01
2.1853e+01	 4.0556e+01	 -6.5673e+01	 4.0556e+01	 -6.5673e+01	 -6.5673e+01	 -6.5673e+01	 -6.5673e+01	 -6.5673e+01 -6.5673e+01	 -6.5673e+01	 -6.5673e+01
2.1973e+01	 4.0600e+01	 -6.5673e+01	 4.0600e+01	 -6.5673e+01	 -6.5673e+01	 -6.5673e+01	 -6.5673e+01	 -6.5673e+01 -6.5673e+01	 -6.5673e+01	 -6.5673e+01
2.2093e+01	 4.0643e+01	 -6.5673e+01	 4.0643e+01	 -6.5673e+01	 -6.5673e+01	 -6.5673e+01	 -6.5673e+01	 -6.5673e+01 -6.5673e+01	 -6.5673e+01	 -6.5673e+01
2.2213e+01	 4.0686e+01	 -6.5673e+01	 4.0686e+01	 -6.5673e+01	 -6.5673e+01	 -6.5673e+01	 -6.5673e+01	 -6.5673e+01 -6.5673e+01	 -6.5673e+01	 -6.5673e+01
2.2333e+01	 4.0729e+01	 -6.5673e+01	 4.0729e+01	 -6.5673e+01	 -6.5673e+01	 -6.5673e+01	 -6.5673e+01	 -6.5673e+01 -6.5673e+01	 -6.5673e+01	 -6.5673e+01
2.2453e+01	 4.0771e+01	 -6.5673e+01	 4.0771e+01	 -6.5673e+01	 -6.5673e+01	 -6.5673e+01	 -6.5673e+01	 -6.5673e+01 -6.5673e+01	 -6.5673e+01	 -6.5673e+01
2.2573e+01	 4.0812e+01	 -6.5673e+01	 4.0812e+01	 -6.5673e+01	 -6.5673e+01	 -6.5673e+01	 -6.5673e+01	 -6.5673e+01 -6.5673e+01	 -6.5673e+01	 -6.5673e+01
2.2693e+01	 4.0853e+01	 -6.5673e+01	 4.0853e+01	 -6.5673e+01	 -6.5673e+01	 -6.5673e+01	 -6.5673e+01	 -6.5673e+01 -6.5673e+01	 -6.5673e+01	 -6.5673e+01
2.2813e+01	 4.0894e+01	 -6.5673e+01	 4.0894e+01	 -6.5673e+01	 -6.5673e+01	 -6.5673e+01	 -6.5673e+01	 -6.5673e+01 -6.5673e+01	 -6.5673e+01	 -6.5673e+01
2.2933e+01	 4.0934e+01	 -6.5673e+01	 4.0934e+01	 -6.5673e+01	 -6.5673e+01	 -6.5673e+01	 -6.5673e+01	 -6.5673e+01 -6.5673e+01	 -6.5673e+01	 -6.5673e+01
2.3053e+01	 4.0973e+01	 -6.5673e+01	 4.0973e+01	 -6.5673e+01	 -6.5673e+01	 -6.5673e+01	 -6.5673e+01	 -6.5673e+01 -6.5673e+01	 -6.5673e+01	 -6.5673e+01
2.3173e+01	 4.1012e+01	 -6.5673e+01	 4.1012e+01	 -6.5673e+01	 -6.5673e+01	 -6.5673e+01	 -6.5673e+01	 -6.5673e+01 -6.5673e+01	 -6.5673e+01	 -6.5673e+01
2.3293e+01	 4.1049e+01	 -6.5673e+01	 4.1049e+01	 -6.5673e+01	 -6.5673e+01	 -6.5673e+01	 -6.5673e+01	 -6.5673e+01 -6.5673e+01	 -6.5673e+01	 -6.5673e+01
2.3413e+01	 4.1086e+01	 -6.5673e+01	 4.1086e+01	 -6.5673e+01	 -6.5673e+01	 -6.5673e+01	 -6.5673e+01	 -6.5673e+01 -6.5673e+01	 -6.5673e+01	 -6.5673e+01
2.3533e+01	 4.1121e+01	 -6.5673e+01	 4.1121e+01	 -6.5673e+01	 -6.5673e+01	 -6.5673e+01	 -6.5673e+01	 -6.5673e+01 -6.5673e+01	 -6.5673e+01	 -6.5673e+01
2.3653e+01	 4.1156e+01	 -6.5673e+01	 4.1156e+01	 -6.5673e+01	 -6.5673e+01	 -6.5673e+01	 -6.5673e+01	 -6.5673e+01 -6.5673e+01	 -6.5673e+01	 -6.5673e+01
2.3773e+01	 4.1190e+01	 -6.5673e+01	 4.1190e+01	 -6.5673e+01	 -6.5673e+01	 -6.5673e+01	 -6.5673e+01	 -6.5673e+01 -6.5673e+01	 -6.5673e+01	 -6.5673e+01
2.3893e+01	 4.1222e+01	 -6.5673e+01	 4.1222e+01	 -6.5673e+01	 -6.5673e+01	 -6.5673e+01	 -6.5673e+01	 -6.5673e+01 -6.5673e+01	 -6.5673e+01	 -6.5673e+01
2.4013e+01	 4.1253e+01	 -6.5673e+01	 4.1253e+01	 -6.5673e+01	 -6.5673e+01	 -6.5673e+01	 -6.5673e+01	 -6.5673e+01 -6.5673e+01	 -6.5673e+01	 -6.5673e+01
2.4133e+01	 4.1281e+01	 -6.5673e+01	 4.1281e+01	 -6.5673e+01	 -6.5673e+01	 -6.5673e+01	 -6.5673e+01	 -6.5673e+01 -6.5673e+01	 -6.5673e+01	 -6.5673e+01
2.4253e+01	 4.1309e+01	 -6.5673e+01	 4.1309e+01	 -6.5673e+01	 -6.5673e+01	 -6.5673e+01	 -6.5673e+01	 -6.5673e+01 -6.5673e+01	 -6.5673e+01	 -6.5673e+01
2.4373e+01	 4.1333e+01	 -6.5673e+01	 4.1333e+01	 -6.5673e+01	 -6.5673e+01	 -6.5673e+01	 -6.5673e+01	 -6.5673e+01 -6.5673e+01	 -6.5673e+01	 -6.5673e+01
2.4493e+01	 4.1356e+01	 -6.5673e+01	 4.1356e+01	 -6.5673e+01	 -6.5673e+01	 -6.5673e+01	 -6.5673e+01	 -6.5673e+01 -6.5673e+01	 -6.5673e+01	 -6.5673e+01
2.4613e+01	 4.1376e+01	 -6.5673e+01	 4.1376e+01	 -6.5673e+01	 -6.5673e+01	 -6.5673e+01	 -6.5673e+01	 -6.5673e+01 -6.5673e+01	 -6.5673e+01	 -6.5673e+01
2.4733e+01	 4.1391e+01	 -6.5673e+01	 4.1391e+01	 -6.5673e+01	 -6.5673e+01	 -6.5673e+01	 -6.5673e+01	 -6.5673e+01 -6.5673e+01	 -6.5673e+01	 -6.5673e+01
2.4853e+01	 4.1406e+01	 -6.5673e+01	 4.1406e+01	 -6.5673e+01	 -6.5673e+01	 -6.5673e+01	 -6.5673e+01	 -6.5673e+01 -6.5673e+01	 -6.5673e+01	 -6.5673e+01
2.4973e+01	 4.1412e+01	 -6.5673e+01	 4.1412e+01	 -6.5673e+01	 -6.5673e+01	 -6.5673e+01	 -6.5673e+01	 -6.5673e+01 -6.5673e+01	 -6.5673e+01	 -6.5673e+01
2.5093e+01	 4.1418e+01	 -6.5673e+01	 4.1418e+01	 -6.5673e+01	 -6.5673e+01	 -6.5673e+01	 -6.5673e+01	 -6.5673e+01 -6.5673e+01	 -6.5673e+01	 -6.5673e+01
2.5213e+01	 4.1414e+01	 -6.5673e+01	 4.1414e+01	 -6.5673e+01	 -6.5673e+01	 -6.5673e+01	 -6.5673e+01	 -6.5673e+01 -6.5673e+01	 -6.5673e+01	 -6.5673e+01
2.5333e+01	 4.1407e+01	 -6.5673e+01	 4.1407e+01	 -6.5673e+01	 -6.5673e+01	 -6.5673e+01	 -6.5673e+01	 -6.5673e+01 -6.5673e+01	 -6.5673e+01	 -6.5673e+01
2.5453e+01	 4.1393e+01	 -6.5673e+01	 4.1393e+01	 -6.5673e+01	 -6.5673e+01	 -6.5673e+01	 -6.5673e+01	 -6.5673e+01 -6.5673e+01	 -6.5673e+01	 -6.5673e+01
2.5573e+01	 4.1367e+01	 -6.5673e+01	 4.1367e+01	 -6.5673e+01	 -6.5673e+01	 -6.5673e+01	 -6.5673e+01	 -6.5673e+01 -6.5673e+01	 -6.5673e+01	 -6.5673e+01
2.5693e+01	 4.1341e+01	 -6.5673e+01	 4.1341e+01	 -6.5673e+01	 -6.5673e+01	 -6.5673e+01	 -6.5673e+01	 -6.5673e+01 -6.5673e+01	 -6.5673e+01	 -6.5673e+01
2.5813e+01	 4.1291e+01	 -6.5673e+01	 4.1291e+01	 -6.5673e+01	 -6.5673e+01	 -6.5673e+01	 -6.5673e+01	 -6.5673e+01 -6.5673e+01	 -6.5673e+01	 -6.5673e+01
2.5933e+01	 4.1240e+01	 -6.5673e+01	 4.1240e+01	 -6.5673e+01	 -6.5673e+01	 -6.5673e+01	 -6.5673e+01	 -6.5673e+01 -6.5673e+01	 -6.5673e+01	 -6.5673e+01
2.6053e+01	 4.1170e+01	 -6.5673e+01	 4.1170e+01	 -6.5673e+01	 -6.5673e+01	 -6.5673e+01	 -6.5673e+01	 -6.5673e+01 -6.5673e+01	 -6.5673e+01	 -6.5673e+01
2.6173e+01	 4.1089e+01	 -6.5673e+01	 4.1089e+01	 -6.5673e+01	 -6.5673e+01	 -6.5673e+01	 -6.5673e+01	 -6.5673e+01 -6.5673e+01	 -6.5673e+01	 -6.5673e+01
2.6293e+01	 4.0997e+01	 -6.5673e+01	 4.0997e+01	 -6.5673e+01	 -6.5673e+01	 -6.5673e+01	 -6.5673e+01	 -6.5673e+01 -6.5673e+01	 -6.5673e+01	 -6.5673e+01
2.6413e+01	 4.0878e+01	 -6.5673e+01	 4.0878e+01	 -6.5673e+01	 -6.5673e+01	 -6.5673e+01	 -6.5673e+01	 -6.5673e+01 -6.5673e+01	 -6.5673e+01	 -6.5673e+01
2.6533e+01	 4.0759e+01	 -6.5673e+01	 4.0759e+01	 -6.5673e+01	 -6.5673e+01	 -6.5673e+01	 -6.5673e+01	 -6.5673e+01 -6.5673e+01	 -6.5673e+01	 -6.5673e+01
2.6653e+01	 4.0596e+01	 -6.5673e+01	 4.0596e+01	 -6.5673e+01	 -6.5673e+01	 -6.5673e+01	 -6.5673e+01	 -6.5673e+01 -6.5673e+01	 -6.5673e+01	 -6.5673e+01
2.6773e+01	 4.0431e+01	 -6.5673e+01	 4.0431e+01	 -6.5673e+01	 -6.5673e+01	 -6.5673e+01	 -6.5673e+01	 -6.5673e+01 -6.5673e+01	 -6.5673e+01	 -6.5673e+01
2.6893e+01	 4.0220e+01	 -6.5673e+01	 4.0220e+01	 -6.5673e+01	 -6.5673e+01	 -6.5673e+01	 -6.5673e+01	 -6.5673e+01 -6.5673e+01	 -6.5673e+01	 -6.5673e+01
2.7013e+01	 3.9980e+01	 -6.5673e+01	 3.9980e+01	 -6.5673e+01	 -6.5673e+01	 -6.5673e+01	 -6.5673e+01	 -6.5673e+01 -6.5673e+01	 -6.5673e+01	 -6.5673e+01
2.7133e+01	 3.9673e+01	 -6.5673e+01	 3.9673e+01	 -6.5673e+01	 -6.5673e+01	 -6.5673e+01	 -6.5673e+01	 -6.5673e+01 -6.5673e+01	 -6.5673e+01	 -6.5673e+01
2.7253e+01	 3.9175e+01	 -6.5673e+01	 3.9175e+01	 -6.5673e+01	 -6.5673e+01	 -6.5673e+01	 -6.5673e+01	 -6.5673e+01 -6.5673e+01	 -6.5673e+01	 -6.5673e+01
2.7373e+01	 3.8676e+01	 -6.5673e+01	 3.8676e+01	 -6.5673e+01	 -6.5673e+01	 -6.5673e+01	 -6.5673e+01	 -6.5673e+01 -6.5673e+01	 -6.5673e+01	 -6.5673e+01
2.7493e+01	 -2.2090e+00	 -6.5673e+01	 -2.2090e+00	 -6.5673e+01	 -6.5673e+01	 -6.5673e+01	 -6.5673e+01	 -6.5673e+01 -6.5673e+01	 -6.5673e+01	 -6.5673e+01
2.7613e+01	 -4.6758e+01	 -6.5673e+01	 -4.6758e+01	 -6.5673e+01	 -6.5673e+01	 -6.5673e+01	 -6.5673e+01	 -6.5673e+01 -6.5673e+01	 -6.5673e+01	 -6.5673e+01
2.7733e+01	 -6.5673e+01	 -6.5673e+01	 -6.5673e+01	 -6.5673e+01	 -6.5673e+01	 -6.5673e+01	 -6.5673e+01	 -6.5673e+01 -6.5673e+01	 -6.5673e+01	 -6.5673e+01
2.7853e+01	 -6.5673e+01	 -6.5673e+01	 -6.5673e+01	 -6.5673e+01	 -6.5673e+01	 -6.5673e+01	 -6.5673e+01	 -6.5673e+01 -6.5673e+01	 -6.5673e+01	 -6.5673e+01
2.7973e+01	 -6.5673e+01	 -6.5673e+01	 -6.5673e+01	 -6.5673e+01	 -6.5673e+01	 -6.5673e+01	 -6.5673e+01	 -6.5673e+01 -6.5673e+01	 -6.5673e+01	 -6.5673e+01
2.8093e+01	 -6.5673e+01	 -6.5673e+01	 -6.5673e+01	 -6.5673e+01	 -6.5673e+01	 -6.5673e+01	 -6.5673e+01	 -6.5673e+01 -6.5673e+01	 -6.5673e+01	 -6.5673e+01
2.8213e+01	 -6.5673e+01	 -6.5673e+01	 -6.5673e+01	 -6.5673e+01	 -6.5673e+01	 -6.5673e+01	 -6.5673e+01	 -6.5673e+01 -6.5673e+01	 -6.5673e+01	 -6.5673e+01
2.8333e+01	 -6.5673e+01	 -6.5673e+01	 -6.5673e+01	 -6.5673e+01	 -6.5673e+01	 -6.5673e+01	 -6.5673e+01	 -6.5673e+01 -6.5673e+01	 -6.5673e+01	 -6.5673e+01
2.8453e+01	 -6.5673e+01	 -6.5673e+01	 -6.5673e+01	 -6.5673e+01	 -6.5673e+01	 -6.5673e+01	 -6.5673e+01	 -6.5673e+01 -6.5673e+01	 -6.5673e+01	 -6.5673e+01
2.8573e+01	 -6.5673e+01	 -6.5673e+01	 -6.5673e+01	 -6.5673e+01	 -6.5673e+01	 -6.5673e+01	 -6.5673e+01	 -6.5673e+01 -6.5673e+01	 -6.5673e+01	 -6.5673e+01
2.8693e+01	 -6.5673e+01	 -6.5673e+01	 -6.5673e+01	 -6.5673e+01	 -6.5673e+01	 -6.5673e+01	 -6.5673e+01	 -6.5673e+01 -6.5673e+01	 -6.5673e+01	 -6.5673e+01
2.8813e+01	 -6.5673e+01	 -6.5673e+01	 -6.5673e+01	 -6.5673e+01	 -6.5673e+01	 -6.5673e+01	 -6.5673e+01	 -6.5673e+01 -6.5673e+01	 -6.5673e+01	 -6.5673e+01
2.8933e+01	 -6.5673e+01	 -6.5673e+01	 -6.5673e+01	 -6.5673e+01	 -6.5673e+01	 -6.5673e+01	 -6.5673e+01	 -6.5673e+01 -6.5673e+01	 -6.5673e+01	 -6.5673e+01
2.9053e+01	 -6.5673e+01	 -6.5673e+01	 -6.5673e+01	 -6.5673e+01	 -6.5673e+01	 -6.5673e+01	 -6.5673e+01	 -6.5673e+01 -6.5673e+01	 -6.5673e+01	 -6.5673e+01
2.9173e+01	 -6.5673e+01	 -6.5673e+01	 -6.5673e+01	 -6.5673e+01	 -6.5673e+01	 -6.5673e+01	 -6.5673e+01	 -6.5673e+01 -6.5673e+01	 -6.5673e+01	 -6.5673e+01
2.9293e+01	 -6.5673e+01	 -6.5673e+01	 -6.5673e+01	 -6.5673e+01	 -6.5673e+01	 -6.5673e+01	 -6.5673e+01	 -6.5673e+01 -6.5673e+01	 -6.5673e+01	 -6.5673e+01
2.9413e+01	 -6.5673e+01	 -6.5673e+01	 -6.5673e+01	 -6.5673e+01	 -6.5673e+01	 -6.5673e+01	 -6.5673e+01	 -6.5673e+01 -6.5673e+01	 -6.5673e+01	 -6.5673e+01
2.9533e+01	 -6.5673e+01	 -6.5673e+01	 -6.5673e+01	 -6.5673e+01	 -6.5673e+01	 -6.5673e+01	 -6.5673e+01	 -6.5673e+01 -6.5673e+01	 -6.5673e+01	 -6.5673e+01
2.9653e+01	 -6.5673e+01	 -6.5673e+01	 -6.5673e+01	 -6.5673e+01	 -6.5673e+01	 -6.5673e+01	 -6.5673e+01	 -6.5673e+01 -6.5673e+01	 -6.5673e+01	 -6.5673e+01
2.9773e+01	 -6.5673e+01	 -6.5673e+01	 -6.5673e+01	 -6.5673e+01	 -6.5673e+01	 -6.5673e+01	 -6.5673e+01	 -6.5673e+01 -6.5673e+01	 -6.5673e+01	 -6.5673e+01
2.9893e+01	 -6.5673e+01	 -6.5673e+01	 -6.5673e+01	 -6.5673e+01	 -6.5673e+01	 -6.5673e+01	 -6.5673e+01	 -6.5673e+01 -6.5673e+01	 -6.5673e+01	 -6.5673e+01
