#################################################################
# log(gamma)     log(N(gamma))   gamma     N(gamma)  TeV N(TeV) # 
#################################################################
2.640737e-01	2.619862e+00	1.836850e+00	4.167373e+02	9.386283e-07	8.155346e+08
2.720000e-01	2.603366e+00	1.870682e+00	4.012051e+02	9.559165e-07	7.851388e+08
2.800737e-01	2.586564e+00	1.905784e+00	3.859791e+02	9.738536e-07	7.553423e+08
2.880000e-01	2.570068e+00	1.940886e+00	3.715932e+02	9.917906e-07	7.271898e+08
2.960737e-01	2.553265e+00	1.977305e+00	3.574910e+02	1.010401e-06	6.995925e+08
3.040000e-01	2.536769e+00	2.013724e+00	3.441670e+02	1.029011e-06	6.735180e+08
3.120737e-01	2.519967e+00	2.051510e+00	3.311056e+02	1.048319e-06	6.479575e+08
3.200000e-01	2.503471e+00	2.089296e+00	3.187649e+02	1.067628e-06	6.238075e+08
3.280737e-01	2.486668e+00	2.128500e+00	3.066676e+02	1.087661e-06	6.001336e+08
3.360000e-01	2.470172e+00	2.167704e+00	2.952378e+02	1.107694e-06	5.777660e+08
3.440737e-01	2.453369e+00	2.208379e+00	2.840333e+02	1.128479e-06	5.558394e+08
3.520000e-01	2.436873e+00	2.249055e+00	2.734471e+02	1.149264e-06	5.351227e+08
3.600737e-01	2.420071e+00	2.291256e+00	2.630696e+02	1.170829e-06	5.148144e+08
3.680000e-01	2.403575e+00	2.333458e+00	2.532647e+02	1.192395e-06	4.956267e+08
3.760737e-01	2.386772e+00	2.377244e+00	2.436532e+02	1.214769e-06	4.768174e+08
3.840000e-01	2.370276e+00	2.421029e+00	2.345719e+02	1.237143e-06	4.590459e+08
3.920737e-01	2.353473e+00	2.466458e+00	2.256698e+02	1.260357e-06	4.416248e+08
4.000000e-01	2.336977e+00	2.511886e+00	2.172588e+02	1.283571e-06	4.251650e+08
4.080737e-01	2.320175e+00	2.559020e+00	2.090137e+02	1.307656e-06	4.090297e+08
4.160000e-01	2.303679e+00	2.606154e+00	2.012236e+02	1.331742e-06	3.937847e+08
4.240737e-01	2.286876e+00	2.655056e+00	1.935870e+02	1.356731e-06	3.788403e+08
4.320000e-01	2.270380e+00	2.703958e+00	1.863718e+02	1.381720e-06	3.647206e+08
4.400737e-01	2.253578e+00	2.754696e+00	1.792989e+02	1.407647e-06	3.508792e+08
4.480000e-01	2.237082e+00	2.805434e+00	1.726162e+02	1.433574e-06	3.378015e+08
4.560737e-01	2.220279e+00	2.858075e+00	1.660653e+02	1.460473e-06	3.249818e+08
4.640000e-01	2.203783e+00	2.910717e+00	1.598759e+02	1.487373e-06	3.128693e+08
4.720737e-01	2.186980e+00	2.965334e+00	1.538085e+02	1.515283e-06	3.009958e+08
4.800000e-01	2.170484e+00	3.019952e+00	1.480759e+02	1.543192e-06	2.897773e+08
4.880737e-01	2.153682e+00	3.076619e+00	1.424563e+02	1.572149e-06	2.787801e+08
4.960000e-01	2.137186e+00	3.133286e+00	1.371468e+02	1.601106e-06	2.683897e+08
5.040737e-01	2.120383e+00	3.192079e+00	1.319420e+02	1.631149e-06	2.582041e+08
5.120000e-01	2.103887e+00	3.250873e+00	1.270244e+02	1.661193e-06	2.485806e+08
5.200737e-01	2.087084e+00	3.311873e+00	1.222037e+02	1.692364e-06	2.391468e+08
5.280000e-01	2.070589e+00	3.372873e+00	1.176491e+02	1.723534e-06	2.302335e+08
5.360737e-01	2.053786e+00	3.436162e+00	1.131842e+02	1.755875e-06	2.214960e+08
5.440000e-01	2.037290e+00	3.499452e+00	1.089657e+02	1.788216e-06	2.132406e+08
5.520737e-01	2.020487e+00	3.565116e+00	1.048304e+02	1.821770e-06	2.051480e+08
5.600000e-01	2.003991e+00	3.630781e+00	1.009233e+02	1.855325e-06	1.975019e+08
5.680737e-01	1.987189e+00	3.698909e+00	9.709316e+01	1.890139e-06	1.900066e+08
5.760000e-01	1.970693e+00	3.767038e+00	9.347440e+01	1.924952e-06	1.829248e+08
5.840737e-01	1.953890e+00	3.837723e+00	8.992698e+01	1.961073e-06	1.759827e+08
5.920000e-01	1.937394e+00	3.908409e+00	8.657531e+01	1.997193e-06	1.694237e+08
6.000737e-01	1.920591e+00	3.981747e+00	8.328972e+01	2.034668e-06	1.629939e+08
6.080000e-01	1.904095e+00	4.055085e+00	8.018542e+01	2.072144e-06	1.569190e+08
6.160737e-01	1.887293e+00	4.131176e+00	7.714234e+01	2.111026e-06	1.509638e+08
6.240000e-01	1.870797e+00	4.207266e+00	7.426716e+01	2.149908e-06	1.453372e+08
6.320737e-01	1.853994e+00	4.286212e+00	7.144867e+01	2.190250e-06	1.398216e+08
6.400000e-01	1.837498e+00	4.365158e+00	6.878571e+01	2.230591e-06	1.346103e+08
6.480737e-01	1.820696e+00	4.447067e+00	6.617524e+01	2.272446e-06	1.295017e+08
6.560000e-01	1.804200e+00	4.528976e+00	6.370882e+01	2.314302e-06	1.246751e+08
6.640737e-01	1.787397e+00	4.613958e+00	6.129103e+01	2.357728e-06	1.199436e+08
6.720000e-01	1.770901e+00	4.698941e+00	5.900665e+01	2.401154e-06	1.154731e+08
6.800737e-01	1.754098e+00	4.787113e+00	5.676731e+01	2.446210e-06	1.110909e+08
6.880000e-01	1.737602e+00	4.875285e+00	5.465153e+01	2.491265e-06	1.069504e+08
6.960737e-01	1.720800e+00	4.966766e+00	5.257747e+01	2.538012e-06	1.028916e+08
7.040000e-01	1.704304e+00	5.058247e+00	5.061785e+01	2.584759e-06	9.905668e+07
7.120737e-01	1.687501e+00	5.153161e+00	4.869687e+01	2.633259e-06	9.529741e+07
7.200000e-01	1.671005e+00	5.248075e+00	4.688189e+01	2.681760e-06	9.174558e+07
7.280737e-01	1.654202e+00	5.346551e+00	4.510269e+01	2.732082e-06	8.826377e+07
7.360000e-01	1.637706e+00	5.445027e+00	4.342167e+01	2.782403e-06	8.497409e+07
7.440737e-01	1.620904e+00	5.547198e+00	4.177379e+01	2.834612e-06	8.174927e+07
7.520000e-01	1.604408e+00	5.649370e+00	4.021683e+01	2.886822e-06	7.870239e+07
7.600737e-01	1.587605e+00	5.755376e+00	3.869058e+01	2.940991e-06	7.571558e+07
7.680000e-01	1.571109e+00	5.861382e+00	3.724854e+01	2.995160e-06	7.289358e+07
7.760737e-01	1.554307e+00	5.971366e+00	3.583493e+01	3.051361e-06	7.012722e+07
7.840000e-01	1.537811e+00	6.081350e+00	3.449933e+01	3.107563e-06	6.751351e+07
7.920737e-01	1.521008e+00	6.195462e+00	3.319006e+01	3.165874e-06	6.495133e+07
8.000000e-01	1.504512e+00	6.309573e+00	3.195303e+01	3.224185e-06	6.253052e+07
8.080737e-01	1.487709e+00	6.427968e+00	3.074039e+01	3.284684e-06	6.015745e+07
8.160000e-01	1.471213e+00	6.546362e+00	2.959466e+01	3.345184e-06	5.791532e+07
8.240737e-01	1.454411e+00	6.669199e+00	2.847153e+01	3.407953e-06	5.571739e+07
8.320000e-01	1.437915e+00	6.792036e+00	2.741036e+01	3.470723e-06	5.364075e+07
8.400737e-01	1.421112e+00	6.919484e+00	2.637012e+01	3.535849e-06	5.160505e+07
8.480000e-01	1.404616e+00	7.046931e+00	2.538728e+01	3.600974e-06	4.968167e+07
8.560737e-01	1.387814e+00	7.179161e+00	2.442382e+01	3.668543e-06	4.779622e+07
8.640000e-01	1.371318e+00	7.311391e+00	2.351351e+01	3.736113e-06	4.601480e+07
8.720737e-01	1.354515e+00	7.448583e+00	2.262116e+01	3.806218e-06	4.426851e+07
8.800000e-01	1.338019e+00	7.585776e+00	2.177805e+01	3.876323e-06	4.261858e+07
8.880737e-01	1.321216e+00	7.728117e+00	2.095156e+01	3.949059e-06	4.100118e+07
8.960000e-01	1.304720e+00	7.870458e+00	2.017067e+01	4.021795e-06	3.947302e+07
9.040737e-01	1.287918e+00	8.018141e+00	1.940518e+01	4.097261e-06	3.797499e+07
9.120000e-01	1.271422e+00	8.165824e+00	1.868193e+01	4.172727e-06	3.655962e+07
9.200737e-01	1.254619e+00	8.319049e+00	1.797294e+01	4.251025e-06	3.517216e+07
9.280000e-01	1.238123e+00	8.472274e+00	1.730307e+01	4.329323e-06	3.386126e+07
9.360737e-01	1.221320e+00	8.631250e+00	1.664640e+01	4.410559e-06	3.257620e+07
9.440000e-01	1.204824e+00	8.790225e+00	1.602597e+01	4.491795e-06	3.136205e+07
9.520737e-01	1.188022e+00	8.955167e+00	1.541778e+01	4.576080e-06	3.017184e+07
9.600000e-01	1.171526e+00	9.120108e+00	1.484314e+01	4.660365e-06	2.904731e+07
9.680737e-01	1.154723e+00	9.291240e+00	1.427984e+01	4.747814e-06	2.794494e+07
9.760000e-01	1.138227e+00	9.462372e+00	1.374761e+01	4.835262e-06	2.690340e+07
9.840737e-01	1.121425e+00	9.639926e+00	1.322588e+01	4.925991e-06	2.588240e+07
9.920000e-01	1.104929e+00	9.817479e+00	1.273294e+01	5.016721e-06	2.491774e+07
1.000074e+00	1.088126e+00	1.000170e+01	1.224971e+01	5.110856e-06	2.397209e+07
1.008000e+00	1.071630e+00	1.018591e+01	1.179315e+01	5.204991e-06	2.307863e+07
1.016074e+00	1.054827e+00	1.037704e+01	1.134560e+01	5.302658e-06	2.220278e+07
1.024000e+00	1.038331e+00	1.056818e+01	1.092273e+01	5.400326e-06	2.137526e+07
1.032074e+00	1.021529e+00	1.076648e+01	1.050821e+01	5.501659e-06	2.056405e+07
1.040000e+00	1.005033e+00	1.096478e+01	1.011656e+01	5.602992e-06	1.979761e+07
1.048074e+00	9.882301e-01	1.117053e+01	9.732628e+00	5.708127e-06	1.904628e+07
1.056000e+00	9.717341e-01	1.137627e+01	9.369882e+00	5.813263e-06	1.833640e+07
1.064074e+00	9.549315e-01	1.158974e+01	9.014289e+00	5.922344e-06	1.764053e+07
1.072000e+00	9.384355e-01	1.180321e+01	8.678317e+00	6.031426e-06	1.698304e+07
1.080074e+00	9.216329e-01	1.202468e+01	8.348969e+00	6.144601e-06	1.633853e+07
1.088000e+00	9.051369e-01	1.224616e+01	8.037795e+00	6.257775e-06	1.572957e+07
1.096074e+00	8.883343e-01	1.247595e+01	7.732755e+00	6.375198e-06	1.513263e+07
1.104000e+00	8.718383e-01	1.270574e+01	7.444547e+00	6.492620e-06	1.456862e+07
1.112074e+00	8.550356e-01	1.294415e+01	7.162022e+00	6.614449e-06	1.401573e+07
1.120000e+00	8.385397e-01	1.318257e+01	6.895086e+00	6.736278e-06	1.349335e+07
1.128074e+00	8.217370e-01	1.342993e+01	6.633413e+00	6.862678e-06	1.298127e+07
1.136000e+00	8.052410e-01	1.367729e+01	6.386178e+00	6.989079e-06	1.249744e+07
1.144074e+00	7.884384e-01	1.393393e+01	6.143819e+00	7.120224e-06	1.202315e+07
1.152000e+00	7.719424e-01	1.419058e+01	5.914832e+00	7.251368e-06	1.157504e+07
1.160074e+00	7.551398e-01	1.445685e+01	5.690361e+00	7.387435e-06	1.113576e+07
1.168000e+00	7.386438e-01	1.472313e+01	5.478275e+00	7.523501e-06	1.072072e+07
1.176074e+00	7.218412e-01	1.499939e+01	5.270371e+00	7.664673e-06	1.031386e+07
1.184000e+00	7.053452e-01	1.527566e+01	5.073938e+00	7.805846e-06	9.929451e+06
1.192074e+00	6.885425e-01	1.556230e+01	4.881379e+00	7.952316e-06	9.552622e+06
1.200000e+00	6.720466e-01	1.584893e+01	4.699445e+00	8.098787e-06	9.196585e+06
1.208074e+00	6.552439e-01	1.614632e+01	4.521098e+00	8.250754e-06	8.847569e+06
1.216000e+00	6.387480e-01	1.644372e+01	4.352592e+00	8.402722e-06	8.517811e+06
1.224074e+00	6.219453e-01	1.675227e+01	4.187408e+00	8.560392e-06	8.194554e+06
1.232000e+00	6.054493e-01	1.706082e+01	4.031339e+00	8.718062e-06	7.889135e+06
1.240074e+00	5.886467e-01	1.738096e+01	3.878347e+00	8.881650e-06	7.589737e+06
1.248000e+00	5.721507e-01	1.770109e+01	3.733797e+00	9.045237e-06	7.306859e+06
1.256074e+00	5.553481e-01	1.803324e+01	3.592097e+00	9.214964e-06	7.029559e+06
1.264000e+00	5.388521e-01	1.836538e+01	3.458216e+00	9.384691e-06	6.767560e+06
1.272074e+00	5.220495e-01	1.871000e+01	3.326974e+00	9.560787e-06	6.510727e+06
1.280000e+00	5.055535e-01	1.905461e+01	3.202975e+00	9.736883e-06	6.268065e+06
1.288074e+00	4.887508e-01	1.941215e+01	3.081420e+00	9.919588e-06	6.030188e+06
1.296000e+00	4.722549e-01	1.976970e+01	2.966572e+00	1.010229e-05	5.805437e+06
1.304074e+00	4.554522e-01	2.014066e+01	2.853989e+00	1.029185e-05	5.585117e+06
1.312000e+00	4.389563e-01	2.051162e+01	2.747617e+00	1.048142e-05	5.376953e+06
1.320074e+00	4.221536e-01	2.089651e+01	2.643344e+00	1.067809e-05	5.172895e+06
1.328000e+00	4.056576e-01	2.128139e+01	2.544823e+00	1.087477e-05	4.980095e+06
1.336074e+00	3.888550e-01	2.168072e+01	2.448246e+00	1.107882e-05	4.791098e+06
1.344000e+00	3.723590e-01	2.208005e+01	2.356997e+00	1.128288e-05	4.612528e+06
1.352074e+00	3.555564e-01	2.249436e+01	2.267547e+00	1.149459e-05	4.437480e+06
1.360000e+00	3.390604e-01	2.290868e+01	2.183033e+00	1.170631e-05	4.272090e+06
1.368074e+00	3.222578e-01	2.333854e+01	2.100186e+00	1.192597e-05	4.109962e+06
1.376000e+00	3.057618e-01	2.376840e+01	2.021910e+00	1.214563e-05	3.956779e+06
1.384074e+00	2.889591e-01	2.421440e+01	1.945177e+00	1.237353e-05	3.806617e+06
1.392000e+00	2.724632e-01	2.466039e+01	1.872678e+00	1.260143e-05	3.664740e+06
1.400074e+00	2.556605e-01	2.512313e+01	1.801609e+00	1.283789e-05	3.525661e+06
1.408000e+00	2.391645e-01	2.558586e+01	1.734461e+00	1.307435e-05	3.394256e+06
1.416074e+00	2.223619e-01	2.606596e+01	1.668637e+00	1.331968e-05	3.265442e+06
1.424000e+00	2.058659e-01	2.654606e+01	1.606445e+00	1.356501e-05	3.143735e+06
1.432074e+00	1.890633e-01	2.704417e+01	1.545480e+00	1.381954e-05	3.024428e+06
1.440000e+00	1.725673e-01	2.754229e+01	1.487878e+00	1.407408e-05	2.911705e+06
1.448074e+00	1.557647e-01	2.805910e+01	1.431412e+00	1.433817e-05	2.801204e+06
1.456000e+00	1.392687e-01	2.857591e+01	1.378062e+00	1.460226e-05	2.696800e+06
1.464074e+00	1.224660e-01	2.911211e+01	1.325763e+00	1.487626e-05	2.594455e+06
1.472000e+00	1.059701e-01	2.964831e+01	1.276351e+00	1.515026e-05	2.497757e+06
1.480074e+00	8.916743e-02	3.020464e+01	1.227913e+00	1.543454e-05	2.402965e+06
1.488000e+00	7.267146e-02	3.076097e+01	1.182147e+00	1.571882e-05	2.313404e+06
1.496074e+00	5.586881e-02	3.133817e+01	1.137284e+00	1.601377e-05	2.225609e+06
1.504000e+00	3.937284e-02	3.191538e+01	1.094896e+00	1.630872e-05	2.142658e+06
1.512074e+00	2.257020e-02	3.251425e+01	1.053344e+00	1.661474e-05	2.061343e+06
1.520000e+00	6.074223e-03	3.311311e+01	1.014085e+00	1.692076e-05	1.984514e+06
1.528074e+00	-1.072842e-02	3.373445e+01	9.755995e-01	1.723827e-05	1.909201e+06
1.536000e+00	-2.722439e-02	3.435579e+01	9.392379e-01	1.755577e-05	1.838043e+06
1.544074e+00	-4.402704e-02	3.500045e+01	9.035932e-01	1.788519e-05	1.768288e+06
1.552000e+00	-6.052301e-02	3.564511e+01	8.699153e-01	1.821461e-05	1.702382e+06
1.560074e+00	-7.732566e-02	3.631397e+01	8.369015e-01	1.855640e-05	1.637775e+06
1.568000e+00	-9.382163e-02	3.698282e+01	8.057093e-01	1.889818e-05	1.576734e+06
1.576074e+00	-1.106243e-01	3.767677e+01	7.751321e-01	1.925279e-05	1.516896e+06
1.584000e+00	-1.271202e-01	3.837072e+01	7.462421e-01	1.960740e-05	1.460359e+06
1.592074e+00	-1.439229e-01	3.909072e+01	7.179217e-01	1.997532e-05	1.404938e+06
1.600000e+00	-1.604189e-01	3.981072e+01	6.911640e-01	2.034323e-05	1.352574e+06
1.608074e+00	-1.772215e-01	4.055773e+01	6.649339e-01	2.072496e-05	1.301243e+06
1.616000e+00	-1.937175e-01	4.130475e+01	6.401511e-01	2.110668e-05	1.252745e+06
1.624074e+00	-2.105201e-01	4.207980e+01	6.158570e-01	2.150273e-05	1.205202e+06
1.632000e+00	-2.270161e-01	4.285485e+01	5.929033e-01	2.189878e-05	1.160283e+06
1.640074e+00	-2.438187e-01	4.365899e+01	5.704023e-01	2.230970e-05	1.116250e+06
1.648000e+00	-2.603147e-01	4.446313e+01	5.491428e-01	2.272061e-05	1.074646e+06
1.656074e+00	-2.771174e-01	4.529744e+01	5.283025e-01	2.314694e-05	1.033862e+06
1.664000e+00	-2.936133e-01	4.613176e+01	5.086121e-01	2.357328e-05	9.953291e+05
1.672074e+00	-3.104160e-01	4.699738e+01	4.893099e-01	2.401561e-05	9.575557e+05
1.680000e+00	-3.269120e-01	4.786301e+01	4.710728e-01	2.445795e-05	9.218666e+05
1.688074e+00	-3.437146e-01	4.876112e+01	4.531953e-01	2.491688e-05	8.868812e+05
1.696000e+00	-3.602106e-01	4.965923e+01	4.363042e-01	2.537581e-05	8.538262e+05
1.704074e+00	-3.770132e-01	5.059105e+01	4.197462e-01	2.585197e-05	8.214229e+05
1.712000e+00	-3.935092e-01	5.152286e+01	4.041018e-01	2.632813e-05	7.908076e+05
1.720074e+00	-4.103118e-01	5.248965e+01	3.887659e-01	2.682215e-05	7.607960e+05
1.728000e+00	-4.268078e-01	5.345644e+01	3.742762e-01	2.731618e-05	7.324403e+05
1.736074e+00	-4.436105e-01	5.445950e+01	3.600722e-01	2.782875e-05	7.046437e+05
1.744000e+00	-4.601064e-01	5.546257e+01	3.466519e-01	2.834131e-05	6.783809e+05
1.752074e+00	-4.769091e-01	5.650328e+01	3.334962e-01	2.887312e-05	6.526359e+05
1.760000e+00	-4.934050e-01	5.754399e+01	3.210665e-01	2.940492e-05	6.283115e+05
1.768074e+00	-5.102077e-01	5.862376e+01	3.088818e-01	2.995668e-05	6.044666e+05
1.776000e+00	-5.267037e-01	5.970353e+01	2.973694e-01	3.050844e-05	5.819375e+05
1.784074e+00	-5.435063e-01	6.082382e+01	2.860841e-01	3.108090e-05	5.598526e+05
1.792000e+00	-5.600023e-01	6.194411e+01	2.754214e-01	3.165337e-05	5.389863e+05
1.800074e+00	-5.768049e-01	6.310644e+01	2.649690e-01	3.224732e-05	5.185315e+05
1.808000e+00	-5.933009e-01	6.426877e+01	2.550933e-01	3.284127e-05	4.992052e+05
1.816074e+00	-6.101035e-01	6.547472e+01	2.454124e-01	3.345751e-05	4.802601e+05
1.824000e+00	-6.265995e-01	6.668068e+01	2.362656e-01	3.407375e-05	4.623603e+05
1.832074e+00	-6.434022e-01	6.793189e+01	2.272992e-01	3.471312e-05	4.448134e+05
1.840000e+00	-6.598981e-01	6.918310e+01	2.188275e-01	3.535249e-05	4.282347e+05
1.848074e+00	-6.767008e-01	7.048126e+01	2.105228e-01	3.601585e-05	4.119830e+05
1.856000e+00	-6.931967e-01	7.177943e+01	2.026764e-01	3.667921e-05	3.966279e+05
1.864074e+00	-7.099994e-01	7.312631e+01	1.949847e-01	3.736747e-05	3.815756e+05
1.872000e+00	-7.264954e-01	7.447320e+01	1.877174e-01	3.805572e-05	3.673539e+05
1.880074e+00	-7.432980e-01	7.587063e+01	1.805934e-01	3.876981e-05	3.534126e+05
1.888000e+00	-7.597940e-01	7.726806e+01	1.738625e-01	3.948389e-05	3.402405e+05
1.896074e+00	-7.765966e-01	7.871793e+01	1.672643e-01	4.022478e-05	3.273282e+05
1.904000e+00	-7.930926e-01	8.016781e+01	1.610302e-01	4.096566e-05	3.151283e+05
1.912074e+00	-8.098952e-01	8.167209e+01	1.549190e-01	4.173435e-05	3.031690e+05
1.920000e+00	-8.263912e-01	8.317638e+01	1.491450e-01	4.250304e-05	2.918696e+05
1.928074e+00	-8.431939e-01	8.473712e+01	1.434849e-01	4.330057e-05	2.807929e+05
1.936000e+00	-8.596898e-01	8.629785e+01	1.381370e-01	4.409811e-05	2.703275e+05
1.944074e+00	-8.764925e-01	8.791717e+01	1.328947e-01	4.492558e-05	2.600684e+05
1.952000e+00	-8.929885e-01	8.953648e+01	1.279415e-01	4.575304e-05	2.503754e+05
1.960074e+00	-9.097911e-01	9.121656e+01	1.230861e-01	4.661156e-05	2.408734e+05
1.968000e+00	-9.262871e-01	9.289664e+01	1.184985e-01	4.747008e-05	2.318958e+05
1.976074e+00	-9.430897e-01	9.463977e+01	1.140014e-01	4.836082e-05	2.230952e+05
1.984000e+00	-9.595857e-01	9.638290e+01	1.097525e-01	4.925156e-05	2.147802e+05
1.992074e+00	-9.763883e-01	9.819145e+01	1.055873e-01	5.017572e-05	2.066292e+05
2.000000e+00	-9.928843e-01	1.000000e+02	1.016519e-01	5.109989e-05	1.989279e+05
2.008074e+00	-1.009687e+00	1.018764e+02	9.779419e-02	5.205874e-05	1.913785e+05
2.016000e+00	-1.026183e+00	1.037528e+02	9.414930e-02	5.301759e-05	1.842456e+05
2.024074e+00	-1.042986e+00	1.056997e+02	9.057627e-02	5.401242e-05	1.772534e+05
2.032000e+00	-1.059482e+00	1.076465e+02	8.720040e-02	5.500726e-05	1.706469e+05
2.040074e+00	-1.076284e+00	1.096664e+02	8.389109e-02	5.603942e-05	1.641708e+05
2.048000e+00	-1.092780e+00	1.116863e+02	8.076438e-02	5.707159e-05	1.580520e+05
2.056074e+00	-1.109583e+00	1.137820e+02	7.769932e-02	5.814249e-05	1.520538e+05
2.064000e+00	-1.126079e+00	1.158777e+02	7.480338e-02	5.921340e-05	1.463866e+05
2.072074e+00	-1.142881e+00	1.180521e+02	7.196454e-02	6.032449e-05	1.408311e+05
2.080000e+00	-1.159377e+00	1.202264e+02	6.928235e-02	6.143558e-05	1.355822e+05
2.088074e+00	-1.176180e+00	1.224824e+02	6.665304e-02	6.258837e-05	1.304368e+05
2.096000e+00	-1.192676e+00	1.247384e+02	6.416881e-02	6.374116e-05	1.255752e+05
2.104074e+00	-1.209479e+00	1.270790e+02	6.173356e-02	6.493721e-05	1.208096e+05
2.112000e+00	-1.225975e+00	1.294196e+02	5.943269e-02	6.613327e-05	1.163069e+05
2.120074e+00	-1.242777e+00	1.318480e+02	5.717718e-02	6.737420e-05	1.118930e+05
2.128000e+00	-1.259273e+00	1.342765e+02	5.504613e-02	6.861514e-05	1.077226e+05
2.136074e+00	-1.276076e+00	1.367961e+02	5.295709e-02	6.990265e-05	1.036344e+05
2.144000e+00	-1.292572e+00	1.393157e+02	5.098332e-02	7.119016e-05	9.977188e+04
2.152074e+00	-1.309375e+00	1.419298e+02	4.904847e-02	7.252599e-05	9.598547e+04
2.160000e+00	-1.325870e+00	1.445440e+02	4.722038e-02	7.386181e-05	9.240799e+04
2.168074e+00	-1.342673e+00	1.472562e+02	4.542834e-02	7.524777e-05	8.890105e+04
2.176000e+00	-1.359169e+00	1.499685e+02	4.373518e-02	7.663373e-05	8.558762e+04
2.184074e+00	-1.375972e+00	1.527825e+02	4.207540e-02	7.807170e-05	8.233951e+04
2.192000e+00	-1.392468e+00	1.555966e+02	4.050721e-02	7.950967e-05	7.927063e+04
2.200074e+00	-1.409270e+00	1.585162e+02	3.896993e-02	8.100161e-05	7.626226e+04
2.208000e+00	-1.425766e+00	1.614359e+02	3.751748e-02	8.249355e-05	7.341988e+04
2.216074e+00	-1.442569e+00	1.644651e+02	3.609367e-02	8.404147e-05	7.063355e+04
2.224000e+00	-1.459065e+00	1.674943e+02	3.474842e-02	8.558940e-05	6.800096e+04
2.232074e+00	-1.475868e+00	1.706372e+02	3.342969e-02	8.719542e-05	6.542028e+04
2.240000e+00	-1.492364e+00	1.737801e+02	3.218373e-02	8.880143e-05	6.298200e+04
2.248074e+00	-1.509166e+00	1.770409e+02	3.096234e-02	9.046772e-05	6.059179e+04
2.256000e+00	-1.525662e+00	1.803018e+02	2.980834e-02	9.213401e-05	5.833347e+04
2.264074e+00	-1.542465e+00	1.836850e+02	2.867710e-02	9.386283e-05	5.611968e+04
2.272000e+00	-1.558961e+00	1.870682e+02	2.760827e-02	9.559165e-05	5.402804e+04
2.280074e+00	-1.575763e+00	1.905784e+02	2.656052e-02	9.738536e-05	5.197764e+04
2.288000e+00	-1.592259e+00	1.940886e+02	2.557058e-02	9.917906e-05	5.004038e+04
2.296074e+00	-1.609062e+00	1.977305e+02	2.460016e-02	1.010401e-04	4.814132e+04
2.304000e+00	-1.625558e+00	2.013724e+02	2.368329e-02	1.029011e-04	4.634704e+04
2.312074e+00	-1.642361e+00	2.051510e+02	2.278449e-02	1.048319e-04	4.458814e+04
2.320000e+00	-1.658857e+00	2.089296e+02	2.193529e-02	1.067628e-04	4.292629e+04
2.328074e+00	-1.675659e+00	2.128500e+02	2.110283e-02	1.087661e-04	4.129721e+04
2.336000e+00	-1.692155e+00	2.167704e+02	2.031630e-02	1.107694e-04	3.975802e+04
2.344074e+00	-1.708958e+00	2.208379e+02	1.954529e-02	1.128479e-04	3.824918e+04
2.352000e+00	-1.725454e+00	2.249055e+02	1.881681e-02	1.149264e-04	3.682359e+04
2.360074e+00	-1.742257e+00	2.291256e+02	1.810270e-02	1.170829e-04	3.542611e+04
2.368000e+00	-1.758753e+00	2.333458e+02	1.742800e-02	1.192395e-04	3.410574e+04
2.376074e+00	-1.775555e+00	2.377244e+02	1.676659e-02	1.214769e-04	3.281141e+04
2.384000e+00	-1.792051e+00	2.421029e+02	1.614169e-02	1.237143e-04	3.158849e+04
2.392074e+00	-1.808854e+00	2.466458e+02	1.552910e-02	1.260357e-04	3.038969e+04
2.400000e+00	-1.825350e+00	2.511886e+02	1.495031e-02	1.283571e-04	2.925703e+04
2.408074e+00	-1.842152e+00	2.559020e+02	1.438294e-02	1.307656e-04	2.814671e+04
2.416000e+00	-1.858648e+00	2.606154e+02	1.384687e-02	1.331742e-04	2.709765e+04
2.424074e+00	-1.875451e+00	2.655056e+02	1.332137e-02	1.356731e-04	2.606928e+04
2.432000e+00	-1.891947e+00	2.703958e+02	1.282487e-02	1.381720e-04	2.509765e+04
2.440074e+00	-1.908750e+00	2.754696e+02	1.233816e-02	1.407647e-04	2.414518e+04
2.448000e+00	-1.925246e+00	2.805434e+02	1.187830e-02	1.433574e-04	2.324526e+04
2.456074e+00	-1.942048e+00	2.858075e+02	1.142751e-02	1.460473e-04	2.236309e+04
2.464000e+00	-1.958544e+00	2.910717e+02	1.100160e-02	1.487373e-04	2.152959e+04
2.472074e+00	-1.975347e+00	2.965334e+02	1.058408e-02	1.515283e-04	2.071253e+04
2.480000e+00	-1.991843e+00	3.019952e+02	1.018960e-02	1.543192e-04	1.994055e+04
2.488074e+00	-2.008645e+00	3.076619e+02	9.802899e-03	1.572149e-04	1.918380e+04
2.496000e+00	-2.025141e+00	3.133286e+02	9.437534e-03	1.601106e-04	1.846880e+04
2.504074e+00	-2.041944e+00	3.192079e+02	9.079374e-03	1.631149e-04	1.776789e+04
2.512000e+00	-2.058440e+00	3.250873e+02	8.740976e-03	1.661193e-04	1.710566e+04
2.520074e+00	-2.075243e+00	3.311873e+02	8.409250e-03	1.692364e-04	1.645649e+04
2.528000e+00	-2.091739e+00	3.372873e+02	8.095829e-03	1.723534e-04	1.584314e+04
2.536074e+00	-2.108541e+00	3.436162e+02	7.788587e-03	1.755875e-04	1.524189e+04
2.544000e+00	-2.125037e+00	3.499452e+02	7.498298e-03	1.788216e-04	1.467380e+04
2.552074e+00	-2.141840e+00	3.565116e+02	7.213733e-03	1.821770e-04	1.411692e+04
2.560000e+00	-2.158336e+00	3.630781e+02	6.944869e-03	1.855325e-04	1.359077e+04
2.568074e+00	-2.175139e+00	3.698909e+02	6.681307e-03	1.890139e-04	1.307499e+04
2.576000e+00	-2.191635e+00	3.767038e+02	6.432288e-03	1.924952e-04	1.258767e+04
2.584074e+00	-2.208437e+00	3.837723e+02	6.188178e-03	1.961073e-04	1.210996e+04
2.592000e+00	-2.224933e+00	3.908409e+02	5.957538e-03	1.997193e-04	1.165861e+04
2.600074e+00	-2.241736e+00	3.981747e+02	5.731446e-03	2.034668e-04	1.121616e+04
2.608000e+00	-2.258232e+00	4.055085e+02	5.517829e-03	2.072144e-04	1.079812e+04
2.616074e+00	-2.275034e+00	4.131176e+02	5.308424e-03	2.111026e-04	1.038833e+04
2.624000e+00	-2.291530e+00	4.207266e+02	5.110573e-03	2.149908e-04	1.000114e+04
2.632074e+00	-2.308333e+00	4.286212e+02	4.916624e-03	2.190250e-04	9.621593e+03
2.640000e+00	-2.324829e+00	4.365158e+02	4.733376e-03	2.230591e-04	9.262986e+03
2.648074e+00	-2.341632e+00	4.447067e+02	4.553741e-03	2.272446e-04	8.911450e+03
2.656000e+00	-2.358128e+00	4.528976e+02	4.384018e-03	2.314302e-04	8.579311e+03
2.664074e+00	-2.374930e+00	4.613958e+02	4.217642e-03	2.357728e-04	8.253720e+03
2.672000e+00	-2.391426e+00	4.698941e+02	4.060446e-03	2.401154e-04	7.946095e+03
2.680074e+00	-2.408229e+00	4.787113e+02	3.906350e-03	2.446210e-04	7.644536e+03
2.688000e+00	-2.424725e+00	4.875285e+02	3.760756e-03	2.491265e-04	7.359616e+03
2.696074e+00	-2.441528e+00	4.966766e+02	3.618033e-03	2.538012e-04	7.080314e+03
2.704000e+00	-2.458023e+00	5.058247e+02	3.483185e-03	2.584759e-04	6.816423e+03
2.712074e+00	-2.474826e+00	5.153161e+02	3.350996e-03	2.633259e-04	6.557736e+03
2.720000e+00	-2.491322e+00	5.248075e+02	3.226101e-03	2.681760e-04	6.313322e+03
2.728074e+00	-2.508125e+00	5.346551e+02	3.103668e-03	2.732082e-04	6.073727e+03
2.736000e+00	-2.524621e+00	5.445027e+02	2.987991e-03	2.782403e-04	5.847353e+03
2.744074e+00	-2.541423e+00	5.547198e+02	2.874595e-03	2.834612e-04	5.625442e+03
2.752000e+00	-2.557919e+00	5.649370e+02	2.767456e-03	2.886822e-04	5.415776e+03
2.760074e+00	-2.574722e+00	5.755376e+02	2.662429e-03	2.940991e-04	5.210244e+03
2.768000e+00	-2.591218e+00	5.861382e+02	2.563197e-03	2.995160e-04	5.016053e+03
2.776074e+00	-2.608021e+00	5.971366e+02	2.465922e-03	3.051361e-04	4.825690e+03
2.784000e+00	-2.624517e+00	6.081350e+02	2.374015e-03	3.107563e-04	4.645832e+03
2.792074e+00	-2.641319e+00	6.195462e+02	2.283919e-03	3.165874e-04	4.469519e+03
2.800000e+00	-2.657815e+00	6.309573e+02	2.198795e-03	3.224185e-04	4.302936e+03
2.808074e+00	-2.674618e+00	6.427968e+02	2.115350e-03	3.284684e-04	4.139636e+03
2.816000e+00	-2.691114e+00	6.546362e+02	2.036508e-03	3.345184e-04	3.985348e+03
2.824074e+00	-2.707916e+00	6.669199e+02	1.959222e-03	3.407953e-04	3.834101e+03
2.832000e+00	-2.724412e+00	6.792036e+02	1.886199e-03	3.470723e-04	3.691200e+03
2.840074e+00	-2.741215e+00	6.919484e+02	1.814617e-03	3.535849e-04	3.551117e+03
2.848000e+00	-2.757711e+00	7.046931e+02	1.746984e-03	3.600974e-04	3.418763e+03
2.856074e+00	-2.774514e+00	7.179161e+02	1.680685e-03	3.668543e-04	3.289019e+03
2.864000e+00	-2.791010e+00	7.311391e+02	1.618044e-03	3.736113e-04	3.166433e+03
2.872074e+00	-2.807812e+00	7.448583e+02	1.556638e-03	3.806218e-04	3.046265e+03
2.880000e+00	-2.824308e+00	7.585776e+02	1.498621e-03	3.876323e-04	2.932728e+03
2.888074e+00	-2.841111e+00	7.728117e+02	1.441747e-03	3.949059e-04	2.821429e+03
2.896000e+00	-2.857607e+00	7.870458e+02	1.388012e-03	4.021795e-04	2.716271e+03
2.904074e+00	-2.874410e+00	8.018141e+02	1.335336e-03	4.097261e-04	2.613187e+03
2.912000e+00	-2.890906e+00	8.165824e+02	1.285566e-03	4.172727e-04	2.515791e+03
2.920074e+00	-2.907708e+00	8.319049e+02	1.236778e-03	4.251025e-04	2.420315e+03
2.928000e+00	-2.924204e+00	8.472274e+02	1.190682e-03	4.329323e-04	2.330107e+03
2.936074e+00	-2.941007e+00	8.631250e+02	1.145495e-03	4.410559e-04	2.241678e+03
2.944000e+00	-2.957503e+00	8.790225e+02	1.102801e-03	4.491795e-04	2.158128e+03
2.952074e+00	-2.974305e+00	8.955167e+02	1.060949e-03	4.576080e-04	2.076226e+03
2.960000e+00	-2.990801e+00	9.120108e+02	1.021407e-03	4.660365e-04	1.998843e+03
2.968074e+00	-3.007604e+00	9.291240e+02	9.826435e-04	4.747814e-04	1.922986e+03
2.976000e+00	-3.024100e+00	9.462372e+02	9.460193e-04	4.835262e-04	1.851314e+03
2.984074e+00	-3.040903e+00	9.639926e+02	9.101173e-04	4.925991e-04	1.781055e+03
2.992000e+00	-3.057399e+00	9.817479e+02	8.761963e-04	5.016721e-04	1.714673e+03
3.000074e+00	-3.074201e+00	1.000170e+03	8.429441e-04	5.110856e-04	1.649601e+03
3.008000e+00	-3.090697e+00	1.018591e+03	8.115266e-04	5.204991e-04	1.588118e+03
3.016074e+00	-3.107500e+00	1.037704e+03	7.807287e-04	5.302658e-04	1.527848e+03
3.024000e+00	-3.123996e+00	1.056818e+03	7.516301e-04	5.400326e-04	1.470904e+03
3.032074e+00	-3.140798e+00	1.076648e+03	7.231053e-04	5.501659e-04	1.415082e+03
3.040000e+00	-3.157294e+00	1.096478e+03	6.961544e-04	5.602992e-04	1.362340e+03
3.048074e+00	-3.174097e+00	1.117053e+03	6.697349e-04	5.708127e-04	1.310639e+03
3.056000e+00	-3.190593e+00	1.137627e+03	6.447731e-04	5.813263e-04	1.261790e+03
3.064074e+00	-3.207396e+00	1.158974e+03	6.203036e-04	5.922344e-04	1.213904e+03
3.072000e+00	-3.223892e+00	1.180321e+03	5.971842e-04	6.031426e-04	1.168660e+03
3.080074e+00	-3.240694e+00	1.202468e+03	5.745207e-04	6.144601e-04	1.124309e+03
3.088000e+00	-3.257190e+00	1.224616e+03	5.531077e-04	6.257775e-04	1.082405e+03
3.096074e+00	-3.273993e+00	1.247595e+03	5.321169e-04	6.375198e-04	1.041327e+03
3.104000e+00	-3.290489e+00	1.270574e+03	5.122843e-04	6.492620e-04	1.002516e+03
3.112074e+00	-3.307292e+00	1.294415e+03	4.928428e-04	6.614449e-04	9.644694e+02
3.120000e+00	-3.323788e+00	1.318257e+03	4.744740e-04	6.736278e-04	9.285226e+02
3.128074e+00	-3.340590e+00	1.342993e+03	4.564674e-04	6.862678e-04	8.932846e+02
3.136000e+00	-3.357086e+00	1.367729e+03	4.394544e-04	6.989079e-04	8.599909e+02
3.144074e+00	-3.373889e+00	1.393393e+03	4.227768e-04	7.120224e-04	8.273537e+02
3.152000e+00	-3.390385e+00	1.419058e+03	4.070195e-04	7.251368e-04	7.965174e+02
3.160074e+00	-3.407187e+00	1.445685e+03	3.915729e-04	7.387435e-04	7.662890e+02
3.168000e+00	-3.423683e+00	1.472313e+03	3.769785e-04	7.523501e-04	7.377286e+02
3.176074e+00	-3.440486e+00	1.499939e+03	3.626719e-04	7.664673e-04	7.097313e+02
3.184000e+00	-3.456982e+00	1.527566e+03	3.491548e-04	7.805846e-04	6.832789e+02
3.192074e+00	-3.473785e+00	1.556230e+03	3.359041e-04	7.952316e-04	6.573480e+02
3.200000e+00	-3.490281e+00	1.584893e+03	3.233846e-04	8.098787e-04	6.328480e+02
3.208074e+00	-3.507083e+00	1.614632e+03	3.111120e-04	8.250754e-04	6.088310e+02
3.216000e+00	-3.523579e+00	1.644372e+03	2.995165e-04	8.402722e-04	5.861392e+02
3.224074e+00	-3.540382e+00	1.675227e+03	2.881497e-04	8.560392e-04	5.638949e+02
3.232000e+00	-3.556878e+00	1.706082e+03	2.774100e-04	8.718062e-04	5.428779e+02
3.240074e+00	-3.573681e+00	1.738096e+03	2.668821e-04	8.881650e-04	5.222753e+02
3.248000e+00	-3.590176e+00	1.770109e+03	2.569351e-04	9.045237e-04	5.028096e+02
3.256074e+00	-3.606979e+00	1.803324e+03	2.471843e-04	9.214964e-04	4.837276e+02
3.264000e+00	-3.623475e+00	1.836538e+03	2.379715e-04	9.384691e-04	4.656986e+02
3.272074e+00	-3.640278e+00	1.871000e+03	2.289403e-04	9.560787e-04	4.480250e+02
3.280000e+00	-3.656774e+00	1.905461e+03	2.204075e-04	9.736883e-04	4.313267e+02
3.288074e+00	-3.673576e+00	1.941215e+03	2.120429e-04	9.919588e-04	4.149575e+02
3.296000e+00	-3.690072e+00	1.976970e+03	2.041398e-04	1.010229e-03	3.994916e+02
3.304074e+00	-3.706875e+00	2.014066e+03	1.963926e-04	1.029185e-03	3.843307e+02
3.312000e+00	-3.723371e+00	2.051162e+03	1.890728e-04	1.048142e-03	3.700063e+02
3.320074e+00	-3.740174e+00	2.089651e+03	1.818974e-04	1.067809e-03	3.559643e+02
3.328000e+00	-3.756670e+00	2.128139e+03	1.751179e-04	1.087477e-03	3.426971e+02
3.336074e+00	-3.773472e+00	2.168072e+03	1.684720e-04	1.107882e-03	3.296915e+02
3.344000e+00	-3.789968e+00	2.208005e+03	1.621929e-04	1.128288e-03	3.174036e+02
3.352074e+00	-3.806771e+00	2.249436e+03	1.560376e-04	1.149459e-03	3.053579e+02
3.360000e+00	-3.823267e+00	2.290868e+03	1.502219e-04	1.170631e-03	2.939769e+02
3.368074e+00	-3.840069e+00	2.333854e+03	1.445209e-04	1.192597e-03	2.828203e+02
3.376000e+00	-3.856565e+00	2.376840e+03	1.391344e-04	1.214563e-03	2.722793e+02
3.384074e+00	-3.873368e+00	2.421440e+03	1.338542e-04	1.237353e-03	2.619461e+02
3.392000e+00	-3.889864e+00	2.466039e+03	1.288653e-04	1.260143e-03	2.521831e+02
3.400074e+00	-3.906667e+00	2.512313e+03	1.239748e-04	1.283789e-03	2.426126e+02
3.408000e+00	-3.923163e+00	2.558586e+03	1.193541e-04	1.307435e-03	2.335702e+02
3.416074e+00	-3.939965e+00	2.606596e+03	1.148245e-04	1.331968e-03	2.247060e+02
3.424000e+00	-3.956461e+00	2.654606e+03	1.105449e-04	1.356501e-03	2.163310e+02
3.432074e+00	-3.973264e+00	2.704417e+03	1.063497e-04	1.381954e-03	2.081211e+02
3.440000e+00	-3.989760e+00	2.754229e+03	1.023859e-04	1.407408e-03	2.003642e+02
3.448074e+00	-4.006563e+00	2.805910e+03	9.850028e-05	1.433817e-03	1.927603e+02
3.456000e+00	-4.023059e+00	2.857591e+03	9.482907e-05	1.460226e-03	1.855759e+02
3.464074e+00	-4.039861e+00	2.911211e+03	9.123025e-05	1.487626e-03	1.785332e+02
3.472000e+00	-4.056357e+00	2.964831e+03	8.783000e-05	1.515026e-03	1.718790e+02
3.480074e+00	-4.073160e+00	3.020464e+03	8.449679e-05	1.543454e-03	1.653561e+02
3.488000e+00	-4.089656e+00	3.076097e+03	8.134751e-05	1.571882e-03	1.591931e+02
3.496074e+00	-4.106458e+00	3.133817e+03	7.826032e-05	1.601377e-03	1.531516e+02
3.504000e+00	-4.122954e+00	3.191538e+03	7.534347e-05	1.630872e-03	1.474435e+02
3.512074e+00	-4.139757e+00	3.251425e+03	7.248414e-05	1.661474e-03	1.418479e+02
3.520000e+00	-4.156253e+00	3.311311e+03	6.978258e-05	1.692076e-03	1.365611e+02
3.528074e+00	-4.173056e+00	3.373445e+03	6.713429e-05	1.723827e-03	1.313785e+02
3.536000e+00	-4.189552e+00	3.435579e+03	6.463212e-05	1.755577e-03	1.264819e+02
3.544074e+00	-4.206354e+00	3.500045e+03	6.217929e-05	1.788519e-03	1.216818e+02
3.552000e+00	-4.222850e+00	3.564511e+03	5.986180e-05	1.821461e-03	1.171466e+02
3.560074e+00	-4.239653e+00	3.631397e+03	5.759001e-05	1.855640e-03	1.127008e+02
3.568000e+00	-4.256149e+00	3.698282e+03	5.544357e-05	1.889818e-03	1.085004e+02
3.576074e+00	-4.272951e+00	3.767677e+03	5.333945e-05	1.925279e-03	1.043827e+02
3.584000e+00	-4.289447e+00	3.837072e+03	5.135143e-05	1.960740e-03	1.004923e+02
3.592074e+00	-4.306250e+00	3.909072e+03	4.940261e-05	1.997532e-03	9.667851e+01
3.600000e+00	-4.322746e+00	3.981072e+03	4.756132e-05	2.034323e-03	9.307520e+01
3.608074e+00	-4.339549e+00	4.055773e+03	4.575634e-05	2.072496e-03	8.954293e+01
3.616000e+00	-4.356045e+00	4.130475e+03	4.405095e-05	2.110668e-03	8.620557e+01
3.624074e+00	-4.372847e+00	4.207980e+03	4.237919e-05	2.150273e-03	8.293402e+01
3.632000e+00	-4.389343e+00	4.285485e+03	4.079967e-05	2.189878e-03	7.984298e+01
3.640074e+00	-4.406146e+00	4.365899e+03	3.925130e-05	2.230970e-03	7.681288e+01
3.648000e+00	-4.422642e+00	4.446313e+03	3.778836e-05	2.272061e-03	7.394999e+01
3.656074e+00	-4.439445e+00	4.529744e+03	3.635427e-05	2.314694e-03	7.114354e+01
3.664000e+00	-4.455941e+00	4.613176e+03	3.499931e-05	2.357328e-03	6.849194e+01
3.672074e+00	-4.472743e+00	4.699738e+03	3.367106e-05	2.401561e-03	6.589263e+01
3.680000e+00	-4.489239e+00	4.786301e+03	3.241611e-05	2.445795e-03	6.343674e+01
3.688074e+00	-4.506042e+00	4.876112e+03	3.118589e-05	2.491688e-03	6.102928e+01
3.696000e+00	-4.522538e+00	4.965923e+03	3.002356e-05	2.537581e-03	5.875465e+01
3.704074e+00	-4.539340e+00	5.059105e+03	2.888415e-05	2.585197e-03	5.652487e+01
3.712000e+00	-4.555836e+00	5.152286e+03	2.780761e-05	2.632813e-03	5.441813e+01
3.720074e+00	-4.572639e+00	5.248965e+03	2.675229e-05	2.682215e-03	5.235293e+01
3.728000e+00	-4.589135e+00	5.345644e+03	2.575520e-05	2.731618e-03	5.040168e+01
3.736074e+00	-4.605938e+00	5.445950e+03	2.477778e-05	2.782875e-03	4.848890e+01
3.744000e+00	-4.622434e+00	5.546257e+03	2.385428e-05	2.834131e-03	4.668167e+01
3.752074e+00	-4.639236e+00	5.650328e+03	2.294900e-05	2.887312e-03	4.491007e+01
3.760000e+00	-4.655732e+00	5.754399e+03	2.209366e-05	2.940492e-03	4.323623e+01
3.768074e+00	-4.672535e+00	5.862376e+03	2.125520e-05	2.995668e-03	4.159538e+01
3.776000e+00	-4.689031e+00	5.970353e+03	2.046299e-05	3.050844e-03	4.004508e+01
3.784074e+00	-4.705834e+00	6.082382e+03	1.968641e-05	3.108090e-03	3.852534e+01
3.792000e+00	-4.722329e+00	6.194411e+03	1.895268e-05	3.165337e-03	3.708946e+01
3.800074e+00	-4.739132e+00	6.310644e+03	1.823341e-05	3.224732e-03	3.568189e+01
3.808000e+00	-4.755628e+00	6.426877e+03	1.755383e-05	3.284127e-03	3.435199e+01
3.816074e+00	-4.772431e+00	6.547472e+03	1.688765e-05	3.345751e-03	3.304831e+01
3.824000e+00	-4.788927e+00	6.668068e+03	1.625823e-05	3.407375e-03	3.181657e+01
3.832074e+00	-4.805729e+00	6.793189e+03	1.564122e-05	3.471312e-03	3.060911e+01
3.840000e+00	-4.822225e+00	6.918310e+03	1.505826e-05	3.535249e-03	2.946827e+01
3.848074e+00	-4.839028e+00	7.048126e+03	1.448679e-05	3.601585e-03	2.834993e+01
3.856000e+00	-4.855524e+00	7.177943e+03	1.394685e-05	3.667921e-03	2.729330e+01
3.864074e+00	-4.872327e+00	7.312631e+03	1.341756e-05	3.736747e-03	2.625750e+01
3.872000e+00	-4.888823e+00	7.447320e+03	1.291747e-05	3.805572e-03	2.527886e+01
3.880074e+00	-4.905625e+00	7.587063e+03	1.242724e-05	3.876981e-03	2.431951e+01
3.888000e+00	-4.922121e+00	7.726806e+03	1.196407e-05	3.948389e-03	2.341310e+01
3.896074e+00	-4.938924e+00	7.871793e+03	1.151002e-05	4.022478e-03	2.252455e+01
3.904000e+00	-4.955420e+00	8.016781e+03	1.108103e-05	4.096566e-03	2.168504e+01
3.912074e+00	-4.972222e+00	8.167209e+03	1.066050e-05	4.173435e-03	2.086208e+01
3.920000e+00	-4.988718e+00	8.317638e+03	1.026317e-05	4.250304e-03	2.008453e+01
3.928074e+00	-5.005521e+00	8.473712e+03	9.873677e-06	4.330057e-03	1.932231e+01
3.936000e+00	-5.022017e+00	8.629785e+03	9.505675e-06	4.409811e-03	1.860214e+01
3.944074e+00	-5.038820e+00	8.791717e+03	9.144928e-06	4.492558e-03	1.789618e+01
3.952000e+00	-5.055316e+00	8.953648e+03	8.804087e-06	4.575304e-03	1.722917e+01
3.960074e+00	-5.072118e+00	9.121656e+03	8.469967e-06	4.661156e-03	1.657531e+01
3.968000e+00	-5.088614e+00	9.289664e+03	8.154282e-06	4.747008e-03	1.595753e+01
3.976074e+00	-5.105417e+00	9.463977e+03	7.844822e-06	4.836082e-03	1.535193e+01
3.984000e+00	-5.121913e+00	9.638290e+03	7.552437e-06	4.925156e-03	1.477975e+01
3.992074e+00	-5.138716e+00	9.819145e+03	7.265817e-06	5.017572e-03	1.421885e+01
4.000000e+00	-5.155212e+00	1.000000e+04	6.995012e-06	5.109989e-03	1.368890e+01
4.008074e+00	-5.172014e+00	1.018764e+04	6.729547e-06	5.205874e-03	1.316940e+01
4.016000e+00	-5.188510e+00	1.037528e+04	6.478730e-06	5.301759e-03	1.267856e+01
4.024074e+00	-5.205313e+00	1.056997e+04	6.232858e-06	5.401242e-03	1.219740e+01
4.032000e+00	-5.221809e+00	1.076465e+04	6.000553e-06	5.500726e-03	1.174279e+01
4.040074e+00	-5.238611e+00	1.096664e+04	5.772828e-06	5.603942e-03	1.129714e+01
4.048000e+00	-5.255107e+00	1.116863e+04	5.557668e-06	5.707159e-03	1.087609e+01
4.056074e+00	-5.271910e+00	1.137820e+04	5.346751e-06	5.814249e-03	1.046333e+01
4.064000e+00	-5.288406e+00	1.158777e+04	5.147472e-06	5.921340e-03	1.007335e+01
4.072074e+00	-5.305209e+00	1.180521e+04	4.952122e-06	6.032449e-03	9.691063e+00
4.080000e+00	-5.321705e+00	1.202264e+04	4.767552e-06	6.143558e-03	9.329866e+00
4.088074e+00	-5.338507e+00	1.224824e+04	4.586620e-06	6.258837e-03	8.975792e+00
4.096000e+00	-5.355003e+00	1.247384e+04	4.415672e-06	6.374116e-03	8.641255e+00
4.104074e+00	-5.371806e+00	1.270790e+04	4.248094e-06	6.493721e-03	8.313314e+00
4.112000e+00	-5.388302e+00	1.294196e+04	4.089763e-06	6.613327e-03	8.003468e+00
4.120074e+00	-5.405104e+00	1.318480e+04	3.934554e-06	6.737420e-03	7.699731e+00
4.128000e+00	-5.421600e+00	1.342765e+04	3.787909e-06	6.861514e-03	7.412754e+00
4.136074e+00	-5.438403e+00	1.367961e+04	3.644156e-06	6.990265e-03	7.131435e+00
4.144000e+00	-5.454899e+00	1.393157e+04	3.508334e-06	7.119016e-03	6.865639e+00
4.152074e+00	-5.471702e+00	1.419298e+04	3.375190e-06	7.252599e-03	6.605083e+00
4.160000e+00	-5.488198e+00	1.445440e+04	3.249394e-06	7.386181e-03	6.358905e+00
4.168074e+00	-5.505000e+00	1.472562e+04	3.126077e-06	7.524777e-03	6.117581e+00
4.176000e+00	-5.521496e+00	1.499685e+04	3.009565e-06	7.663373e-03	5.889572e+00
4.184074e+00	-5.538299e+00	1.527825e+04	2.895350e-06	7.807170e-03	5.666059e+00
4.192000e+00	-5.554795e+00	1.555966e+04	2.787437e-06	7.950967e-03	5.454879e+00
4.200074e+00	-5.571598e+00	1.585162e+04	2.681652e-06	8.100161e-03	5.247863e+00
4.208000e+00	-5.588094e+00	1.614359e+04	2.581704e-06	8.249355e-03	5.052269e+00
4.216074e+00	-5.604896e+00	1.644651e+04	2.483727e-06	8.404147e-03	4.860532e+00
4.224000e+00	-5.621392e+00	1.674943e+04	2.391156e-06	8.558940e-03	4.679375e+00
4.232074e+00	-5.638195e+00	1.706372e+04	2.300410e-06	8.719542e-03	4.501790e+00
4.240000e+00	-5.654691e+00	1.737801e+04	2.214671e-06	8.880143e-03	4.334003e+00
4.248074e+00	-5.671493e+00	1.770409e+04	2.130623e-06	9.046772e-03	4.169525e+00
4.256000e+00	-5.687989e+00	1.803018e+04	2.051212e-06	9.213401e-03	4.014123e+00
4.264074e+00	-5.704792e+00	1.836850e+04	1.973367e-06	9.386283e-03	3.861784e+00
4.272000e+00	-5.721288e+00	1.870682e+04	1.899818e-06	9.559165e-03	3.717851e+00
4.280074e+00	-5.738091e+00	1.905784e+04	1.827719e-06	9.738536e-03	3.576756e+00
4.288000e+00	-5.754587e+00	1.940886e+04	1.759598e-06	9.917906e-03	3.443447e+00
4.296074e+00	-5.771389e+00	1.977305e+04	1.692820e-06	1.010401e-02	3.312766e+00
4.304000e+00	-5.787885e+00	2.013724e+04	1.629727e-06	1.029011e-02	3.189296e+00
4.312074e+00	-5.804688e+00	2.051510e+04	1.567877e-06	1.048319e-02	3.068260e+00
4.320000e+00	-5.821222e+00	2.089296e+04	1.509309e-06	1.067628e-02	2.953643e+00
4.328074e+00	-5.838164e+00	2.128500e+04	1.451564e-06	1.087661e-02	2.840641e+00
4.336000e+00	-5.854895e+00	2.167704e+04	1.396705e-06	1.107694e-02	2.733284e+00
4.344074e+00	-5.872039e+00	2.208379e+04	1.342645e-06	1.128479e-02	2.627491e+00
4.352000e+00	-5.888969e+00	2.249055e+04	1.291312e-06	1.149264e-02	2.527036e+00
4.360074e+00	-5.906314e+00	2.291256e+04	1.240754e-06	1.170829e-02	2.428096e+00
4.368000e+00	-5.923442e+00	2.333458e+04	1.192773e-06	1.192395e-02	2.334199e+00
4.376074e+00	-5.940990e+00	2.377244e+04	1.145541e-06	1.214769e-02	2.241767e+00
4.384000e+00	-5.958316e+00	2.421029e+04	1.100739e-06	1.237143e-02	2.154092e+00
4.392074e+00	-5.976065e+00	2.466458e+04	1.056659e-06	1.260357e-02	2.067831e+00
4.400000e+00	-5.993589e+00	2.511886e+04	1.014870e-06	1.283571e-02	1.986052e+00
4.408074e+00	-6.011541e+00	2.559020e+04	9.737766e-07	1.307656e-02	1.905633e+00
4.416000e+00	-6.029263e+00	2.606154e+04	9.348387e-07	1.331742e-02	1.829434e+00
4.424074e+00	-6.047416e+00	2.655056e+04	8.965688e-07	1.356731e-02	1.754541e+00
4.432000e+00	-6.065337e+00	2.703958e+04	8.603254e-07	1.381720e-02	1.683615e+00
4.440074e+00	-6.083692e+00	2.754696e+04	8.247224e-07	1.407647e-02	1.613942e+00
4.448000e+00	-6.101811e+00	2.805434e+04	7.910223e-07	1.433574e-02	1.547992e+00
4.456074e+00	-6.120368e+00	2.858075e+04	7.579348e-07	1.460473e-02	1.483241e+00
4.464000e+00	-6.138685e+00	2.910717e+04	7.266321e-07	1.487373e-02	1.421984e+00
4.472074e+00	-6.157444e+00	2.965334e+04	6.959144e-07	1.515283e-02	1.361871e+00
4.480000e+00	-6.175960e+00	3.019952e+04	6.668687e-07	1.543192e-02	1.305030e+00
4.488074e+00	-6.194920e+00	3.076619e+04	6.383805e-07	1.572149e-02	1.249280e+00
4.496000e+00	-6.213634e+00	3.133286e+04	6.114570e-07	1.601106e-02	1.196592e+00
4.504074e+00	-6.232797e+00	3.192079e+04	5.850640e-07	1.631149e-02	1.144942e+00
4.512000e+00	-6.251709e+00	3.250873e+04	5.601334e-07	1.661193e-02	1.096154e+00
4.520074e+00	-6.271073e+00	3.311873e+04	5.357066e-07	1.692364e-02	1.048352e+00
4.528000e+00	-6.290183e+00	3.372873e+04	5.126452e-07	1.723534e-02	1.003222e+00
4.536074e+00	-6.309749e+00	3.436162e+04	4.900615e-07	1.755875e-02	9.590264e-01
4.544000e+00	-6.329058e+00	3.499452e+04	4.687510e-07	1.788216e-02	9.173229e-01
4.552074e+00	-6.348826e+00	3.565116e+04	4.478927e-07	1.821770e-02	8.765042e-01
4.560000e+00	-6.368333e+00	3.630781e+04	4.282205e-07	1.855325e-02	8.380066e-01
4.568074e+00	-6.388303e+00	3.698909e+04	4.089755e-07	1.890139e-02	8.003451e-01
4.576000e+00	-6.408007e+00	3.767038e+04	3.908342e-07	1.924952e-02	7.648434e-01
4.584074e+00	-6.428180e+00	3.837723e+04	3.730959e-07	1.961073e-02	7.301305e-01
4.592000e+00	-6.448082e+00	3.908409e+04	3.563834e-07	1.997193e-02	6.974250e-01
4.600074e+00	-6.468456e+00	3.981747e+04	3.400506e-07	2.034668e-02	6.654625e-01
4.608000e+00	-6.488558e+00	4.055085e+04	3.246702e-07	2.072144e-02	6.353637e-01
4.616074e+00	-6.509133e+00	4.131176e+04	3.096468e-07	2.111026e-02	6.059637e-01
4.624000e+00	-6.529433e+00	4.207266e+04	2.955066e-07	2.149908e-02	5.782920e-01
4.632074e+00	-6.550211e+00	4.286212e+04	2.817017e-07	2.190250e-02	5.512765e-01
4.640000e+00	-6.570708e+00	4.365158e+04	2.687150e-07	2.230591e-02	5.258621e-01
4.648074e+00	-6.591688e+00	4.447067e+04	2.560426e-07	2.272446e-02	5.010629e-01
4.656000e+00	-6.612384e+00	4.528976e+04	2.441273e-07	2.314302e-02	4.777453e-01
4.664074e+00	-6.633565e+00	4.613958e+04	2.325064e-07	2.357728e-02	4.550037e-01
4.672000e+00	-6.654459e+00	4.698941e+04	2.215853e-07	2.401154e-02	4.336316e-01
4.680074e+00	-6.675843e+00	4.787113e+04	2.109393e-07	2.446210e-02	4.127979e-01
4.688000e+00	-6.696935e+00	4.875285e+04	2.009395e-07	2.491265e-02	3.932287e-01
4.696074e+00	-6.718520e+00	4.966766e+04	1.911965e-07	2.538012e-02	3.741622e-01
4.704000e+00	-6.739811e+00	5.058247e+04	1.820495e-07	2.584759e-02	3.562620e-01
4.712074e+00	-6.761598e+00	5.153161e+04	1.731419e-07	2.633259e-02	3.388303e-01
4.720000e+00	-6.783086e+00	5.248075e+04	1.647834e-07	2.681760e-02	3.224732e-01
4.728074e+00	-6.805076e+00	5.346551e+04	1.566479e-07	2.732082e-02	3.065523e-01
4.736000e+00	-6.826762e+00	5.445027e+04	1.490176e-07	2.782403e-02	2.916202e-01
4.744074e+00	-6.848953e+00	5.547198e+04	1.415946e-07	2.834612e-02	2.770937e-01
4.752000e+00	-6.870838e+00	5.649370e+04	1.346361e-07	2.886822e-02	2.634763e-01
4.760074e+00	-6.893231e+00	5.755376e+04	1.278700e-07	2.940991e-02	2.502354e-01
4.768000e+00	-6.915315e+00	5.861382e+04	1.215305e-07	2.995160e-02	2.378293e-01
4.776074e+00	-6.937909e+00	5.971366e+04	1.153694e-07	3.051361e-02	2.257723e-01
4.784000e+00	-6.960191e+00	6.081350e+04	1.095996e-07	3.107563e-02	2.144811e-01
4.792074e+00	-6.982988e+00	6.195462e+04	1.039950e-07	3.165874e-02	2.035131e-01
4.800000e+00	-7.005467e+00	6.309573e+04	9.874899e-08	3.224185e-02	1.932470e-01
4.808074e+00	-7.028466e+00	6.427968e+04	9.365567e-08	3.284684e-02	1.832796e-01
4.816000e+00	-7.051144e+00	6.546362e+04	8.889066e-08	3.345184e-02	1.739547e-01
4.824074e+00	-7.074344e+00	6.669199e+04	8.426664e-08	3.407953e-02	1.649057e-01
4.832000e+00	-7.097220e+00	6.792036e+04	7.994283e-08	3.470723e-02	1.564442e-01
4.840074e+00	-7.120623e+00	6.919484e+04	7.574904e-08	3.535849e-02	1.482372e-01
4.848000e+00	-7.143697e+00	7.046931e+04	7.182949e-08	3.600974e-02	1.405668e-01
4.856074e+00	-7.167301e+00	7.179161e+04	6.802970e-08	3.668543e-02	1.331308e-01
4.864000e+00	-7.190574e+00	7.311391e+04	6.448014e-08	3.736113e-02	1.261845e-01
4.872074e+00	-7.214380e+00	7.448583e+04	6.104074e-08	3.806218e-02	1.194538e-01
4.880000e+00	-7.237851e+00	7.585776e+04	5.782945e-08	3.876323e-02	1.131694e-01
4.888074e+00	-7.261859e+00	7.728117e+04	5.471935e-08	3.949059e-02	1.070831e-01
4.896000e+00	-7.285528e+00	7.870458e+04	5.181697e-08	4.021795e-02	1.014033e-01
4.904074e+00	-7.309738e+00	8.018141e+04	4.900744e-08	4.097261e-02	9.590518e-02
4.912000e+00	-7.333605e+00	8.165824e+04	4.638684e-08	4.172727e-02	9.077680e-02
4.920074e+00	-7.358017e+00	8.319049e+04	4.385135e-08	4.251025e-02	8.581496e-02
4.928000e+00	-7.382082e+00	8.472274e+04	4.148753e-08	4.329323e-02	8.118908e-02
4.936074e+00	-7.406696e+00	8.631250e+04	3.920160e-08	4.410559e-02	7.671563e-02
4.944000e+00	-7.430960e+00	8.790225e+04	3.707150e-08	4.491795e-02	7.254713e-02
4.952074e+00	-7.455775e+00	8.955167e+04	3.501262e-08	4.576080e-02	6.851798e-02
4.960000e+00	-7.480237e+00	9.120108e+04	3.309503e-08	4.660365e-02	6.476536e-02
4.968074e+00	-7.505255e+00	9.291240e+04	3.124246e-08	4.747814e-02	6.113997e-02
4.976000e+00	-7.529915e+00	9.462372e+04	2.951788e-08	4.835262e-02	5.776505e-02
4.984074e+00	-7.555134e+00	9.639926e+04	2.785260e-08	4.925991e-02	5.450618e-02
4.992000e+00	-7.579993e+00	9.817479e+04	2.630313e-08	5.016721e-02	5.147395e-02
5.000074e+00	-7.605414e+00	1.000170e+05	2.480768e-08	5.110856e-02	4.854742e-02
5.008000e+00	-7.630470e+00	1.018591e+05	2.341691e-08	5.204991e-02	4.582576e-02
5.016074e+00	-7.656094e+00	1.037704e+05	2.207529e-08	5.302658e-02	4.320027e-02
5.024000e+00	-7.681348e+00	1.056818e+05	2.082820e-08	5.400326e-02	4.075978e-02
5.032074e+00	-7.707173e+00	1.076648e+05	1.962577e-08	5.501659e-02	3.840667e-02
5.040000e+00	-7.732626e+00	1.096478e+05	1.850861e-08	5.602992e-02	3.622044e-02
5.048074e+00	-7.758653e+00	1.117053e+05	1.743198e-08	5.708127e-02	3.411354e-02
5.056000e+00	-7.784304e+00	1.137627e+05	1.643220e-08	5.813263e-02	3.215701e-02
5.064074e+00	-7.810533e+00	1.158974e+05	1.546916e-08	5.922344e-02	3.027239e-02
5.072000e+00	-7.836383e+00	1.180321e+05	1.457530e-08	6.031426e-02	2.852315e-02
5.080074e+00	-7.862813e+00	1.202468e+05	1.371471e-08	6.144601e-02	2.683902e-02
5.088000e+00	-7.888861e+00	1.224616e+05	1.291633e-08	6.257775e-02	2.527663e-02
5.096074e+00	-7.915494e+00	1.247595e+05	1.214804e-08	6.375198e-02	2.377313e-02
5.104000e+00	-7.941739e+00	1.270574e+05	1.143564e-08	6.492620e-02	2.237900e-02
5.112074e+00	-7.968574e+00	1.294415e+05	1.075043e-08	6.614449e-02	2.103808e-02
5.120000e+00	-7.995018e+00	1.318257e+05	1.011538e-08	6.736278e-02	1.979530e-02
5.128074e+00	-8.022054e+00	1.342993e+05	9.504857e-09	6.862678e-02	1.860054e-02
5.136000e+00	-8.048697e+00	1.367729e+05	8.939298e-09	6.989079e-02	1.749377e-02
5.144074e+00	-8.075935e+00	1.393393e+05	8.395857e-09	7.120224e-02	1.643028e-02
5.152000e+00	-8.102775e+00	1.419058e+05	7.892683e-09	7.251368e-02	1.544560e-02
5.160074e+00	-8.130216e+00	1.445685e+05	7.409422e-09	7.387435e-02	1.449988e-02
5.168000e+00	-8.157254e+00	1.472313e+05	6.962189e-09	7.523501e-02	1.362466e-02
5.176074e+00	-8.184896e+00	1.499939e+05	6.532864e-09	7.664673e-02	1.278450e-02
5.184000e+00	-8.212133e+00	1.527566e+05	6.135738e-09	7.805846e-02	1.200734e-02
5.192074e+00	-8.239977e+00	1.556230e+05	5.754700e-09	7.952316e-02	1.126167e-02
5.200000e+00	-8.267412e+00	1.584893e+05	5.402412e-09	8.098787e-02	1.057226e-02
5.208074e+00	-8.295458e+00	1.614632e+05	5.064560e-09	8.250754e-02	9.911098e-03
5.216000e+00	-8.323091e+00	1.644372e+05	4.752351e-09	8.402722e-02	9.300120e-03
5.224074e+00	-8.351339e+00	1.675227e+05	4.453082e-09	8.560392e-02	8.714464e-03
5.232000e+00	-8.379171e+00	1.706082e+05	4.176661e-09	8.718062e-02	8.173522e-03
5.240074e+00	-8.407621e+00	1.738096e+05	3.911825e-09	8.881650e-02	7.655252e-03
5.248000e+00	-8.435650e+00	1.770109e+05	3.667329e-09	9.045237e-02	7.176784e-03
5.256074e+00	-8.464302e+00	1.803324e+05	3.433192e-09	9.214964e-02	6.718591e-03
5.264000e+00	-8.492530e+00	1.836538e+05	3.217143e-09	9.384691e-02	6.295791e-03
5.272074e+00	-8.521383e+00	1.871000e+05	3.010348e-09	9.560787e-02	5.891105e-03
5.280000e+00	-8.549809e+00	1.905461e+05	2.819621e-09	9.736883e-02	5.517860e-03
5.288074e+00	-8.578865e+00	1.941215e+05	2.637152e-09	9.919588e-02	5.160779e-03
5.296000e+00	-8.607489e+00	1.976970e+05	2.468942e-09	1.010229e-01	4.831600e-03
5.304074e+00	-8.636746e+00	2.014066e+05	2.308095e-09	1.029185e-01	4.516829e-03
5.312000e+00	-8.665569e+00	2.051162e+05	2.159887e-09	1.048142e-01	4.226795e-03
5.320074e+00	-8.695028e+00	2.089651e+05	2.018236e-09	1.067809e-01	3.949589e-03
5.328000e+00	-8.724049e+00	2.128139e+05	1.887779e-09	1.087477e-01	3.694292e-03
5.336074e+00	-8.753710e+00	2.168072e+05	1.763153e-09	1.107882e-01	3.450405e-03
5.344000e+00	-8.782929e+00	2.208005e+05	1.648432e-09	1.128288e-01	3.225902e-03
5.352074e+00	-8.812792e+00	2.249436e+05	1.538892e-09	1.149459e-01	3.011536e-03
5.360000e+00	-8.842209e+00	2.290868e+05	1.438106e-09	1.170631e-01	2.814304e-03
5.368074e+00	-8.872274e+00	2.333854e+05	1.341918e-09	1.192597e-01	2.626068e-03
5.376000e+00	-8.901889e+00	2.376840e+05	1.253461e-09	1.214563e-01	2.452961e-03
5.384074e+00	-8.932156e+00	2.421440e+05	1.169079e-09	1.237353e-01	2.287831e-03
5.392000e+00	-8.961970e+00	2.466039e+05	1.091517e-09	1.260143e-01	2.136045e-03
5.400074e+00	-8.992438e+00	2.512313e+05	1.017564e-09	1.283789e-01	1.991323e-03
5.408000e+00	-9.022450e+00	2.558586e+05	9.496200e-10	1.307435e-01	1.858360e-03
5.416074e+00	-9.053121e+00	2.606596e+05	8.848695e-10	1.331968e-01	1.731647e-03
5.424000e+00	-9.083331e+00	2.654606e+05	8.254091e-10	1.356501e-01	1.615285e-03
5.432074e+00	-9.114203e+00	2.704417e+05	7.687705e-10	1.381954e-01	1.504447e-03
5.440000e+00	-9.144611e+00	2.754229e+05	7.167844e-10	1.407408e-01	1.402712e-03
5.448074e+00	-9.175686e+00	2.805910e+05	6.672893e-10	1.433817e-01	1.305853e-03
5.456000e+00	-9.206292e+00	2.857591e+05	6.218817e-10	1.460226e-01	1.216992e-03
5.464074e+00	-9.237569e+00	2.911211e+05	5.786706e-10	1.487626e-01	1.132430e-03
5.472000e+00	-9.268373e+00	2.964831e+05	5.390473e-10	1.515026e-01	1.054889e-03
5.480074e+00	-9.299851e+00	3.020464e+05	5.013588e-10	1.543454e-01	9.811348e-04
5.488000e+00	-9.330854e+00	3.076097e+05	4.668161e-10	1.571882e-01	9.135364e-04
5.496074e+00	-9.362534e+00	3.133817e+05	4.339760e-10	1.601377e-01	8.492699e-04
5.504000e+00	-9.393735e+00	3.191538e+05	4.038915e-10	1.630872e-01	7.903960e-04
5.512074e+00	-9.425617e+00	3.251425e+05	3.753036e-10	1.661474e-01	7.344508e-04
5.520000e+00	-9.457017e+00	3.311311e+05	3.491270e-10	1.692076e-01	6.832246e-04
5.528074e+00	-9.489100e+00	3.373445e+05	3.242646e-10	1.723827e-01	6.345701e-04
5.536000e+00	-9.520698e+00	3.435579e+05	3.015103e-10	1.755577e-01	5.900410e-04
5.544074e+00	-9.552984e+00	3.500045e+05	2.799087e-10	1.788519e-01	5.477676e-04
5.552000e+00	-9.584779e+00	3.564511e+05	2.601481e-10	1.821461e-01	5.090972e-04
5.560074e+00	-9.617267e+00	3.631397e+05	2.413976e-10	1.855640e-01	4.724034e-04
5.568000e+00	-9.649261e+00	3.698282e+05	2.242535e-10	1.889818e-01	4.388531e-04
5.576074e+00	-9.681950e+00	3.767677e+05	2.079934e-10	1.925279e-01	4.070330e-04
5.584000e+00	-9.714143e+00	3.837072e+05	1.931334e-10	1.960740e-01	3.779528e-04
5.592074e+00	-9.747034e+00	3.909072e+05	1.790466e-10	1.997532e-01	3.503854e-04
5.600000e+00	-9.779424e+00	3.981072e+05	1.661788e-10	2.034323e-01	3.252039e-04
5.608074e+00	-9.812518e+00	4.055773e+05	1.539864e-10	2.072496e-01	3.013439e-04
5.616000e+00	-9.845106e+00	4.130475e+05	1.428545e-10	2.110668e-01	2.795593e-04
5.624074e+00	-9.878401e+00	4.207980e+05	1.323118e-10	2.150273e-01	2.589277e-04
5.632000e+00	-9.911188e+00	4.285485e+05	1.226908e-10	2.189878e-01	2.400998e-04
5.640074e+00	-9.944685e+00	4.365899e+05	1.135834e-10	2.230970e-01	2.222771e-04
5.648000e+00	-9.977670e+00	4.446313e+05	1.052761e-10	2.272061e-01	2.060202e-04
5.656074e+00	-1.001137e+01	4.529744e+05	9.741609e-11	2.314694e-01	1.906385e-04
5.664000e+00	-1.004455e+01	4.613176e+05	9.025008e-11	2.357328e-01	1.766150e-04
5.672074e+00	-1.007845e+01	4.699738e+05	8.347311e-11	2.401561e-01	1.633528e-04
5.680000e+00	-1.011183e+01	4.786301e+05	7.729747e-11	2.445795e-01	1.512674e-04
5.688074e+00	-1.014594e+01	4.876112e+05	7.145990e-11	2.491688e-01	1.398435e-04
5.696000e+00	-1.017952e+01	4.965923e+05	6.614284e-11	2.537581e-01	1.294383e-04
5.704074e+00	-1.021382e+01	5.059105e+05	6.111926e-11	2.585197e-01	1.196074e-04
5.712000e+00	-1.024760e+01	5.152286e+05	5.654580e-11	2.632813e-01	1.106574e-04
5.720074e+00	-1.028211e+01	5.248965e+05	5.222683e-11	2.682215e-01	1.022054e-04
5.728000e+00	-1.031608e+01	5.345644e+05	4.829673e-11	2.731618e-01	9.451435e-05
5.736074e+00	-1.035079e+01	5.445950e+05	4.458709e-11	2.782875e-01	8.725477e-05
5.744000e+00	-1.038497e+01	5.546257e+05	4.121307e-11	2.834131e-01	8.065197e-05
5.752074e+00	-1.041988e+01	5.650328e+05	3.802984e-11	2.887312e-01	7.442255e-05
5.760000e+00	-1.045425e+01	5.754399e+05	3.513599e-11	2.940492e-01	6.875941e-05
5.768074e+00	-1.048936e+01	5.862376e+05	3.240707e-11	2.995668e-01	6.341906e-05
5.776000e+00	-1.052393e+01	5.970353e+05	2.992741e-11	3.050844e-01	5.856649e-05
5.784074e+00	-1.055925e+01	6.082382e+05	2.759021e-11	3.108090e-01	5.399269e-05
5.792000e+00	-1.059401e+01	6.194411e+05	2.546749e-11	3.165337e-01	4.983864e-05
5.800074e+00	-1.062953e+01	6.310644e+05	2.346767e-11	3.224732e-01	4.592509e-05
5.808000e+00	-1.066450e+01	6.426877e+05	2.165225e-11	3.284127e-01	4.237239e-05
5.816074e+00	-1.070022e+01	6.547472e+05	1.994274e-11	3.345751e-01	3.902698e-05
5.824000e+00	-1.073538e+01	6.668068e+05	1.839161e-11	3.407375e-01	3.599148e-05
5.832074e+00	-1.077130e+01	6.793189e+05	1.693167e-11	3.471312e-01	3.313445e-05
5.840000e+00	-1.080666e+01	6.918310e+05	1.560761e-11	3.535249e-01	3.054333e-05
5.848074e+00	-1.084279e+01	7.048126e+05	1.436199e-11	3.601585e-01	2.810571e-05
5.856000e+00	-1.087835e+01	7.177943e+05	1.323283e-11	3.667921e-01	2.589601e-05
5.864074e+00	-1.091467e+01	7.312631e+05	1.217108e-11	3.736747e-01	2.381821e-05
5.872000e+00	-1.095043e+01	7.447320e+05	1.120906e-11	3.805572e-01	2.193559e-05
5.880074e+00	-1.098696e+01	7.587063e+05	1.030490e-11	3.876981e-01	2.016618e-05
5.888000e+00	-1.102291e+01	7.726806e+05	9.486053e-12	3.948389e-01	1.856374e-05
5.896074e+00	-1.105964e+01	7.871793e+05	8.716819e-12	4.022478e-01	1.705839e-05
5.904000e+00	-1.109580e+01	8.016781e+05	8.020505e-12	4.096566e-01	1.569574e-05
5.912074e+00	-1.113273e+01	8.167209e+05	7.366689e-12	4.173435e-01	1.441625e-05
5.920000e+00	-1.116908e+01	8.317638e+05	6.775133e-12	4.250304e-01	1.325861e-05
5.928074e+00	-1.120621e+01	8.473712e+05	6.219945e-12	4.330057e-01	1.217213e-05
5.936000e+00	-1.124277e+01	8.629785e+05	5.717864e-12	4.409811e-01	1.118958e-05
5.944074e+00	-1.128010e+01	8.791717e+05	5.246874e-12	4.492558e-01	1.026788e-05
5.952000e+00	-1.131685e+01	8.953648e+05	4.821139e-12	4.575304e-01	9.434735e-06
5.960074e+00	-1.135439e+01	9.121656e+05	4.421958e-12	4.661156e-01	8.653556e-06
5.968000e+00	-1.139133e+01	9.289664e+05	4.061303e-12	4.747008e-01	7.947773e-06
5.976074e+00	-1.142907e+01	9.463977e+05	3.723303e-12	4.836082e-01	7.286324e-06
5.984000e+00	-1.146622e+01	9.638290e+05	3.418071e-12	4.925156e-01	6.688999e-06
