########################################################################
#_src is in the AGN rest frame:cosmo                 
#nu_src  nuFnu_somma_src  nuFnu_Sync_src nuFnu_SSC_src nu_Fnu_Disk_src  nu_Fnu_DT_src nu_Fnu_Star_src nu_Fnu_EC_Disk_src nu_Fnu_EC_BLR_src nu_Fnu_EC_DT_src nu_Fnu_EC_Star_src nu_Fnu_EC_CMB_src  
########################################################################
6.0132e+00	 -6.5673e+01	 -6.5673e+01	 -6.5673e+01	 -6.5673e+01	 -6.5673e+01	 -6.5673e+01	 -6.5673e+01	 -6.5673e+01 -6.5673e+01	 -6.5673e+01	 -6.5673e+01
6.1332e+00	 -6.5673e+01	 -6.5673e+01	 -6.5673e+01	 -6.5673e+01	 -6.5673e+01	 -6.5673e+01	 -6.5673e+01	 -6.5673e+01 -6.5673e+01	 -6.5673e+01	 -6.5673e+01
6.2532e+00	 -6.5673e+01	 -6.5673e+01	 -6.5673e+01	 -6.5673e+01	 -6.5673e+01	 -6.5673e+01	 -6.5673e+01	 -6.5673e+01 -6.5673e+01	 -6.5673e+01	 -6.5673e+01
6.3732e+00	 -6.5673e+01	 -6.5673e+01	 -6.5673e+01	 -6.5673e+01	 -6.5673e+01	 -6.5673e+01	 -6.5673e+01	 -6.5673e+01 -6.5673e+01	 -6.5673e+01	 -6.5673e+01
6.4932e+00	 -6.5673e+01	 -6.5673e+01	 -6.5673e+01	 -6.5673e+01	 -6.5673e+01	 -6.5673e+01	 -6.5673e+01	 -6.5673e+01 -6.5673e+01	 -6.5673e+01	 -6.5673e+01
6.6132e+00	 -6.5673e+01	 -6.5673e+01	 -6.5673e+01	 -6.5673e+01	 -6.5673e+01	 -6.5673e+01	 -6.5673e+01	 -6.5673e+01 -6.5673e+01	 -6.5673e+01	 -6.5673e+01
6.7332e+00	 -6.5673e+01	 -6.5673e+01	 -6.5673e+01	 -6.5673e+01	 -6.5673e+01	 -6.5673e+01	 -6.5673e+01	 -6.5673e+01 -6.5673e+01	 -6.5673e+01	 -6.5673e+01
6.8532e+00	 -6.5673e+01	 -6.5673e+01	 -6.5673e+01	 -6.5673e+01	 -6.5673e+01	 -6.5673e+01	 -6.5673e+01	 -6.5673e+01 -6.5673e+01	 -6.5673e+01	 -6.5673e+01
6.9732e+00	 -6.5673e+01	 -6.5673e+01	 -6.5673e+01	 -6.5673e+01	 -6.5673e+01	 -6.5673e+01	 -6.5673e+01	 -6.5673e+01 -6.5673e+01	 -6.5673e+01	 -6.5673e+01
7.0932e+00	 -6.5673e+01	 -6.5673e+01	 -6.5673e+01	 -6.5673e+01	 -6.5673e+01	 -6.5673e+01	 -6.5673e+01	 -6.5673e+01 -6.5673e+01	 -6.5673e+01	 -6.5673e+01
7.2132e+00	 -6.5673e+01	 -6.5673e+01	 -6.5673e+01	 -6.5673e+01	 -6.5673e+01	 -6.5673e+01	 -6.5673e+01	 -6.5673e+01 -6.5673e+01	 -6.5673e+01	 -6.5673e+01
7.3332e+00	 -6.5673e+01	 -6.5673e+01	 -6.5673e+01	 -6.5673e+01	 -6.5673e+01	 -6.5673e+01	 -6.5673e+01	 -6.5673e+01 -6.5673e+01	 -6.5673e+01	 -6.5673e+01
7.4532e+00	 3.1395e+01	 3.1395e+01	 -6.5673e+01	 -6.5673e+01	 -6.5673e+01	 -6.5673e+01	 -6.5673e+01	 -6.5673e+01 -6.5673e+01	 -6.5673e+01	 -6.5673e+01
7.5732e+00	 3.1732e+01	 3.1732e+01	 -6.5673e+01	 -6.5673e+01	 -6.5673e+01	 -6.5673e+01	 -6.5673e+01	 -6.5673e+01 -6.5673e+01	 -6.5673e+01	 -6.5673e+01
7.6932e+00	 3.2071e+01	 3.2071e+01	 -6.5673e+01	 -6.5673e+01	 -6.5673e+01	 -6.5673e+01	 -6.5673e+01	 -6.5673e+01 -6.5673e+01	 -6.5673e+01	 -6.5673e+01
7.8132e+00	 3.2416e+01	 3.2416e+01	 -6.5673e+01	 -6.5673e+01	 -6.5673e+01	 -6.5673e+01	 -6.5673e+01	 -6.5673e+01 -6.5673e+01	 -6.5673e+01	 -6.5673e+01
7.9332e+00	 3.2772e+01	 3.2772e+01	 -6.5673e+01	 -6.5673e+01	 -6.5673e+01	 -6.5673e+01	 -6.5673e+01	 -6.5673e+01 -6.5673e+01	 -6.5673e+01	 -6.5673e+01
8.0532e+00	 3.3143e+01	 3.3143e+01	 -6.5673e+01	 -6.5673e+01	 -6.5673e+01	 -6.5673e+01	 -6.5673e+01	 -6.5673e+01 -6.5673e+01	 -6.5673e+01	 -6.5673e+01
8.1732e+00	 3.3531e+01	 3.3531e+01	 -6.5673e+01	 -6.5673e+01	 -6.5673e+01	 -6.5673e+01	 -6.5673e+01	 -6.5673e+01 -6.5673e+01	 -6.5673e+01	 -6.5673e+01
8.2932e+00	 3.3933e+01	 3.3933e+01	 -6.5673e+01	 -6.5673e+01	 -6.5673e+01	 -6.5673e+01	 -6.5673e+01	 -6.5673e+01 -6.5673e+01	 -6.5673e+01	 -6.5673e+01
8.4132e+00	 3.4345e+01	 3.4345e+01	 -6.5673e+01	 -6.5673e+01	 -6.5673e+01	 -6.5673e+01	 -6.5673e+01	 -6.5673e+01 -6.5673e+01	 -6.5673e+01	 -6.5673e+01
8.5332e+00	 3.4763e+01	 3.4763e+01	 -6.5673e+01	 -6.5673e+01	 -6.5673e+01	 -6.5673e+01	 -6.5673e+01	 -6.5673e+01 -6.5673e+01	 -6.5673e+01	 -6.5673e+01
8.6532e+00	 3.5183e+01	 3.5183e+01	 -6.5673e+01	 -6.5673e+01	 -6.5673e+01	 -6.5673e+01	 -6.5673e+01	 -6.5673e+01 -6.5673e+01	 -6.5673e+01	 -6.5673e+01
8.7732e+00	 3.5602e+01	 3.5602e+01	 -6.5673e+01	 -6.5673e+01	 -6.5673e+01	 -6.5673e+01	 -6.5673e+01	 -6.5673e+01 -6.5673e+01	 -6.5673e+01	 -6.5673e+01
8.8932e+00	 3.6022e+01	 3.6022e+01	 -6.5673e+01	 -6.5673e+01	 -6.5673e+01	 -6.5673e+01	 -6.5673e+01	 -6.5673e+01 -6.5673e+01	 -6.5673e+01	 -6.5673e+01
9.0132e+00	 3.6442e+01	 3.6442e+01	 -6.5673e+01	 -6.5673e+01	 -6.5673e+01	 -6.5673e+01	 -6.5673e+01	 -6.5673e+01 -6.5673e+01	 -6.5673e+01	 -6.5673e+01
9.1332e+00	 3.6862e+01	 3.6862e+01	 -6.5673e+01	 -6.5673e+01	 -6.5673e+01	 -6.5673e+01	 -6.5673e+01	 -6.5673e+01 -6.5673e+01	 -6.5673e+01	 -6.5673e+01
9.2532e+00	 3.7282e+01	 3.7282e+01	 -6.5673e+01	 -6.5673e+01	 -6.5673e+01	 -6.5673e+01	 -6.5673e+01	 -6.5673e+01 -6.5673e+01	 -6.5673e+01	 -6.5673e+01
9.3732e+00	 3.7702e+01	 3.7702e+01	 -6.5673e+01	 -6.5673e+01	 -6.5673e+01	 -6.5673e+01	 -6.5673e+01	 -6.5673e+01 -6.5673e+01	 -6.5673e+01	 -6.5673e+01
9.4932e+00	 3.8122e+01	 3.8122e+01	 -6.5673e+01	 -6.5673e+01	 -6.5673e+01	 -6.5673e+01	 -6.5673e+01	 -6.5673e+01 -6.5673e+01	 -6.5673e+01	 -6.5673e+01
9.6132e+00	 3.8542e+01	 3.8542e+01	 -6.5673e+01	 -6.5673e+01	 -6.5673e+01	 -6.5673e+01	 -6.5673e+01	 -6.5673e+01 -6.5673e+01	 -6.5673e+01	 -6.5673e+01
9.7332e+00	 3.8962e+01	 3.8962e+01	 -6.5673e+01	 -6.5673e+01	 -6.5673e+01	 -6.5673e+01	 -6.5673e+01	 -6.5673e+01 -6.5673e+01	 -6.5673e+01	 -6.5673e+01
9.8532e+00	 3.9382e+01	 3.9382e+01	 -6.5673e+01	 -6.5673e+01	 -6.5673e+01	 -6.5673e+01	 -6.5673e+01	 -6.5673e+01 -6.5673e+01	 -6.5673e+01	 -6.5673e+01
9.9732e+00	 3.9802e+01	 3.9802e+01	 -6.5673e+01	 -6.5673e+01	 -6.5673e+01	 -6.5673e+01	 -6.5673e+01	 -6.5673e+01 -6.5673e+01	 -6.5673e+01	 -6.5673e+01
1.0093e+01	 4.0222e+01	 4.0222e+01	 -6.5673e+01	 -6.5673e+01	 -6.5673e+01	 -6.5673e+01	 -6.5673e+01	 -6.5673e+01 -6.5673e+01	 -6.5673e+01	 -6.5673e+01
1.0213e+01	 4.0642e+01	 4.0642e+01	 -6.5673e+01	 -6.5673e+01	 -6.5673e+01	 -6.5673e+01	 -6.5673e+01	 -6.5673e+01 -6.5673e+01	 -6.5673e+01	 -6.5673e+01
1.0333e+01	 4.1061e+01	 4.1061e+01	 -6.5673e+01	 -6.5673e+01	 -6.5673e+01	 -6.5673e+01	 -6.5673e+01	 -6.5673e+01 -6.5673e+01	 -6.5673e+01	 -6.5673e+01
1.0453e+01	 4.1471e+01	 4.1471e+01	 -6.5673e+01	 -6.5673e+01	 -6.5673e+01	 -6.5673e+01	 -6.5673e+01	 -6.5673e+01 -6.5673e+01	 -6.5673e+01	 -6.5673e+01
1.0573e+01	 4.1848e+01	 4.1848e+01	 -6.5673e+01	 -6.5673e+01	 -6.5673e+01	 -6.5673e+01	 -6.5673e+01	 -6.5673e+01 -6.5673e+01	 -6.5673e+01	 -6.5673e+01
1.0693e+01	 4.2154e+01	 4.2154e+01	 -6.5673e+01	 -6.5673e+01	 -6.5673e+01	 -6.5673e+01	 -6.5673e+01	 -6.5673e+01 -6.5673e+01	 -6.5673e+01	 -6.5673e+01
1.0813e+01	 4.2363e+01	 4.2363e+01	 -6.5673e+01	 -6.5673e+01	 -6.5673e+01	 -6.5673e+01	 -6.5673e+01	 -6.5673e+01 -6.5673e+01	 -6.5673e+01	 -6.5673e+01
1.0933e+01	 4.2495e+01	 4.2495e+01	 -6.5673e+01	 -6.5673e+01	 -6.5673e+01	 -6.5673e+01	 -6.5673e+01	 -6.5673e+01 -6.5673e+01	 -6.5673e+01	 -6.5673e+01
1.1053e+01	 4.2584e+01	 4.2584e+01	 -6.5673e+01	 -6.5673e+01	 -6.5673e+01	 -6.5673e+01	 -6.5673e+01	 -6.5673e+01 -6.5673e+01	 -6.5673e+01	 -6.5673e+01
1.1173e+01	 4.2653e+01	 4.2653e+01	 -6.5673e+01	 -6.5673e+01	 -6.5673e+01	 -6.5673e+01	 -6.5673e+01	 -6.5673e+01 -6.5673e+01	 -6.5673e+01	 -6.5673e+01
1.1293e+01	 4.2715e+01	 4.2715e+01	 -6.5673e+01	 -6.5673e+01	 -6.5673e+01	 -6.5673e+01	 -6.5673e+01	 -6.5673e+01 -6.5673e+01	 -6.5673e+01	 -6.5673e+01
1.1413e+01	 4.2773e+01	 4.2773e+01	 -6.5673e+01	 -6.5673e+01	 -6.5673e+01	 -6.5673e+01	 -6.5673e+01	 -6.5673e+01 -6.5673e+01	 -6.5673e+01	 -6.5673e+01
1.1533e+01	 4.2830e+01	 4.2830e+01	 -6.5673e+01	 -6.5673e+01	 -6.5673e+01	 -6.5673e+01	 -6.5673e+01	 -6.5673e+01 -6.5673e+01	 -6.5673e+01	 -6.5673e+01
1.1653e+01	 4.2885e+01	 4.2885e+01	 -6.5673e+01	 -6.5673e+01	 -6.5673e+01	 -6.5673e+01	 -6.5673e+01	 -6.5673e+01 -6.5673e+01	 -6.5673e+01	 -6.5673e+01
1.1773e+01	 4.2941e+01	 4.2941e+01	 -6.5673e+01	 -6.5673e+01	 -6.5673e+01	 -6.5673e+01	 -6.5673e+01	 -6.5673e+01 -6.5673e+01	 -6.5673e+01	 -6.5673e+01
1.1893e+01	 4.2996e+01	 4.2996e+01	 -6.5673e+01	 -6.5673e+01	 -6.5673e+01	 -6.5673e+01	 -6.5673e+01	 -6.5673e+01 -6.5673e+01	 -6.5673e+01	 -6.5673e+01
1.2013e+01	 4.3051e+01	 4.3051e+01	 -6.5673e+01	 -6.5673e+01	 -6.5673e+01	 -6.5673e+01	 -6.5673e+01	 -6.5673e+01 -6.5673e+01	 -6.5673e+01	 -6.5673e+01
1.2133e+01	 4.3106e+01	 4.3106e+01	 -6.5673e+01	 -6.5673e+01	 -6.5673e+01	 -6.5673e+01	 -6.5673e+01	 -6.5673e+01 -6.5673e+01	 -6.5673e+01	 -6.5673e+01
1.2253e+01	 4.3161e+01	 4.3161e+01	 -6.5673e+01	 -6.5673e+01	 -6.5673e+01	 -6.5673e+01	 -6.5673e+01	 -6.5673e+01 -6.5673e+01	 -6.5673e+01	 -6.5673e+01
1.2373e+01	 4.3216e+01	 4.3216e+01	 -6.5673e+01	 -6.5673e+01	 -6.5673e+01	 -6.5673e+01	 -6.5673e+01	 -6.5673e+01 -6.5673e+01	 -6.5673e+01	 -6.5673e+01
1.2493e+01	 4.3272e+01	 4.3272e+01	 -6.5673e+01	 -6.5673e+01	 -6.5673e+01	 -6.5673e+01	 -6.5673e+01	 -6.5673e+01 -6.5673e+01	 -6.5673e+01	 -6.5673e+01
1.2613e+01	 4.3327e+01	 4.3327e+01	 -6.5673e+01	 -6.5673e+01	 -6.5673e+01	 -6.5673e+01	 -6.5673e+01	 -6.5673e+01 -6.5673e+01	 -6.5673e+01	 -6.5673e+01
1.2733e+01	 4.3382e+01	 4.3382e+01	 -6.5673e+01	 -6.5673e+01	 -6.5673e+01	 -6.5673e+01	 -6.5673e+01	 -6.5673e+01 -6.5673e+01	 -6.5673e+01	 -6.5673e+01
1.2853e+01	 4.3437e+01	 4.3437e+01	 -6.5673e+01	 -6.5673e+01	 -6.5673e+01	 -6.5673e+01	 -6.5673e+01	 -6.5673e+01 -6.5673e+01	 -6.5673e+01	 -6.5673e+01
1.2973e+01	 4.3492e+01	 4.3492e+01	 -6.5673e+01	 -6.5673e+01	 -6.5673e+01	 -6.5673e+01	 -6.5673e+01	 -6.5673e+01 -6.5673e+01	 -6.5673e+01	 -6.5673e+01
1.3093e+01	 4.3547e+01	 4.3547e+01	 -6.5673e+01	 -6.5673e+01	 -6.5673e+01	 -6.5673e+01	 -6.5673e+01	 -6.5673e+01 -6.5673e+01	 -6.5673e+01	 -6.5673e+01
1.3213e+01	 4.3602e+01	 4.3602e+01	 -6.5673e+01	 -6.5673e+01	 -6.5673e+01	 -6.5673e+01	 -6.5673e+01	 -6.5673e+01 -6.5673e+01	 -6.5673e+01	 -6.5673e+01
1.3333e+01	 4.3657e+01	 4.3657e+01	 -6.5673e+01	 -6.5673e+01	 -6.5673e+01	 -6.5673e+01	 -6.5673e+01	 -6.5673e+01 -6.5673e+01	 -6.5673e+01	 -6.5673e+01
1.3453e+01	 4.3712e+01	 4.3712e+01	 -6.5673e+01	 -6.5673e+01	 -6.5673e+01	 -6.5673e+01	 -6.5673e+01	 -6.5673e+01 -6.5673e+01	 -6.5673e+01	 -6.5673e+01
1.3573e+01	 4.3766e+01	 4.3766e+01	 -6.5673e+01	 -6.5673e+01	 -6.5673e+01	 -6.5673e+01	 -6.5673e+01	 -6.5673e+01 -6.5673e+01	 -6.5673e+01	 -6.5673e+01
1.3693e+01	 4.3821e+01	 4.3821e+01	 -6.5673e+01	 -6.5673e+01	 -6.5673e+01	 -6.5673e+01	 -6.5673e+01	 -6.5673e+01 -6.5673e+01	 -6.5673e+01	 -6.5673e+01
1.3813e+01	 4.3876e+01	 4.3876e+01	 -6.5673e+01	 -6.5673e+01	 -6.5673e+01	 -6.5673e+01	 -6.5673e+01	 -6.5673e+01 -6.5673e+01	 -6.5673e+01	 -6.5673e+01
1.3933e+01	 4.3930e+01	 4.3930e+01	 -6.5673e+01	 -6.5673e+01	 -6.5673e+01	 -6.5673e+01	 -6.5673e+01	 -6.5673e+01 -6.5673e+01	 -6.5673e+01	 -6.5673e+01
1.4053e+01	 4.3985e+01	 4.3985e+01	 -6.5673e+01	 -6.5673e+01	 -6.5673e+01	 -6.5673e+01	 -6.5673e+01	 -6.5673e+01 -6.5673e+01	 -6.5673e+01	 -6.5673e+01
1.4173e+01	 4.4039e+01	 4.4039e+01	 -6.5673e+01	 -6.5673e+01	 -6.5673e+01	 -6.5673e+01	 -6.5673e+01	 -6.5673e+01 -6.5673e+01	 -6.5673e+01	 -6.5673e+01
1.4293e+01	 4.4093e+01	 4.4093e+01	 -6.5673e+01	 -6.5673e+01	 -6.5673e+01	 -6.5673e+01	 -6.5673e+01	 -6.5673e+01 -6.5673e+01	 -6.5673e+01	 -6.5673e+01
1.4413e+01	 4.4146e+01	 4.4146e+01	 -6.5673e+01	 -6.5673e+01	 -6.5673e+01	 -6.5673e+01	 -6.5673e+01	 -6.5673e+01 -6.5673e+01	 -6.5673e+01	 -6.5673e+01
1.4533e+01	 4.4200e+01	 4.4200e+01	 -6.5673e+01	 -6.5673e+01	 -6.5673e+01	 -6.5673e+01	 -6.5673e+01	 -6.5673e+01 -6.5673e+01	 -6.5673e+01	 -6.5673e+01
1.4653e+01	 4.4252e+01	 4.4252e+01	 -6.5673e+01	 -6.5673e+01	 -6.5673e+01	 -6.5673e+01	 -6.5673e+01	 -6.5673e+01 -6.5673e+01	 -6.5673e+01	 -6.5673e+01
1.4773e+01	 4.4304e+01	 4.4304e+01	 -6.5673e+01	 -6.5673e+01	 -6.5673e+01	 -6.5673e+01	 -6.5673e+01	 -6.5673e+01 -6.5673e+01	 -6.5673e+01	 -6.5673e+01
1.4893e+01	 4.4355e+01	 4.4355e+01	 -6.5673e+01	 -6.5673e+01	 -6.5673e+01	 -6.5673e+01	 -6.5673e+01	 -6.5673e+01 -6.5673e+01	 -6.5673e+01	 -6.5673e+01
1.5013e+01	 4.4406e+01	 4.4406e+01	 -6.5673e+01	 -6.5673e+01	 -6.5673e+01	 -6.5673e+01	 -6.5673e+01	 -6.5673e+01 -6.5673e+01	 -6.5673e+01	 -6.5673e+01
1.5133e+01	 4.4455e+01	 4.4455e+01	 -6.5673e+01	 -6.5673e+01	 -6.5673e+01	 -6.5673e+01	 -6.5673e+01	 -6.5673e+01 -6.5673e+01	 -6.5673e+01	 -6.5673e+01
1.5253e+01	 4.4502e+01	 4.4502e+01	 -6.5673e+01	 -6.5673e+01	 -6.5673e+01	 -6.5673e+01	 -6.5673e+01	 -6.5673e+01 -6.5673e+01	 -6.5673e+01	 -6.5673e+01
1.5373e+01	 4.4548e+01	 4.4548e+01	 -6.5673e+01	 -6.5673e+01	 -6.5673e+01	 -6.5673e+01	 -6.5673e+01	 -6.5673e+01 -6.5673e+01	 -6.5673e+01	 -6.5673e+01
1.5493e+01	 4.4591e+01	 4.4591e+01	 -6.5673e+01	 -6.5673e+01	 -6.5673e+01	 -6.5673e+01	 -6.5673e+01	 -6.5673e+01 -6.5673e+01	 -6.5673e+01	 -6.5673e+01
1.5613e+01	 4.4632e+01	 4.4632e+01	 -6.5673e+01	 -6.5673e+01	 -6.5673e+01	 -6.5673e+01	 -6.5673e+01	 -6.5673e+01 -6.5673e+01	 -6.5673e+01	 -6.5673e+01
1.5733e+01	 4.4670e+01	 4.4670e+01	 -6.5673e+01	 -6.5673e+01	 -6.5673e+01	 -6.5673e+01	 -6.5673e+01	 -6.5673e+01 -6.5673e+01	 -6.5673e+01	 -6.5673e+01
1.5853e+01	 4.4704e+01	 4.4704e+01	 -6.5673e+01	 -6.5673e+01	 -6.5673e+01	 -6.5673e+01	 -6.5673e+01	 -6.5673e+01 -6.5673e+01	 -6.5673e+01	 -6.5673e+01
1.5973e+01	 4.4735e+01	 4.4735e+01	 -6.5673e+01	 -6.5673e+01	 -6.5673e+01	 -6.5673e+01	 -6.5673e+01	 -6.5673e+01 -6.5673e+01	 -6.5673e+01	 -6.5673e+01
1.6093e+01	 4.4762e+01	 4.4762e+01	 -6.5673e+01	 -6.5673e+01	 -6.5673e+01	 -6.5673e+01	 -6.5673e+01	 -6.5673e+01 -6.5673e+01	 -6.5673e+01	 -6.5673e+01
1.6213e+01	 4.4785e+01	 4.4785e+01	 -6.5673e+01	 -6.5673e+01	 -6.5673e+01	 -6.5673e+01	 -6.5673e+01	 -6.5673e+01 -6.5673e+01	 -6.5673e+01	 -6.5673e+01
1.6333e+01	 4.4802e+01	 4.4802e+01	 -6.5673e+01	 -6.5673e+01	 -6.5673e+01	 -6.5673e+01	 -6.5673e+01	 -6.5673e+01 -6.5673e+01	 -6.5673e+01	 -6.5673e+01
1.6453e+01	 4.4815e+01	 4.4815e+01	 -6.5673e+01	 -6.5673e+01	 -6.5673e+01	 -6.5673e+01	 -6.5673e+01	 -6.5673e+01 -6.5673e+01	 -6.5673e+01	 -6.5673e+01
1.6573e+01	 4.4823e+01	 4.4823e+01	 -6.5673e+01	 -6.5673e+01	 -6.5673e+01	 -6.5673e+01	 -6.5673e+01	 -6.5673e+01 -6.5673e+01	 -6.5673e+01	 -6.5673e+01
1.6693e+01	 4.4827e+01	 4.4827e+01	 -6.5673e+01	 -6.5673e+01	 -6.5673e+01	 -6.5673e+01	 -6.5673e+01	 -6.5673e+01 -6.5673e+01	 -6.5673e+01	 -6.5673e+01
1.6813e+01	 4.4826e+01	 4.4826e+01	 4.1091e+01	 -6.5673e+01	 -6.5673e+01	 -6.5673e+01	 -6.5673e+01	 -6.5673e+01 -6.5673e+01	 -6.5673e+01	 -6.5673e+01
1.6933e+01	 4.4820e+01	 4.4820e+01	 4.1152e+01	 -6.5673e+01	 -6.5673e+01	 -6.5673e+01	 -6.5673e+01	 -6.5673e+01 -6.5673e+01	 -6.5673e+01	 -6.5673e+01
1.7053e+01	 4.4810e+01	 4.4810e+01	 4.1213e+01	 -6.5673e+01	 -6.5673e+01	 -6.5673e+01	 -6.5673e+01	 -6.5673e+01 -6.5673e+01	 -6.5673e+01	 -6.5673e+01
1.7173e+01	 4.4794e+01	 4.4794e+01	 4.1273e+01	 -6.5673e+01	 -6.5673e+01	 -6.5673e+01	 -6.5673e+01	 -6.5673e+01 -6.5673e+01	 -6.5673e+01	 -6.5673e+01
1.7293e+01	 4.4774e+01	 4.4774e+01	 4.1333e+01	 -6.5673e+01	 -6.5673e+01	 -6.5673e+01	 -6.5673e+01	 -6.5673e+01 -6.5673e+01	 -6.5673e+01	 -6.5673e+01
1.7413e+01	 4.4749e+01	 4.4749e+01	 4.1391e+01	 -6.5673e+01	 -6.5673e+01	 -6.5673e+01	 -6.5673e+01	 -6.5673e+01 -6.5673e+01	 -6.5673e+01	 -6.5673e+01
1.7533e+01	 4.4718e+01	 4.4718e+01	 4.1450e+01	 -6.5673e+01	 -6.5673e+01	 -6.5673e+01	 -6.5673e+01	 -6.5673e+01 -6.5673e+01	 -6.5673e+01	 -6.5673e+01
1.7653e+01	 4.4683e+01	 4.4683e+01	 4.1508e+01	 -6.5673e+01	 -6.5673e+01	 -6.5673e+01	 -6.5673e+01	 -6.5673e+01 -6.5673e+01	 -6.5673e+01	 -6.5673e+01
1.7773e+01	 4.4643e+01	 4.4642e+01	 4.1566e+01	 -6.5673e+01	 -6.5673e+01	 -6.5673e+01	 -6.5673e+01	 -6.5673e+01 -6.5673e+01	 -6.5673e+01	 -6.5673e+01
1.7893e+01	 4.4597e+01	 4.4597e+01	 4.1623e+01	 -6.5673e+01	 -6.5673e+01	 -6.5673e+01	 -6.5673e+01	 -6.5673e+01 -6.5673e+01	 -6.5673e+01	 -6.5673e+01
1.8013e+01	 4.4546e+01	 4.4546e+01	 4.1680e+01	 -6.5673e+01	 -6.5673e+01	 -6.5673e+01	 -6.5673e+01	 -6.5673e+01 -6.5673e+01	 -6.5673e+01	 -6.5673e+01
1.8133e+01	 4.4490e+01	 4.4489e+01	 4.1737e+01	 -6.5673e+01	 -6.5673e+01	 -6.5673e+01	 -6.5673e+01	 -6.5673e+01 -6.5673e+01	 -6.5673e+01	 -6.5673e+01
1.8253e+01	 4.4427e+01	 4.4426e+01	 4.1793e+01	 -6.5673e+01	 -6.5673e+01	 -6.5673e+01	 -6.5673e+01	 -6.5673e+01 -6.5673e+01	 -6.5673e+01	 -6.5673e+01
1.8373e+01	 4.4359e+01	 4.4357e+01	 4.1850e+01	 -6.5673e+01	 -6.5673e+01	 -6.5673e+01	 -6.5673e+01	 -6.5673e+01 -6.5673e+01	 -6.5673e+01	 -6.5673e+01
1.8493e+01	 4.4281e+01	 4.4279e+01	 4.1905e+01	 -6.5673e+01	 -6.5673e+01	 -6.5673e+01	 -6.5673e+01	 -6.5673e+01 -6.5673e+01	 -6.5673e+01	 -6.5673e+01
1.8613e+01	 4.4194e+01	 4.4192e+01	 4.1961e+01	 -6.5673e+01	 -6.5673e+01	 -6.5673e+01	 -6.5673e+01	 -6.5673e+01 -6.5673e+01	 -6.5673e+01	 -6.5673e+01
1.8733e+01	 4.4096e+01	 4.4092e+01	 4.2017e+01	 -6.5673e+01	 -6.5673e+01	 -6.5673e+01	 -6.5673e+01	 -6.5673e+01 -6.5673e+01	 -6.5673e+01	 -6.5673e+01
1.8853e+01	 4.3983e+01	 4.3977e+01	 4.2072e+01	 -6.5673e+01	 -6.5673e+01	 -6.5673e+01	 -6.5673e+01	 -6.5673e+01 -6.5673e+01	 -6.5673e+01	 -6.5673e+01
1.8973e+01	 4.3850e+01	 4.3842e+01	 4.2128e+01	 -6.5673e+01	 -6.5673e+01	 -6.5673e+01	 -6.5673e+01	 -6.5673e+01 -6.5673e+01	 -6.5673e+01	 -6.5673e+01
1.9093e+01	 4.3693e+01	 4.3680e+01	 4.2183e+01	 -6.5673e+01	 -6.5673e+01	 -6.5673e+01	 -6.5673e+01	 -6.5673e+01 -6.5673e+01	 -6.5673e+01	 -6.5673e+01
1.9213e+01	 4.3505e+01	 4.3481e+01	 4.2238e+01	 -6.5673e+01	 -6.5673e+01	 -6.5673e+01	 -6.5673e+01	 -6.5673e+01 -6.5673e+01	 -6.5673e+01	 -6.5673e+01
1.9333e+01	 4.3281e+01	 4.3234e+01	 4.2293e+01	 -6.5673e+01	 -6.5673e+01	 -6.5673e+01	 -6.5673e+01	 -6.5673e+01 -6.5673e+01	 -6.5673e+01	 -6.5673e+01
1.9453e+01	 4.3022e+01	 4.2918e+01	 4.2348e+01	 -6.5673e+01	 -6.5673e+01	 -6.5673e+01	 -6.5673e+01	 -6.5673e+01 -6.5673e+01	 -6.5673e+01	 -6.5673e+01
1.9573e+01	 4.2756e+01	 4.2502e+01	 4.2403e+01	 -6.5673e+01	 -6.5673e+01	 -6.5673e+01	 -6.5673e+01	 -6.5673e+01 -6.5673e+01	 -6.5673e+01	 -6.5673e+01
1.9693e+01	 4.2577e+01	 4.1960e+01	 4.2457e+01	 -6.5673e+01	 -6.5673e+01	 -6.5673e+01	 -6.5673e+01	 -6.5673e+01 -6.5673e+01	 -6.5673e+01	 -6.5673e+01
1.9813e+01	 4.2534e+01	 4.1253e+01	 4.2511e+01	 -6.5673e+01	 -6.5673e+01	 -6.5673e+01	 -6.5673e+01	 -6.5673e+01 -6.5673e+01	 -6.5673e+01	 -6.5673e+01
1.9933e+01	 4.2567e+01	 4.0327e+01	 4.2565e+01	 -6.5673e+01	 -6.5673e+01	 -6.5673e+01	 -6.5673e+01	 -6.5673e+01 -6.5673e+01	 -6.5673e+01	 -6.5673e+01
2.0053e+01	 4.2618e+01	 3.9115e+01	 4.2618e+01	 -6.5673e+01	 -6.5673e+01	 -6.5673e+01	 -6.5673e+01	 -6.5673e+01 -6.5673e+01	 -6.5673e+01	 -6.5673e+01
2.0173e+01	 4.2671e+01	 3.7528e+01	 4.2671e+01	 -6.5673e+01	 -6.5673e+01	 -6.5673e+01	 -6.5673e+01	 -6.5673e+01 -6.5673e+01	 -6.5673e+01	 -6.5673e+01
2.0293e+01	 4.2723e+01	 3.5454e+01	 4.2723e+01	 -6.5673e+01	 -6.5673e+01	 -6.5673e+01	 -6.5673e+01	 -6.5673e+01 -6.5673e+01	 -6.5673e+01	 -6.5673e+01
2.0413e+01	 4.2775e+01	 3.2746e+01	 4.2775e+01	 -6.5673e+01	 -6.5673e+01	 -6.5673e+01	 -6.5673e+01	 -6.5673e+01 -6.5673e+01	 -6.5673e+01	 -6.5673e+01
2.0533e+01	 4.2826e+01	 2.9116e+01	 4.2826e+01	 -6.5673e+01	 -6.5673e+01	 -6.5673e+01	 -6.5673e+01	 -6.5673e+01 -6.5673e+01	 -6.5673e+01	 -6.5673e+01
2.0653e+01	 4.2877e+01	 2.4251e+01	 4.2877e+01	 -6.5673e+01	 -6.5673e+01	 -6.5673e+01	 -6.5673e+01	 -6.5673e+01 -6.5673e+01	 -6.5673e+01	 -6.5673e+01
2.0773e+01	 4.2927e+01	 1.7835e+01	 4.2927e+01	 -6.5673e+01	 -6.5673e+01	 -6.5673e+01	 -6.5673e+01	 -6.5673e+01 -6.5673e+01	 -6.5673e+01	 -6.5673e+01
2.0893e+01	 4.2976e+01	 -6.5673e+01	 4.2976e+01	 -6.5673e+01	 -6.5673e+01	 -6.5673e+01	 -6.5673e+01	 -6.5673e+01 -6.5673e+01	 -6.5673e+01	 -6.5673e+01
2.1013e+01	 4.3025e+01	 -6.5673e+01	 4.3025e+01	 -6.5673e+01	 -6.5673e+01	 -6.5673e+01	 -6.5673e+01	 -6.5673e+01 -6.5673e+01	 -6.5673e+01	 -6.5673e+01
2.1133e+01	 4.3073e+01	 -6.5673e+01	 4.3073e+01	 -6.5673e+01	 -6.5673e+01	 -6.5673e+01	 -6.5673e+01	 -6.5673e+01 -6.5673e+01	 -6.5673e+01	 -6.5673e+01
2.1253e+01	 4.3121e+01	 -6.5673e+01	 4.3121e+01	 -6.5673e+01	 -6.5673e+01	 -6.5673e+01	 -6.5673e+01	 -6.5673e+01 -6.5673e+01	 -6.5673e+01	 -6.5673e+01
2.1373e+01	 4.3168e+01	 -6.5673e+01	 4.3168e+01	 -6.5673e+01	 -6.5673e+01	 -6.5673e+01	 -6.5673e+01	 -6.5673e+01 -6.5673e+01	 -6.5673e+01	 -6.5673e+01
2.1493e+01	 4.3215e+01	 -6.5673e+01	 4.3215e+01	 -6.5673e+01	 -6.5673e+01	 -6.5673e+01	 -6.5673e+01	 -6.5673e+01 -6.5673e+01	 -6.5673e+01	 -6.5673e+01
2.1613e+01	 4.3260e+01	 -6.5673e+01	 4.3260e+01	 -6.5673e+01	 -6.5673e+01	 -6.5673e+01	 -6.5673e+01	 -6.5673e+01 -6.5673e+01	 -6.5673e+01	 -6.5673e+01
2.1733e+01	 4.3306e+01	 -6.5673e+01	 4.3306e+01	 -6.5673e+01	 -6.5673e+01	 -6.5673e+01	 -6.5673e+01	 -6.5673e+01 -6.5673e+01	 -6.5673e+01	 -6.5673e+01
2.1853e+01	 4.3351e+01	 -6.5673e+01	 4.3351e+01	 -6.5673e+01	 -6.5673e+01	 -6.5673e+01	 -6.5673e+01	 -6.5673e+01 -6.5673e+01	 -6.5673e+01	 -6.5673e+01
2.1973e+01	 4.3395e+01	 -6.5673e+01	 4.3395e+01	 -6.5673e+01	 -6.5673e+01	 -6.5673e+01	 -6.5673e+01	 -6.5673e+01 -6.5673e+01	 -6.5673e+01	 -6.5673e+01
2.2093e+01	 4.3439e+01	 -6.5673e+01	 4.3439e+01	 -6.5673e+01	 -6.5673e+01	 -6.5673e+01	 -6.5673e+01	 -6.5673e+01 -6.5673e+01	 -6.5673e+01	 -6.5673e+01
2.2213e+01	 4.3482e+01	 -6.5673e+01	 4.3482e+01	 -6.5673e+01	 -6.5673e+01	 -6.5673e+01	 -6.5673e+01	 -6.5673e+01 -6.5673e+01	 -6.5673e+01	 -6.5673e+01
2.2333e+01	 4.3525e+01	 -6.5673e+01	 4.3525e+01	 -6.5673e+01	 -6.5673e+01	 -6.5673e+01	 -6.5673e+01	 -6.5673e+01 -6.5673e+01	 -6.5673e+01	 -6.5673e+01
2.2453e+01	 4.3568e+01	 -6.5673e+01	 4.3568e+01	 -6.5673e+01	 -6.5673e+01	 -6.5673e+01	 -6.5673e+01	 -6.5673e+01 -6.5673e+01	 -6.5673e+01	 -6.5673e+01
2.2573e+01	 4.3609e+01	 -6.5673e+01	 4.3609e+01	 -6.5673e+01	 -6.5673e+01	 -6.5673e+01	 -6.5673e+01	 -6.5673e+01 -6.5673e+01	 -6.5673e+01	 -6.5673e+01
2.2693e+01	 4.3651e+01	 -6.5673e+01	 4.3651e+01	 -6.5673e+01	 -6.5673e+01	 -6.5673e+01	 -6.5673e+01	 -6.5673e+01 -6.5673e+01	 -6.5673e+01	 -6.5673e+01
2.2813e+01	 4.3691e+01	 -6.5673e+01	 4.3691e+01	 -6.5673e+01	 -6.5673e+01	 -6.5673e+01	 -6.5673e+01	 -6.5673e+01 -6.5673e+01	 -6.5673e+01	 -6.5673e+01
2.2933e+01	 4.3732e+01	 -6.5673e+01	 4.3732e+01	 -6.5673e+01	 -6.5673e+01	 -6.5673e+01	 -6.5673e+01	 -6.5673e+01 -6.5673e+01	 -6.5673e+01	 -6.5673e+01
2.3053e+01	 4.3771e+01	 -6.5673e+01	 4.3771e+01	 -6.5673e+01	 -6.5673e+01	 -6.5673e+01	 -6.5673e+01	 -6.5673e+01 -6.5673e+01	 -6.5673e+01	 -6.5673e+01
2.3173e+01	 4.3810e+01	 -6.5673e+01	 4.3810e+01	 -6.5673e+01	 -6.5673e+01	 -6.5673e+01	 -6.5673e+01	 -6.5673e+01 -6.5673e+01	 -6.5673e+01	 -6.5673e+01
2.3293e+01	 4.3847e+01	 -6.5673e+01	 4.3847e+01	 -6.5673e+01	 -6.5673e+01	 -6.5673e+01	 -6.5673e+01	 -6.5673e+01 -6.5673e+01	 -6.5673e+01	 -6.5673e+01
2.3413e+01	 4.3884e+01	 -6.5673e+01	 4.3884e+01	 -6.5673e+01	 -6.5673e+01	 -6.5673e+01	 -6.5673e+01	 -6.5673e+01 -6.5673e+01	 -6.5673e+01	 -6.5673e+01
2.3533e+01	 4.3920e+01	 -6.5673e+01	 4.3920e+01	 -6.5673e+01	 -6.5673e+01	 -6.5673e+01	 -6.5673e+01	 -6.5673e+01 -6.5673e+01	 -6.5673e+01	 -6.5673e+01
2.3653e+01	 4.3955e+01	 -6.5673e+01	 4.3955e+01	 -6.5673e+01	 -6.5673e+01	 -6.5673e+01	 -6.5673e+01	 -6.5673e+01 -6.5673e+01	 -6.5673e+01	 -6.5673e+01
2.3773e+01	 4.3989e+01	 -6.5673e+01	 4.3989e+01	 -6.5673e+01	 -6.5673e+01	 -6.5673e+01	 -6.5673e+01	 -6.5673e+01 -6.5673e+01	 -6.5673e+01	 -6.5673e+01
2.3893e+01	 4.4020e+01	 -6.5673e+01	 4.4020e+01	 -6.5673e+01	 -6.5673e+01	 -6.5673e+01	 -6.5673e+01	 -6.5673e+01 -6.5673e+01	 -6.5673e+01	 -6.5673e+01
2.4013e+01	 4.4052e+01	 -6.5673e+01	 4.4052e+01	 -6.5673e+01	 -6.5673e+01	 -6.5673e+01	 -6.5673e+01	 -6.5673e+01 -6.5673e+01	 -6.5673e+01	 -6.5673e+01
2.4133e+01	 4.4080e+01	 -6.5673e+01	 4.4080e+01	 -6.5673e+01	 -6.5673e+01	 -6.5673e+01	 -6.5673e+01	 -6.5673e+01 -6.5673e+01	 -6.5673e+01	 -6.5673e+01
2.4253e+01	 4.4108e+01	 -6.5673e+01	 4.4108e+01	 -6.5673e+01	 -6.5673e+01	 -6.5673e+01	 -6.5673e+01	 -6.5673e+01 -6.5673e+01	 -6.5673e+01	 -6.5673e+01
2.4373e+01	 4.4132e+01	 -6.5673e+01	 4.4132e+01	 -6.5673e+01	 -6.5673e+01	 -6.5673e+01	 -6.5673e+01	 -6.5673e+01 -6.5673e+01	 -6.5673e+01	 -6.5673e+01
2.4493e+01	 4.4154e+01	 -6.5673e+01	 4.4154e+01	 -6.5673e+01	 -6.5673e+01	 -6.5673e+01	 -6.5673e+01	 -6.5673e+01 -6.5673e+01	 -6.5673e+01	 -6.5673e+01
2.4613e+01	 4.4175e+01	 -6.5673e+01	 4.4175e+01	 -6.5673e+01	 -6.5673e+01	 -6.5673e+01	 -6.5673e+01	 -6.5673e+01 -6.5673e+01	 -6.5673e+01	 -6.5673e+01
2.4733e+01	 4.4190e+01	 -6.5673e+01	 4.4190e+01	 -6.5673e+01	 -6.5673e+01	 -6.5673e+01	 -6.5673e+01	 -6.5673e+01 -6.5673e+01	 -6.5673e+01	 -6.5673e+01
2.4853e+01	 4.4205e+01	 -6.5673e+01	 4.4205e+01	 -6.5673e+01	 -6.5673e+01	 -6.5673e+01	 -6.5673e+01	 -6.5673e+01 -6.5673e+01	 -6.5673e+01	 -6.5673e+01
2.4973e+01	 4.4212e+01	 -6.5673e+01	 4.4212e+01	 -6.5673e+01	 -6.5673e+01	 -6.5673e+01	 -6.5673e+01	 -6.5673e+01 -6.5673e+01	 -6.5673e+01	 -6.5673e+01
2.5093e+01	 4.4217e+01	 -6.5673e+01	 4.4217e+01	 -6.5673e+01	 -6.5673e+01	 -6.5673e+01	 -6.5673e+01	 -6.5673e+01 -6.5673e+01	 -6.5673e+01	 -6.5673e+01
2.5213e+01	 4.4215e+01	 -6.5673e+01	 4.4215e+01	 -6.5673e+01	 -6.5673e+01	 -6.5673e+01	 -6.5673e+01	 -6.5673e+01 -6.5673e+01	 -6.5673e+01	 -6.5673e+01
2.5333e+01	 4.4206e+01	 -6.5673e+01	 4.4206e+01	 -6.5673e+01	 -6.5673e+01	 -6.5673e+01	 -6.5673e+01	 -6.5673e+01 -6.5673e+01	 -6.5673e+01	 -6.5673e+01
2.5453e+01	 4.4195e+01	 -6.5673e+01	 4.4195e+01	 -6.5673e+01	 -6.5673e+01	 -6.5673e+01	 -6.5673e+01	 -6.5673e+01 -6.5673e+01	 -6.5673e+01	 -6.5673e+01
2.5573e+01	 4.4167e+01	 -6.5673e+01	 4.4167e+01	 -6.5673e+01	 -6.5673e+01	 -6.5673e+01	 -6.5673e+01	 -6.5673e+01 -6.5673e+01	 -6.5673e+01	 -6.5673e+01
2.5693e+01	 4.4140e+01	 -6.5673e+01	 4.4140e+01	 -6.5673e+01	 -6.5673e+01	 -6.5673e+01	 -6.5673e+01	 -6.5673e+01 -6.5673e+01	 -6.5673e+01	 -6.5673e+01
2.5813e+01	 4.4092e+01	 -6.5673e+01	 4.4092e+01	 -6.5673e+01	 -6.5673e+01	 -6.5673e+01	 -6.5673e+01	 -6.5673e+01 -6.5673e+01	 -6.5673e+01	 -6.5673e+01
2.5933e+01	 4.4040e+01	 -6.5673e+01	 4.4040e+01	 -6.5673e+01	 -6.5673e+01	 -6.5673e+01	 -6.5673e+01	 -6.5673e+01 -6.5673e+01	 -6.5673e+01	 -6.5673e+01
2.6053e+01	 4.3972e+01	 -6.5673e+01	 4.3972e+01	 -6.5673e+01	 -6.5673e+01	 -6.5673e+01	 -6.5673e+01	 -6.5673e+01 -6.5673e+01	 -6.5673e+01	 -6.5673e+01
2.6173e+01	 4.3889e+01	 -6.5673e+01	 4.3889e+01	 -6.5673e+01	 -6.5673e+01	 -6.5673e+01	 -6.5673e+01	 -6.5673e+01 -6.5673e+01	 -6.5673e+01	 -6.5673e+01
2.6293e+01	 4.3799e+01	 -6.5673e+01	 4.3799e+01	 -6.5673e+01	 -6.5673e+01	 -6.5673e+01	 -6.5673e+01	 -6.5673e+01 -6.5673e+01	 -6.5673e+01	 -6.5673e+01
2.6413e+01	 4.3678e+01	 -6.5673e+01	 4.3678e+01	 -6.5673e+01	 -6.5673e+01	 -6.5673e+01	 -6.5673e+01	 -6.5673e+01 -6.5673e+01	 -6.5673e+01	 -6.5673e+01
2.6533e+01	 4.3557e+01	 -6.5673e+01	 4.3557e+01	 -6.5673e+01	 -6.5673e+01	 -6.5673e+01	 -6.5673e+01	 -6.5673e+01 -6.5673e+01	 -6.5673e+01	 -6.5673e+01
2.6653e+01	 4.3397e+01	 -6.5673e+01	 4.3397e+01	 -6.5673e+01	 -6.5673e+01	 -6.5673e+01	 -6.5673e+01	 -6.5673e+01 -6.5673e+01	 -6.5673e+01	 -6.5673e+01
2.6773e+01	 4.3228e+01	 -6.5673e+01	 4.3228e+01	 -6.5673e+01	 -6.5673e+01	 -6.5673e+01	 -6.5673e+01	 -6.5673e+01 -6.5673e+01	 -6.5673e+01	 -6.5673e+01
2.6893e+01	 4.3022e+01	 -6.5673e+01	 4.3022e+01	 -6.5673e+01	 -6.5673e+01	 -6.5673e+01	 -6.5673e+01	 -6.5673e+01 -6.5673e+01	 -6.5673e+01	 -6.5673e+01
2.7013e+01	 4.2779e+01	 -6.5673e+01	 4.2779e+01	 -6.5673e+01	 -6.5673e+01	 -6.5673e+01	 -6.5673e+01	 -6.5673e+01 -6.5673e+01	 -6.5673e+01	 -6.5673e+01
2.7133e+01	 4.2487e+01	 -6.5673e+01	 4.2487e+01	 -6.5673e+01	 -6.5673e+01	 -6.5673e+01	 -6.5673e+01	 -6.5673e+01 -6.5673e+01	 -6.5673e+01	 -6.5673e+01
2.7253e+01	 4.1960e+01	 -6.5673e+01	 4.1960e+01	 -6.5673e+01	 -6.5673e+01	 -6.5673e+01	 -6.5673e+01	 -6.5673e+01 -6.5673e+01	 -6.5673e+01	 -6.5673e+01
2.7373e+01	 4.1433e+01	 -6.5673e+01	 4.1433e+01	 -6.5673e+01	 -6.5673e+01	 -6.5673e+01	 -6.5673e+01	 -6.5673e+01 -6.5673e+01	 -6.5673e+01	 -6.5673e+01
2.7493e+01	 2.8729e+00	 -6.5673e+01	 2.8729e+00	 -6.5673e+01	 -6.5673e+01	 -6.5673e+01	 -6.5673e+01	 -6.5673e+01 -6.5673e+01	 -6.5673e+01	 -6.5673e+01
2.7613e+01	 -4.2973e+01	 -6.5673e+01	 -4.2973e+01	 -6.5673e+01	 -6.5673e+01	 -6.5673e+01	 -6.5673e+01	 -6.5673e+01 -6.5673e+01	 -6.5673e+01	 -6.5673e+01
2.7733e+01	 -6.5673e+01	 -6.5673e+01	 -6.5673e+01	 -6.5673e+01	 -6.5673e+01	 -6.5673e+01	 -6.5673e+01	 -6.5673e+01 -6.5673e+01	 -6.5673e+01	 -6.5673e+01
2.7853e+01	 -6.5673e+01	 -6.5673e+01	 -6.5673e+01	 -6.5673e+01	 -6.5673e+01	 -6.5673e+01	 -6.5673e+01	 -6.5673e+01 -6.5673e+01	 -6.5673e+01	 -6.5673e+01
2.7973e+01	 -6.5673e+01	 -6.5673e+01	 -6.5673e+01	 -6.5673e+01	 -6.5673e+01	 -6.5673e+01	 -6.5673e+01	 -6.5673e+01 -6.5673e+01	 -6.5673e+01	 -6.5673e+01
2.8093e+01	 -6.5673e+01	 -6.5673e+01	 -6.5673e+01	 -6.5673e+01	 -6.5673e+01	 -6.5673e+01	 -6.5673e+01	 -6.5673e+01 -6.5673e+01	 -6.5673e+01	 -6.5673e+01
2.8213e+01	 -6.5673e+01	 -6.5673e+01	 -6.5673e+01	 -6.5673e+01	 -6.5673e+01	 -6.5673e+01	 -6.5673e+01	 -6.5673e+01 -6.5673e+01	 -6.5673e+01	 -6.5673e+01
2.8333e+01	 -6.5673e+01	 -6.5673e+01	 -6.5673e+01	 -6.5673e+01	 -6.5673e+01	 -6.5673e+01	 -6.5673e+01	 -6.5673e+01 -6.5673e+01	 -6.5673e+01	 -6.5673e+01
2.8453e+01	 -6.5673e+01	 -6.5673e+01	 -6.5673e+01	 -6.5673e+01	 -6.5673e+01	 -6.5673e+01	 -6.5673e+01	 -6.5673e+01 -6.5673e+01	 -6.5673e+01	 -6.5673e+01
2.8573e+01	 -6.5673e+01	 -6.5673e+01	 -6.5673e+01	 -6.5673e+01	 -6.5673e+01	 -6.5673e+01	 -6.5673e+01	 -6.5673e+01 -6.5673e+01	 -6.5673e+01	 -6.5673e+01
2.8693e+01	 -6.5673e+01	 -6.5673e+01	 -6.5673e+01	 -6.5673e+01	 -6.5673e+01	 -6.5673e+01	 -6.5673e+01	 -6.5673e+01 -6.5673e+01	 -6.5673e+01	 -6.5673e+01
2.8813e+01	 -6.5673e+01	 -6.5673e+01	 -6.5673e+01	 -6.5673e+01	 -6.5673e+01	 -6.5673e+01	 -6.5673e+01	 -6.5673e+01 -6.5673e+01	 -6.5673e+01	 -6.5673e+01
2.8933e+01	 -6.5673e+01	 -6.5673e+01	 -6.5673e+01	 -6.5673e+01	 -6.5673e+01	 -6.5673e+01	 -6.5673e+01	 -6.5673e+01 -6.5673e+01	 -6.5673e+01	 -6.5673e+01
2.9053e+01	 -6.5673e+01	 -6.5673e+01	 -6.5673e+01	 -6.5673e+01	 -6.5673e+01	 -6.5673e+01	 -6.5673e+01	 -6.5673e+01 -6.5673e+01	 -6.5673e+01	 -6.5673e+01
2.9173e+01	 -6.5673e+01	 -6.5673e+01	 -6.5673e+01	 -6.5673e+01	 -6.5673e+01	 -6.5673e+01	 -6.5673e+01	 -6.5673e+01 -6.5673e+01	 -6.5673e+01	 -6.5673e+01
2.9293e+01	 -6.5673e+01	 -6.5673e+01	 -6.5673e+01	 -6.5673e+01	 -6.5673e+01	 -6.5673e+01	 -6.5673e+01	 -6.5673e+01 -6.5673e+01	 -6.5673e+01	 -6.5673e+01
2.9413e+01	 -6.5673e+01	 -6.5673e+01	 -6.5673e+01	 -6.5673e+01	 -6.5673e+01	 -6.5673e+01	 -6.5673e+01	 -6.5673e+01 -6.5673e+01	 -6.5673e+01	 -6.5673e+01
2.9533e+01	 -6.5673e+01	 -6.5673e+01	 -6.5673e+01	 -6.5673e+01	 -6.5673e+01	 -6.5673e+01	 -6.5673e+01	 -6.5673e+01 -6.5673e+01	 -6.5673e+01	 -6.5673e+01
2.9653e+01	 -6.5673e+01	 -6.5673e+01	 -6.5673e+01	 -6.5673e+01	 -6.5673e+01	 -6.5673e+01	 -6.5673e+01	 -6.5673e+01 -6.5673e+01	 -6.5673e+01	 -6.5673e+01
2.9773e+01	 -6.5673e+01	 -6.5673e+01	 -6.5673e+01	 -6.5673e+01	 -6.5673e+01	 -6.5673e+01	 -6.5673e+01	 -6.5673e+01 -6.5673e+01	 -6.5673e+01	 -6.5673e+01
2.9893e+01	 -6.5673e+01	 -6.5673e+01	 -6.5673e+01	 -6.5673e+01	 -6.5673e+01	 -6.5673e+01	 -6.5673e+01	 -6.5673e+01 -6.5673e+01	 -6.5673e+01	 -6.5673e+01
