1.000000e-17	4.634664e-06
1.046833e-17	4.705906e-06
1.095858e-17	4.778244e-06
1.147180e-17	4.851694e-06
1.200906e-17	4.926273e-06
1.257147e-17	5.001998e-06
1.316022e-17	5.078887e-06
1.377655e-17	5.156958e-06
1.442174e-17	5.236230e-06
1.509715e-17	5.316720e-06
1.580418e-17	5.398447e-06
1.654433e-17	5.481430e-06
1.731915e-17	5.565689e-06
1.813025e-17	5.651243e-06
1.897933e-17	5.738113e-06
1.986818e-17	5.826318e-06
2.079866e-17	5.915878e-06
2.177271e-17	6.006815e-06
2.279239e-17	6.099151e-06
2.385981e-17	6.192905e-06
2.497723e-17	6.288101e-06
2.614697e-17	6.384760e-06
2.737150e-17	6.482905e-06
2.865338e-17	6.582558e-06
2.999529e-17	6.683744e-06
3.140004e-17	6.786485e-06
3.287059e-17	6.890805e-06
3.441000e-17	6.996728e-06
3.602151e-17	7.104280e-06
3.770848e-17	7.213486e-06
3.947447e-17	7.324369e-06
4.132316e-17	7.436958e-06
4.325843e-17	7.551277e-06
4.528433e-17	7.667353e-06
4.740511e-17	7.785214e-06
4.962521e-17	7.904887e-06
5.194928e-17	8.026399e-06
5.438220e-17	8.149778e-06
5.692905e-17	8.275055e-06
5.959519e-17	8.402257e-06
6.238618e-17	8.531415e-06
6.530788e-17	8.662558e-06
6.836642e-17	8.795717e-06
7.156819e-17	8.930922e-06
7.491991e-17	9.068206e-06
7.842860e-17	9.207601e-06
8.210160e-17	9.349138e-06
8.594663e-17	9.492851e-06
8.997173e-17	9.638773e-06
9.418533e-17	9.786938e-06
9.859627e-17	9.937381e-06
1.032138e-16	1.009014e-05
1.080475e-16	1.024524e-05
1.131077e-16	1.040273e-05
1.184048e-16	1.056264e-05
1.239500e-16	1.072500e-05
1.297549e-16	1.088986e-05
1.358316e-16	1.105726e-05
1.421930e-16	1.122723e-05
1.488522e-16	1.139981e-05
1.558234e-16	1.157505e-05
1.631210e-16	1.175298e-05
1.707603e-16	1.193364e-05
1.787575e-16	1.211709e-05
1.871291e-16	1.230335e-05
1.958929e-16	1.249247e-05
2.050670e-16	1.268450e-05
2.146708e-16	1.287949e-05
2.247244e-16	1.307747e-05
2.352488e-16	1.327849e-05
2.462661e-16	1.348261e-05
2.577994e-16	1.368986e-05
2.698728e-16	1.390030e-05
2.825116e-16	1.411397e-05
2.957423e-16	1.433093e-05
3.095927e-16	1.455122e-05
3.240917e-16	1.477490e-05
3.392698e-16	1.500202e-05
3.551586e-16	1.523262e-05
3.717916e-16	1.546678e-05
3.892035e-16	1.570453e-05
4.074309e-16	1.594594e-05
4.265119e-16	1.619106e-05
4.464866e-16	1.643994e-05
4.673967e-16	1.669266e-05
4.892860e-16	1.694925e-05
5.122005e-16	1.720979e-05
5.361882e-16	1.747434e-05
5.612992e-16	1.774295e-05
5.875863e-16	1.801569e-05
6.151045e-16	1.829263e-05
6.439114e-16	1.857382e-05
6.740674e-16	1.885933e-05
7.056356e-16	1.914924e-05
7.386823e-16	1.944360e-05
7.732767e-16	1.974248e-05
8.094912e-16	2.004596e-05
8.474017e-16	2.035410e-05
8.870877e-16	2.066698e-05
9.286322e-16	2.098467e-05
9.721224e-16	2.130725e-05
1.017649e-15	2.163478e-05
1.065308e-15	2.196735e-05
1.115200e-15	2.230502e-05
1.167427e-15	2.264789e-05
1.222101e-15	2.299604e-05
1.279335e-15	2.334953e-05
1.339249e-15	2.370845e-05
1.401970e-15	2.407290e-05
1.467628e-15	2.444294e-05
1.536360e-15	2.481868e-05
1.608312e-15	2.520019e-05
1.683633e-15	2.558756e-05
1.762482e-15	2.598089e-05
1.845024e-15	2.638026e-05
1.931431e-15	2.678578e-05
2.021884e-15	2.719753e-05
2.116574e-15	2.761560e-05
2.215699e-15	2.804011e-05
2.319466e-15	2.847114e-05
2.428092e-15	2.890879e-05
2.541806e-15	2.935318e-05
2.660845e-15	2.980439e-05
2.785459e-15	3.026254e-05
2.915909e-15	3.072773e-05
3.052469e-15	3.120008e-05
3.195423e-15	3.167968e-05
3.345073e-15	3.216666e-05
3.501731e-15	3.266112e-05
3.665726e-15	3.316319e-05
3.837402e-15	3.367297e-05
4.017117e-15	3.419058e-05
4.205249e-15	3.471616e-05
4.402191e-15	3.524981e-05
4.608357e-15	3.579167e-05
4.824178e-15	3.634186e-05
5.050106e-15	3.690050e-05
5.286616e-15	3.746773e-05
5.534201e-15	3.804368e-05
5.793382e-15	3.862849e-05
6.064701e-15	3.922228e-05
6.348726e-15	3.982521e-05
6.646053e-15	4.043740e-05
6.957304e-15	4.105900e-05
7.283132e-15	4.169015e-05
7.624220e-15	4.233101e-05
7.981281e-15	4.298172e-05
8.355065e-15	4.364243e-05
8.746354e-15	4.431330e-05
9.155968e-15	4.499448e-05
9.584765e-15	4.568614e-05
1.003364e-14	4.638842e-05
1.050354e-14	4.710150e-05
1.099545e-14	4.782554e-05
1.151040e-14	4.856071e-05
1.204946e-14	4.930719e-05
1.261376e-14	5.006513e-05
1.320450e-14	5.083473e-05
1.382290e-14	5.161616e-05
1.447026e-14	5.240960e-05
1.514794e-14	5.321524e-05
1.585736e-14	5.403326e-05
1.660000e-14	5.486386e-05
1.737742e-14	5.570723e-05
1.819124e-14	5.656356e-05
1.904319e-14	5.743305e-05
1.993503e-14	5.831591e-05
2.086863e-14	5.921234e-05
2.184596e-14	6.012255e-05
2.286907e-14	6.104675e-05
2.394008e-14	6.198516e-05
2.506126e-14	6.293799e-05
2.623494e-14	6.390548e-05
2.746359e-14	6.488783e-05
2.874978e-14	6.588528e-05
3.009620e-14	6.689807e-05
3.150568e-14	6.792643e-05
3.298117e-14	6.897059e-05
3.452577e-14	7.003081e-05
3.614270e-14	7.110732e-05
3.783535e-14	7.220038e-05
3.960727e-14	7.331024e-05
4.146218e-14	7.443717e-05
4.340396e-14	7.558142e-05
4.543668e-14	7.674325e-05
4.756459e-14	7.792295e-05
4.979216e-14	7.912078e-05
5.212406e-14	8.033703e-05
5.456516e-14	8.157197e-05
5.712058e-14	8.282589e-05
5.979568e-14	8.409909e-05
6.259607e-14	8.539186e-05
6.552760e-14	8.670451e-05
6.859642e-14	8.803733e-05
7.180897e-14	8.939064e-05
7.517196e-14	9.076476e-05
7.869246e-14	9.215999e-05
8.237782e-14	9.357668e-05
8.623579e-14	9.501514e-05
9.027443e-14	9.647571e-05
9.450220e-14	9.795874e-05
9.892798e-14	9.946457e-05
1.035610e-13	1.009935e-04
1.084111e-13	1.025460e-04
1.134882e-13	1.041224e-04
1.188032e-13	1.057229e-04
1.243670e-13	1.073481e-04
1.301914e-13	1.089983e-04
1.362886e-13	1.106738e-04
1.426714e-13	1.123751e-04
1.493530e-13	1.141025e-04
1.563476e-13	1.158565e-04
1.636698e-13	1.176374e-04
1.713348e-13	1.194458e-04
1.793589e-13	1.212819e-04
1.877587e-13	1.231462e-04
1.965519e-13	1.250393e-04
2.057569e-13	1.269614e-04
2.153931e-13	1.289130e-04
2.254805e-13	1.308947e-04
2.360403e-13	1.329068e-04
2.470947e-13	1.349498e-04
2.586667e-13	1.370243e-04
2.707807e-13	1.391306e-04
2.834621e-13	1.412694e-04
2.967373e-13	1.434410e-04
3.106343e-13	1.456460e-04
3.251821e-13	1.478848e-04
3.404112e-13	1.501581e-04
3.563535e-13	1.524664e-04
3.730424e-13	1.548101e-04
3.905130e-13	1.571898e-04
4.088017e-13	1.596062e-04
4.279469e-13	1.620597e-04
4.479887e-13	1.645508e-04
4.689692e-13	1.670803e-04
4.909322e-13	1.696487e-04
5.139238e-13	1.722566e-04
5.379921e-13	1.749045e-04
5.631876e-13	1.775932e-04
5.895631e-13	1.803231e-04
6.171739e-13	1.830951e-04
6.460777e-13	1.859096e-04
6.763351e-13	1.887674e-04
7.080096e-13	1.916692e-04
7.411675e-13	1.946155e-04
7.758783e-13	1.976072e-04
8.122146e-13	2.006448e-04
8.502527e-13	2.037292e-04
8.900722e-13	2.068609e-04
9.317565e-13	2.100408e-04
9.753930e-13	2.132696e-04
1.021073e-12	2.165480e-04
1.068893e-12	2.198768e-04
1.118952e-12	2.232567e-04
1.171355e-12	2.266887e-04
1.226212e-12	2.301733e-04
1.283639e-12	2.337116e-04
1.343755e-12	2.373042e-04
1.406686e-12	2.409521e-04
1.472565e-12	2.446560e-04
1.541529e-12	2.484169e-04
1.613723e-12	2.522356e-04
1.689298e-12	2.561130e-04
1.768412e-12	2.600500e-04
1.851231e-12	2.640475e-04
1.937929e-12	2.681065e-04
2.028687e-12	2.722279e-04
2.123695e-12	2.764126e-04
2.223153e-12	2.806616e-04
2.327269e-12	2.849760e-04
2.436261e-12	2.893567e-04
2.550357e-12	2.938047e-04
2.669797e-12	2.983211e-04
2.794830e-12	3.029070e-04
2.925719e-12	3.075633e-04
3.062738e-12	3.122912e-04
3.206174e-12	3.170918e-04
3.356327e-12	3.219662e-04
3.513513e-12	3.269155e-04
3.678059e-12	3.319409e-04
3.850312e-12	3.370435e-04
4.030632e-12	3.422246e-04
4.219397e-12	3.474853e-04
4.417002e-12	3.528269e-04
4.623861e-12	3.582506e-04
4.840408e-12	3.637577e-04
5.067097e-12	3.693495e-04
5.304402e-12	3.750272e-04
5.552820e-12	3.807921e-04
5.812873e-12	3.866457e-04
6.085104e-12	3.925893e-04
6.370085e-12	3.986243e-04
6.668412e-12	4.047520e-04
6.980711e-12	4.109739e-04
7.307635e-12	4.172915e-04
7.649870e-12	4.237061e-04
8.008133e-12	4.302194e-04
8.383174e-12	4.368328e-04
8.775779e-12	4.435479e-04
9.186771e-12	4.503662e-04
9.617011e-12	4.572893e-04
1.006740e-11	4.643188e-04
1.053888e-11	4.714564e-04
1.103244e-11	4.787038e-04
1.154912e-11	4.860625e-04
1.209000e-11	4.935343e-04
1.265620e-11	5.011210e-04
1.324892e-11	5.088244e-04
1.386940e-11	5.166461e-04
1.451894e-11	5.245881e-04
1.519890e-11	5.326522e-04
1.591071e-11	5.408402e-04
1.665584e-11	5.491541e-04
1.743588e-11	5.575958e-04
1.825245e-11	5.661673e-04
1.910725e-11	5.748705e-04
2.000209e-11	5.837075e-04
2.093884e-11	5.926804e-04
2.191946e-11	6.017912e-04
2.294601e-11	6.110421e-04
2.402063e-11	6.204351e-04
2.514557e-11	6.299726e-04
2.632320e-11	6.396567e-04
2.755599e-11	6.494896e-04
2.884650e-11	6.594737e-04
3.019746e-11	6.696113e-04
3.161168e-11	6.799047e-04
3.309213e-11	6.903563e-04
3.464192e-11	7.009686e-04
3.626429e-11	7.117441e-04
3.796264e-11	7.226852e-04
3.974053e-11	7.337945e-04
4.160168e-11	7.450745e-04
4.354999e-11	7.565280e-04
4.558954e-11	7.681575e-04
4.772462e-11	7.799658e-04
4.995968e-11	7.919556e-04
5.229942e-11	8.041297e-04
5.474874e-11	8.164910e-04
5.731276e-11	8.290423e-04
5.999686e-11	8.417865e-04
6.280666e-11	8.547267e-04
6.574806e-11	8.678657e-04
6.882721e-11	8.812068e-04
7.205056e-11	8.947529e-04
7.542487e-11	9.085073e-04
7.895721e-11	9.224731e-04
8.265497e-11	9.366536e-04
8.652591e-11	9.510520e-04
9.057814e-11	9.656718e-04
9.482014e-11	9.805164e-04
9.926081e-11	9.955891e-04
1.039094e-10	1.010894e-03
1.087758e-10	1.026433e-03
1.138700e-10	1.042212e-03
1.192029e-10	1.058233e-03
1.247854e-10	1.074501e-03
1.306294e-10	1.091018e-03
1.367472e-10	1.107789e-03
1.431514e-10	1.124819e-03
1.498555e-10	1.142110e-03
1.568736e-10	1.159666e-03
1.642204e-10	1.177493e-03
1.719113e-10	1.195594e-03
1.799623e-10	1.213973e-03
1.883904e-10	1.232634e-03
1.972132e-10	1.251583e-03
2.064492e-10	1.270823e-03
2.161177e-10	1.290358e-03
2.262391e-10	1.310194e-03
2.368344e-10	1.330334e-03
2.479260e-10	1.350785e-03
2.595370e-10	1.371549e-03
2.716917e-10	1.392633e-03
2.844157e-10	1.414041e-03
2.977357e-10	1.435778e-03
3.116794e-10	1.457849e-03
3.262761e-10	1.480260e-03
3.415564e-10	1.503015e-03
3.575524e-10	1.526120e-03
3.742975e-10	1.549580e-03
3.918268e-10	1.573400e-03
4.101770e-10	1.597587e-03
4.293866e-10	1.622146e-03
4.494959e-10	1.647082e-03
4.705469e-10	1.672401e-03
4.925838e-10	1.698110e-03
5.156528e-10	1.724214e-03
5.398021e-10	1.750719e-03
5.650824e-10	1.777631e-03
5.915466e-10	1.804958e-03
6.192503e-10	1.832704e-03
6.482513e-10	1.860877e-03
6.786106e-10	1.889483e-03
7.103916e-10	1.918528e-03
7.436611e-10	1.948021e-03
7.784886e-10	1.977966e-03
8.149472e-10	2.008372e-03
8.531132e-10	2.039245e-03
8.930667e-10	2.070593e-03
9.348912e-10	2.102423e-03
9.786746e-10	2.134742e-03
1.024508e-09	2.167558e-03
1.072489e-09	2.200879e-03
1.122716e-09	2.234711e-03
1.175296e-09	2.269064e-03
1.230338e-09	2.303945e-03
1.287958e-09	2.339362e-03
1.348276e-09	2.375323e-03
1.411419e-09	2.411837e-03
1.477519e-09	2.448913e-03
1.546715e-09	2.486558e-03
1.619152e-09	2.524783e-03
1.694981e-09	2.563594e-03
1.774361e-09	2.603003e-03
1.857459e-09	2.643017e-03
1.944449e-09	2.683646e-03
2.035512e-09	2.724900e-03
2.130840e-09	2.766788e-03
2.230633e-09	2.809320e-03
2.335099e-09	2.852506e-03
2.444458e-09	2.896355e-03
2.558938e-09	2.940879e-03
2.678779e-09	2.986087e-03
2.804233e-09	3.031990e-03
2.935563e-09	3.078599e-03
3.073042e-09	3.125924e-03
3.216961e-09	3.173977e-03
3.367619e-09	3.222769e-03
3.525333e-09	3.272310e-03
3.690433e-09	3.322613e-03
3.863266e-09	3.373689e-03
4.044192e-09	3.425551e-03
4.233592e-09	3.478209e-03
4.431862e-09	3.531678e-03
4.639417e-09	3.585968e-03
4.856693e-09	3.641092e-03
5.084144e-09	3.697064e-03
5.322247e-09	3.753897e-03
5.571502e-09	3.811603e-03
5.832429e-09	3.870196e-03
6.105577e-09	3.929690e-03
6.391516e-09	3.990098e-03
6.690847e-09	4.051435e-03
7.004196e-09	4.113715e-03
7.332221e-09	4.176953e-03
7.675607e-09	4.241162e-03
8.035075e-09	4.306359e-03
8.411378e-09	4.372557e-03
8.805304e-09	4.439773e-03
9.217679e-09	4.508023e-03
9.649366e-09	4.577322e-03
1.010127e-08	4.647686e-03
1.057434e-08	4.719131e-03
1.106956e-08	4.791675e-03
1.158798e-08	4.865334e-03
1.213067e-08	4.940126e-03
1.269878e-08	5.016067e-03
1.329350e-08	5.093175e-03
1.391607e-08	5.171469e-03
1.456779e-08	5.250966e-03
1.525004e-08	5.331685e-03
1.596423e-08	5.413645e-03
1.671188e-08	5.496865e-03
1.749454e-08	5.581365e-03
1.831385e-08	5.667163e-03
1.917154e-08	5.754280e-03
2.006939e-08	5.842736e-03
2.100929e-08	5.932552e-03
2.199321e-08	6.023749e-03
2.302320e-08	6.116347e-03
2.410144e-08	6.210369e-03
2.523017e-08	6.305837e-03
2.641176e-08	6.402771e-03
2.764869e-08	6.501196e-03
2.894355e-08	6.601134e-03
3.029905e-08	6.702608e-03
3.171803e-08	6.805642e-03
3.320347e-08	6.910259e-03
3.475847e-08	7.016485e-03
3.638630e-08	7.124344e-03
3.809036e-08	7.233860e-03
3.987423e-08	7.345061e-03
4.174164e-08	7.457970e-03
4.369651e-08	7.572615e-03
4.574292e-08	7.689022e-03
4.788518e-08	7.807219e-03
5.012776e-08	7.927233e-03
5.247537e-08	8.049091e-03
5.493293e-08	8.172822e-03
5.750558e-08	8.298456e-03
6.019871e-08	8.426020e-03
6.301797e-08	8.555546e-03
6.596926e-08	8.687062e-03
6.905876e-08	8.820600e-03
7.229296e-08	8.956191e-03
7.567862e-08	9.093866e-03
7.922284e-08	9.233657e-03
8.293305e-08	9.375597e-03
8.681702e-08	9.519718e-03
9.088288e-08	9.666055e-03
9.513915e-08	9.814641e-03
9.959476e-08	9.965511e-03
1.042590e-07	1.011870e-02
1.091417e-07	1.027424e-02
1.142531e-07	1.043218e-02
1.196039e-07	1.059254e-02
1.252052e-07	1.075537e-02
1.310689e-07	1.092070e-02
1.372072e-07	1.108857e-02
1.436330e-07	1.125902e-02
1.503597e-07	1.143209e-02
1.574014e-07	1.160782e-02
1.647729e-07	1.178626e-02
1.724896e-07	1.196743e-02
1.805678e-07	1.215139e-02
1.890242e-07	1.233818e-02
1.978767e-07	1.252784e-02
2.071438e-07	1.272041e-02
2.168448e-07	1.291594e-02
2.270002e-07	1.311448e-02
2.376312e-07	1.331607e-02
2.487601e-07	1.352076e-02
2.604101e-07	1.372859e-02
2.726058e-07	1.393962e-02
2.853726e-07	1.415389e-02
2.987373e-07	1.437146e-02
3.127280e-07	1.459237e-02
3.273738e-07	1.481667e-02
3.427056e-07	1.504442e-02
3.587553e-07	1.527567e-02
3.755567e-07	1.551048e-02
3.931450e-07	1.574889e-02
4.115570e-07	1.599097e-02
4.308312e-07	1.623677e-02
4.510082e-07	1.648634e-02
4.721300e-07	1.673976e-02
4.942411e-07	1.699706e-02
5.173876e-07	1.725832e-02
5.416182e-07	1.752360e-02
5.669835e-07	1.779295e-02
5.935368e-07	1.806644e-02
6.213336e-07	1.834413e-02
6.504323e-07	1.862609e-02
6.808937e-07	1.891239e-02
7.127816e-07	1.920308e-02
7.461630e-07	1.949824e-02
7.811077e-07	1.979794e-02
8.176889e-07	2.010224e-02
8.559834e-07	2.041121e-02
8.960713e-07	2.072494e-02
9.380365e-07	2.104348e-02
9.819672e-07	2.136692e-02
1.027955e-06	2.169533e-02
1.076097e-06	2.202878e-02
1.126493e-06	2.236736e-02
1.179250e-06	2.271114e-02
1.234477e-06	2.306020e-02
1.292291e-06	2.341463e-02
1.352812e-06	2.377450e-02
1.416168e-06	2.413990e-02
1.482490e-06	2.451091e-02
1.551919e-06	2.488762e-02
1.624599e-06	2.527012e-02
1.700683e-06	2.565849e-02
1.780331e-06	2.605283e-02
1.863708e-06	2.645323e-02
1.950990e-06	2.685978e-02
2.042360e-06	2.727257e-02
2.138009e-06	2.769171e-02
2.238137e-06	2.811728e-02
2.342955e-06	2.854939e-02
2.452682e-06	2.898813e-02
2.567547e-06	2.943362e-02
2.687792e-06	2.988594e-02
2.813668e-06	3.034521e-02
2.945439e-06	3.081154e-02
3.083381e-06	3.128502e-02
3.227784e-06	3.176578e-02
3.378949e-06	3.225392e-02
3.537194e-06	3.274955e-02
3.702849e-06	3.325280e-02
3.876263e-06	3.376377e-02
4.057798e-06	3.428259e-02
4.247835e-06	3.480937e-02
4.446772e-06	3.534424e-02
4.655026e-06	3.588732e-02
4.873032e-06	3.643874e-02
5.101249e-06	3.699862e-02
5.340153e-06	3.756709e-02
5.590246e-06	3.814429e-02
5.852052e-06	3.873035e-02
6.126118e-06	3.932541e-02
6.413020e-06	3.992959e-02
6.713358e-06	4.054305e-02
7.027761e-06	4.116592e-02
7.356889e-06	4.179835e-02
7.701431e-06	4.244048e-02
8.062108e-06	4.309246e-02
8.439677e-06	4.375445e-02
8.834928e-06	4.442659e-02
9.248690e-06	4.510904e-02
9.681830e-06	4.580196e-02
1.013525e-05	4.650550e-02
1.060991e-05	4.721984e-02
1.110680e-05	4.794513e-02
1.162696e-05	4.868154e-02
1.217148e-05	4.942924e-02
1.274150e-05	5.018840e-02
1.333822e-05	5.095920e-02
1.396288e-05	5.174182e-02
1.461680e-05	5.253644e-02
1.530134e-05	5.334323e-02
1.601794e-05	5.416238e-02
1.676810e-05	5.499409e-02
1.755340e-05	5.583854e-02
1.837547e-05	5.669592e-02
1.923604e-05	5.756644e-02
2.013691e-05	5.845030e-02
2.107997e-05	5.934769e-02
2.206720e-05	6.025882e-02
2.310066e-05	6.118390e-02
2.418253e-05	6.212314e-02
2.531505e-05	6.307676e-02
2.650062e-05	6.404497e-02
2.774171e-05	6.502801e-02
2.904093e-05	6.602608e-02
3.040099e-05	6.703942e-02
3.182474e-05	6.806826e-02
3.331518e-05	6.911284e-02
3.487541e-05	7.017339e-02
3.650871e-05	7.125015e-02
3.821851e-05	7.234338e-02
4.000838e-05	7.345331e-02
4.188207e-05	7.458020e-02
4.384352e-05	7.572431e-02
4.589682e-05	7.688590e-02
4.804628e-05	7.806523e-02
5.029641e-05	7.926256e-02
5.265192e-05	8.047817e-02
5.511774e-05	8.171233e-02
5.769905e-05	8.296533e-02
6.040124e-05	8.423744e-02
6.322998e-05	8.552895e-02
6.619120e-05	8.684015e-02
6.929110e-05	8.817135e-02
7.253618e-05	8.952283e-02
7.593323e-05	9.089490e-02
7.948938e-05	9.228787e-02
8.321207e-05	9.370205e-02
8.710910e-05	9.513776e-02
9.118864e-05	9.659531e-02
9.545923e-05	9.807504e-02
9.992983e-05	9.957728e-02
1.046098e-04	1.011024e-01
1.095089e-04	1.026506e-01
1.146375e-04	1.042224e-01
1.200063e-04	1.058180e-01
1.256265e-04	1.074379e-01
1.315099e-04	1.090823e-01
1.376688e-04	1.107517e-01
1.441162e-04	1.124464e-01
1.508655e-04	1.141668e-01
1.579309e-04	1.159133e-01
1.653273e-04	1.176862e-01
1.730699e-04	1.194859e-01
1.811753e-04	1.213128e-01
1.896601e-04	1.231674e-01
1.985424e-04	1.250500e-01
2.078407e-04	1.269610e-01
2.175744e-04	1.289009e-01
2.277639e-04	1.308701e-01
2.384307e-04	1.328689e-01
2.495970e-04	1.348979e-01
2.612862e-04	1.369574e-01
2.735229e-04	1.390479e-01
2.863327e-04	1.411698e-01
2.997424e-04	1.433237e-01
3.137801e-04	1.455098e-01
3.284752e-04	1.477288e-01
3.438585e-04	1.499811e-01
3.599623e-04	1.522671e-01
3.768202e-04	1.545873e-01
3.944677e-04	1.569423e-01
4.129416e-04	1.593324e-01
4.322807e-04	1.617582e-01
4.525255e-04	1.642202e-01
4.737184e-04	1.667189e-01
4.959039e-04	1.692548e-01
5.191283e-04	1.718284e-01
5.434404e-04	1.744403e-01
5.688911e-04	1.770909e-01
5.955337e-04	1.797808e-01
6.234240e-04	1.825106e-01
6.526206e-04	1.852807e-01
6.831844e-04	1.880918e-01
7.151797e-04	1.909443e-01
7.486734e-04	1.938388e-01
7.837356e-04	1.967760e-01
8.204399e-04	1.997562e-01
8.588632e-04	2.027802e-01
8.990860e-04	2.058485e-01
9.411924e-04	2.089617e-01
9.852708e-04	2.121203e-01
1.031414e-03	2.153250e-01
1.079717e-03	2.185763e-01
1.130283e-03	2.218748e-01
1.183217e-03	2.252212e-01
1.238630e-03	2.286159e-01
1.296638e-03	2.320597e-01
1.357363e-03	2.355532e-01
1.420932e-03	2.390968e-01
1.487478e-03	2.426914e-01
1.557140e-03	2.463374e-01
1.630065e-03	2.500354e-01
1.706405e-03	2.537862e-01
1.786320e-03	2.575902e-01
1.869978e-03	2.614482e-01
1.957554e-03	2.653607e-01
2.049231e-03	2.693284e-01
2.145202e-03	2.733518e-01
2.245667e-03	2.774316e-01
2.350838e-03	2.815684e-01
2.460933e-03	2.857628e-01
2.576185e-03	2.900154e-01
2.696834e-03	2.943268e-01
2.823134e-03	2.986976e-01
2.955348e-03	3.031284e-01
3.093755e-03	3.076197e-01
3.238643e-03	3.121722e-01
3.390317e-03	3.167865e-01
3.549094e-03	3.214630e-01
3.715307e-03	3.262023e-01
3.889304e-03	3.310051e-01
4.071450e-03	3.358717e-01
4.262127e-03	3.408028e-01
4.461733e-03	3.457988e-01
4.670687e-03	3.508603e-01
4.889427e-03	3.559876e-01
5.118411e-03	3.611814e-01
5.358119e-03	3.664419e-01
5.609054e-03	3.717696e-01
5.871740e-03	3.771649e-01
6.146728e-03	3.826282e-01
6.434595e-03	3.881598e-01
6.735944e-03	3.937601e-01
7.051405e-03	3.994293e-01
7.381640e-03	4.051677e-01
7.727341e-03	4.109755e-01
8.089232e-03	4.168529e-01
8.468071e-03	4.228000e-01
8.864652e-03	4.288170e-01
9.279806e-03	4.349040e-01
9.714403e-03	4.410609e-01
1.016935e-02	4.472877e-01
1.064561e-02	4.535844e-01
1.114417e-02	4.599509e-01
1.166608e-02	4.663868e-01
1.221243e-02	4.728921e-01
1.278437e-02	4.794663e-01
1.338310e-02	4.861090e-01
1.400986e-02	4.928199e-01
1.466598e-02	4.995984e-01
1.535282e-02	5.064439e-01
1.607183e-02	5.133556e-01
1.682452e-02	5.203329e-01
1.761245e-02	5.273747e-01
1.843729e-02	5.344801e-01
1.930075e-02	5.416481e-01
2.020466e-02	5.488774e-01
2.115089e-02	5.561667e-01
2.214144e-02	5.635145e-01
2.317838e-02	5.709193e-01
2.426388e-02	5.783794e-01
2.540022e-02	5.858929e-01
2.658978e-02	5.934578e-01
2.783505e-02	6.010719e-01
2.913863e-02	6.087330e-01
3.050327e-02	6.164385e-01
3.193181e-02	6.241857e-01
3.342726e-02	6.319718e-01
3.499274e-02	6.397937e-01
3.663154e-02	6.476480e-01
3.834709e-02	6.555314e-01
4.014298e-02	6.634400e-01
4.202298e-02	6.713698e-01
4.399102e-02	6.793167e-01
4.605123e-02	6.872762e-01
4.820793e-02	6.952434e-01
5.046563e-02	7.032134e-01
5.282906e-02	7.111807e-01
5.530318e-02	7.191397e-01
5.789317e-02	7.270845e-01
6.060445e-02	7.350087e-01
6.344271e-02	7.429055e-01
6.641389e-02	7.507681e-01
6.952422e-02	7.585890e-01
7.278022e-02	7.663603e-01
7.618870e-02	7.740738e-01
7.975681e-02	7.817210e-01
8.349202e-02	7.892927e-01
8.740216e-02	7.967794e-01
9.149543e-02	8.041711e-01
9.578039e-02	8.114573e-01
1.002660e-01	8.186272e-01
1.049617e-01	8.256692e-01
1.098774e-01	8.325713e-01
1.150232e-01	8.393210e-01
1.204100e-01	8.459053e-01
1.260491e-01	8.523106e-01
1.319523e-01	8.585226e-01
1.381320e-01	8.645266e-01
1.446011e-01	8.703074e-01
1.513731e-01	8.758489e-01
1.584623e-01	8.811346e-01
1.658835e-01	8.861476e-01
1.736522e-01	8.908701e-01
1.817848e-01	8.952838e-01
1.902982e-01	8.993700e-01
1.992104e-01	9.031092e-01
2.085399e-01	9.064815e-01
2.183064e-01	9.094664e-01
2.285302e-01	9.120431e-01
2.392328e-01	9.141900e-01
2.504367e-01	9.158853e-01
2.621653e-01	9.171069e-01
2.744432e-01	9.178321e-01
2.872960e-01	9.180381e-01
3.007508e-01	9.177018e-01
3.148358e-01	9.168003e-01
3.295803e-01	9.153101e-01
3.450154e-01	9.132084e-01
3.611733e-01	9.104720e-01
3.780880e-01	9.070783e-01
3.957948e-01	9.030052e-01
4.143309e-01	8.982310e-01
4.337351e-01	8.927348e-01
4.540480e-01	8.864967e-01
4.753122e-01	8.794977e-01
4.975723e-01	8.717204e-01
5.208748e-01	8.631487e-01
5.452687e-01	8.537683e-01
5.708050e-01	8.435670e-01
5.975373e-01	8.325347e-01
6.255214e-01	8.206639e-01
6.548162e-01	8.079500e-01
6.854829e-01	7.943912e-01
7.175858e-01	7.799893e-01
7.511921e-01	7.647496e-01
7.863724e-01	7.486815e-01
8.232002e-01	7.317984e-01
8.617527e-01	7.141184e-01
9.021108e-01	6.956641e-01
9.443589e-01	6.764633e-01
9.885856e-01	6.565487e-01
1.034884e+00	6.359585e-01
1.083350e+00	6.147363e-01
1.134086e+00	5.929313e-01
1.187198e+00	5.705981e-01
1.242797e+00	5.477968e-01
1.301001e+00	5.245931e-01
1.361930e+00	5.010575e-01
1.425713e+00	4.772656e-01
1.492482e+00	4.532974e-01
1.562379e+00	4.292370e-01
1.635549e+00	4.051717e-01
1.712146e+00	3.811917e-01
1.792330e+00	3.573891e-01
1.876270e+00	3.338570e-01
1.964140e+00	3.106885e-01
2.056126e+00	2.879759e-01
2.152419e+00	2.658094e-01
2.253222e+00	2.442758e-01
2.358747e+00	2.234578e-01
2.469213e+00	2.034321e-01
2.584852e+00	1.842692e-01
2.705907e+00	1.660312e-01
2.832632e+00	1.487719e-01
2.965291e+00	1.325351e-01
3.104163e+00	1.173543e-01
3.249539e+00	1.032522e-01
3.401723e+00	9.023993e-02
3.561034e+00	7.831758e-02
3.727807e+00	6.747386e-02
3.902389e+00	5.768669e-02
4.085148e+00	4.892381e-02
4.276466e+00	4.114366e-02
4.476744e+00	3.429645e-02
4.686401e+00	2.832540e-02
4.905877e+00	2.316821e-02
5.135631e+00	1.875850e-02
5.376146e+00	1.502738e-02
5.627925e+00	1.190498e-02
5.891495e+00	9.321897e-03
6.167408e+00	7.210571e-03
6.456243e+00	5.506466e-03
6.758606e+00	4.149068e-03
7.075128e+00	3.082667e-03
7.406474e+00	2.256899e-03
7.753338e+00	1.627065e-03
8.116447e+00	1.154219e-03
8.496561e+00	8.050655e-04
8.894476e+00	5.516792e-04
9.311027e+00	3.711006e-04
9.747086e+00	2.448309e-04
1.020357e+01	1.582752e-04
1.068143e+01	1.001648e-04
1.118166e+01	6.199220e-05
1.170533e+01	3.748200e-05
1.225352e+01	2.211540e-05
1.282738e+01	1.271901e-05
1.342812e+01	7.121559e-06
1.405699e+01	3.877152e-06
1.471532e+01	2.049714e-06
1.540447e+01	1.050791e-06
1.612590e+01	5.216201e-07
1.688112e+01	2.503512e-07
1.767171e+01	1.159884e-07
1.849932e+01	5.178791e-08
1.936569e+01	2.224527e-08
2.027263e+01	9.175989e-09
2.122205e+01	3.627841e-09
2.221593e+01	1.372015e-09
2.325636e+01	4.953133e-10
2.434552e+01	1.703193e-10
2.548568e+01	5.565685e-11
2.667924e+01	1.724274e-11
2.792869e+01	5.051731e-12
2.923666e+01	1.395991e-12
3.060589e+01	3.628633e-13
3.203924e+01	8.846563e-14
3.353972e+01	2.016846e-14
3.511047e+01	4.286189e-15
3.675478e+01	8.463320e-16
3.847610e+01	1.547335e-16
4.027804e+01	2.609968e-17
4.216436e+01	4.046254e-18
4.413902e+01	5.742770e-19
4.620616e+01	7.430925e-20
4.837012e+01	8.728428e-21
5.063541e+01	9.264703e-22
5.300679e+01	8.844385e-23
5.548924e+01	7.555901e-24
5.808794e+01	5.746829e-25
6.080834e+01	3.870158e-26
6.365615e+01	2.294625e-27
6.663733e+01	1.190655e-28
6.975813e+01	5.373267e-30
7.302507e+01	2.095217e-31
7.644502e+01	7.011078e-33
8.002514e+01	1.998912e-34
8.377292e+01	4.819453e-36
8.769622e+01	9.749593e-38
9.180325e+01	1.641307e-39
9.610263e+01	2.279661e-41
1.006034e+02	2.588901e-43
1.053149e+02	2.381387e-45
1.102470e+02	1.756815e-47
1.154102e+02	1.028764e-49
1.208151e+02	4.730433e-52
1.264732e+02	1.688739e-54
1.323963e+02	4.625431e-57
1.385967e+02	9.600189e-60
1.450876e+02	1.490401e-62
1.518824e+02	1.707321e-65
1.589954e+02	1.422765e-68
1.664416e+02	8.497357e-72
1.742364e+02	3.580893e-75
1.823964e+02	1.047519e-78
1.909385e+02	2.091080e-82
1.998806e+02	2.797971e-86
2.092415e+02	2.462877e-90
2.190408e+02	1.398460e-94
2.292990e+02	5.018200e-99
2.400377e+02	1.113784e-103
2.512793e+02	1.494983e-108
2.630473e+02	1.185288e-113
2.753665e+02	5.415700e-119
2.882626e+02	1.389687e-124
3.017627e+02	1.949286e-130
3.158950e+02	1.452928e-136
3.306891e+02	5.586786e-143
3.461761e+02	1.074400e-149
3.623885e+02	1.000372e-156
3.793600e+02	4.359091e-164
3.971264e+02	8.578747e-172
4.157248e+02	7.346451e-180
4.351943e+02	2.632887e-188
4.555755e+02	3.791144e-197
4.769113e+02	2.101577e-206
4.992463e+02	4.288859e-216
5.226272e+02	3.074935e-226
5.471032e+02	7.374838e-237
5.727254e+02	5.621086e-248
5.995476e+02	1.290405e-259
6.276259e+02	8.434610e-272
6.570192e+02	1.480101e-284
6.877891e+02	6.556373e-298
7.200000e+02	6.873682e-312
