########################################################################
#_src is in the AGN rest frame:cosmo                 
#nu_src  nuFnu_somma_src  nuFnu_Sync_src nuFnu_SSC_src nu_Fnu_Disk_src  nu_Fnu_DT_src nu_Fnu_Star_src nu_Fnu_EC_Disk_src nu_Fnu_EC_BLR_src nu_Fnu_EC_DT_src nu_Fnu_EC_Star_src nu_Fnu_EC_CMB_src  
########################################################################
6.2041e+00	 -6.2828e+01	 -6.2828e+01	 -6.2828e+01	 -6.2828e+01	 -6.2828e+01	 -6.2828e+01	 -6.2828e+01	 -6.2828e+01	 -6.2828e+01	 -6.2828e+01	 -6.2828e+01	 -6.2828e+01
6.3241e+00	 -6.2828e+01	 -6.2828e+01	 -6.2828e+01	 -6.2828e+01	 -6.2828e+01	 -6.2828e+01	 -6.2828e+01	 -6.2828e+01	 -6.2828e+01	 -6.2828e+01	 -6.2828e+01	 -6.2828e+01
6.4441e+00	 -6.2828e+01	 -6.2828e+01	 -6.2828e+01	 -6.2828e+01	 -6.2828e+01	 -6.2828e+01	 -6.2828e+01	 -6.2828e+01	 -6.2828e+01	 -6.2828e+01	 -6.2828e+01	 -6.2828e+01
6.5641e+00	 -6.2828e+01	 -6.2828e+01	 -6.2828e+01	 -6.2828e+01	 -6.2828e+01	 -6.2828e+01	 -6.2828e+01	 -6.2828e+01	 -6.2828e+01	 -6.2828e+01	 -6.2828e+01	 -6.2828e+01
6.6841e+00	 -6.2828e+01	 -6.2828e+01	 -6.2828e+01	 -6.2828e+01	 -6.2828e+01	 -6.2828e+01	 -6.2828e+01	 -6.2828e+01	 -6.2828e+01	 -6.2828e+01	 -6.2828e+01	 -6.2828e+01
6.8041e+00	 -6.2828e+01	 -6.2828e+01	 -6.2828e+01	 -6.2828e+01	 -6.2828e+01	 -6.2828e+01	 -6.2828e+01	 -6.2828e+01	 -6.2828e+01	 -6.2828e+01	 -6.2828e+01	 -6.2828e+01
6.9241e+00	 -6.2828e+01	 -6.2828e+01	 -6.2828e+01	 -6.2828e+01	 -6.2828e+01	 -6.2828e+01	 -6.2828e+01	 -6.2828e+01	 -6.2828e+01	 -6.2828e+01	 -6.2828e+01	 -6.2828e+01
7.0441e+00	 -6.2828e+01	 -6.2828e+01	 -6.2828e+01	 -6.2828e+01	 -6.2828e+01	 -6.2828e+01	 -6.2828e+01	 -6.2828e+01	 -6.2828e+01	 -6.2828e+01	 -6.2828e+01	 -6.2828e+01
7.1641e+00	 -6.2828e+01	 -6.2828e+01	 -6.2828e+01	 -6.2828e+01	 -6.2828e+01	 -6.2828e+01	 -6.2828e+01	 -6.2828e+01	 -6.2828e+01	 -6.2828e+01	 -6.2828e+01	 -6.2828e+01
7.2841e+00	 -6.2828e+01	 -6.2828e+01	 -6.2828e+01	 -6.2828e+01	 -6.2828e+01	 -6.2828e+01	 -6.2828e+01	 -6.2828e+01	 -6.2828e+01	 -6.2828e+01	 -6.2828e+01	 -6.2828e+01
7.4041e+00	 3.0570e+01	 3.0570e+01	 -6.2828e+01	 -6.2828e+01	 -6.2828e+01	 -6.2828e+01	 -6.2828e+01	 -6.2828e+01	 -6.2828e+01	 -6.2828e+01	 -6.2828e+01	 -6.2828e+01
7.5241e+00	 3.0924e+01	 3.0924e+01	 -6.2828e+01	 -6.2828e+01	 -6.2828e+01	 -6.2828e+01	 -6.2828e+01	 -6.2828e+01	 -6.2828e+01	 -6.2828e+01	 -6.2828e+01	 -6.2828e+01
7.6441e+00	 3.1276e+01	 3.1276e+01	 -6.2828e+01	 -6.2828e+01	 -6.2828e+01	 -6.2828e+01	 -6.2828e+01	 -6.2828e+01	 -6.2828e+01	 -6.2828e+01	 -6.2828e+01	 -6.2828e+01
7.7641e+00	 3.1627e+01	 3.1627e+01	 -6.2828e+01	 -6.2828e+01	 -6.2828e+01	 -6.2828e+01	 -6.2828e+01	 -6.2828e+01	 -6.2828e+01	 -6.2828e+01	 -6.2828e+01	 -6.2828e+01
7.8841e+00	 3.1976e+01	 3.1976e+01	 -6.2828e+01	 -6.2828e+01	 -6.2828e+01	 -6.2828e+01	 -6.2828e+01	 -6.2828e+01	 -6.2828e+01	 -6.2828e+01	 -6.2828e+01	 -6.2828e+01
8.0041e+00	 3.2323e+01	 3.2323e+01	 -6.2828e+01	 -6.2828e+01	 -6.2828e+01	 -6.2828e+01	 -6.2828e+01	 -6.2828e+01	 -6.2828e+01	 -6.2828e+01	 -6.2828e+01	 -6.2828e+01
8.1241e+00	 3.2669e+01	 3.2669e+01	 -6.2828e+01	 -6.2828e+01	 -6.2828e+01	 -6.2828e+01	 -6.2828e+01	 -6.2828e+01	 -6.2828e+01	 -6.2828e+01	 -6.2828e+01	 -6.2828e+01
8.2441e+00	 3.3013e+01	 3.3013e+01	 -6.2828e+01	 -6.2828e+01	 -6.2828e+01	 -6.2828e+01	 -6.2828e+01	 -6.2828e+01	 -6.2828e+01	 -6.2828e+01	 -6.2828e+01	 -6.2828e+01
8.3641e+00	 3.3356e+01	 3.3356e+01	 -6.2828e+01	 -6.2828e+01	 -6.2828e+01	 -6.2828e+01	 -6.2828e+01	 -6.2828e+01	 -6.2828e+01	 -6.2828e+01	 -6.2828e+01	 -6.2828e+01
8.4841e+00	 3.3699e+01	 3.3699e+01	 -6.2828e+01	 -6.2828e+01	 -6.2828e+01	 -6.2828e+01	 -6.2828e+01	 -6.2828e+01	 -6.2828e+01	 -6.2828e+01	 -6.2828e+01	 -6.2828e+01
8.6041e+00	 3.4043e+01	 3.4043e+01	 -6.2828e+01	 -6.2828e+01	 -6.2828e+01	 -6.2828e+01	 -6.2828e+01	 -6.2828e+01	 -6.2828e+01	 -6.2828e+01	 -6.2828e+01	 -6.2828e+01
8.7241e+00	 3.4391e+01	 3.4391e+01	 -6.2828e+01	 -6.2828e+01	 -6.2828e+01	 -6.2828e+01	 -6.2828e+01	 -6.2828e+01	 -6.2828e+01	 -6.2828e+01	 -6.2828e+01	 -6.2828e+01
8.8441e+00	 3.4745e+01	 3.4745e+01	 -6.2828e+01	 -6.2828e+01	 -6.2828e+01	 -6.2828e+01	 -6.2828e+01	 -6.2828e+01	 -6.2828e+01	 -6.2828e+01	 -6.2828e+01	 -6.2828e+01
8.9641e+00	 3.5152e+01	 3.5109e+01	 -6.2828e+01	 -6.2828e+01	 3.4123e+01	 -6.2828e+01	 -6.2828e+01	 -6.2828e+01	 -6.2828e+01	 -6.2828e+01	 -6.2828e+01	 -6.2828e+01
9.0841e+00	 3.5526e+01	 3.5485e+01	 -6.2828e+01	 -6.2828e+01	 3.4483e+01	 -6.2828e+01	 -6.2828e+01	 -6.2828e+01	 -6.2828e+01	 -6.2828e+01	 -6.2828e+01	 -6.2828e+01
9.2041e+00	 3.5913e+01	 3.5875e+01	 -6.2828e+01	 -6.2828e+01	 3.4843e+01	 -6.2828e+01	 -6.2828e+01	 -6.2828e+01	 -6.2828e+01	 -6.2828e+01	 -6.2828e+01	 -6.2828e+01
9.3241e+00	 3.6313e+01	 3.6277e+01	 -6.2828e+01	 -6.2828e+01	 3.5203e+01	 -6.2828e+01	 -6.2828e+01	 -6.2828e+01	 -6.2828e+01	 -6.2828e+01	 -6.2828e+01	 -6.2828e+01
9.4441e+00	 3.6721e+01	 3.6690e+01	 -6.2828e+01	 -6.2828e+01	 3.5563e+01	 -6.2828e+01	 -6.2828e+01	 -6.2828e+01	 -6.2828e+01	 -6.2828e+01	 -6.2828e+01	 -6.2828e+01
9.5641e+00	 3.7135e+01	 3.7107e+01	 -6.2828e+01	 -6.2828e+01	 3.5923e+01	 -6.2828e+01	 -6.2828e+01	 -6.2828e+01	 -6.2828e+01	 -6.2828e+01	 -6.2828e+01	 -6.2828e+01
9.6841e+00	 3.7551e+01	 3.7526e+01	 -6.2828e+01	 -6.2828e+01	 3.6283e+01	 -6.2828e+01	 -6.2828e+01	 -6.2828e+01	 -6.2828e+01	 -6.2828e+01	 -6.2828e+01	 -6.2828e+01
9.8041e+00	 3.7967e+01	 3.7946e+01	 -6.2828e+01	 -6.2828e+01	 3.6643e+01	 -6.2828e+01	 -6.2828e+01	 -6.2828e+01	 -6.2828e+01	 -6.2828e+01	 -6.2828e+01	 -6.2828e+01
9.9241e+00	 3.8384e+01	 3.8365e+01	 -6.2828e+01	 -6.2828e+01	 3.7002e+01	 -6.2828e+01	 -6.2828e+01	 -6.2828e+01	 -6.2828e+01	 -6.2828e+01	 -6.2828e+01	 -6.2828e+01
1.0044e+01	 3.8801e+01	 3.8785e+01	 -6.2828e+01	 -6.2828e+01	 3.7362e+01	 -6.2828e+01	 -6.2828e+01	 -6.2828e+01	 -6.2828e+01	 -6.2828e+01	 -6.2828e+01	 -6.2828e+01
1.0164e+01	 3.9218e+01	 3.9204e+01	 -6.2828e+01	 -6.2828e+01	 3.7722e+01	 -6.2828e+01	 -6.2828e+01	 -6.2828e+01	 -6.2828e+01	 -6.2828e+01	 -6.2828e+01	 -6.2828e+01
1.0284e+01	 3.9635e+01	 3.9623e+01	 -6.2828e+01	 -6.2828e+01	 3.8081e+01	 -6.2828e+01	 -6.2828e+01	 -6.2828e+01	 -6.2828e+01	 -6.2828e+01	 -6.2828e+01	 -6.2828e+01
1.0404e+01	 4.0053e+01	 4.0042e+01	 -6.2828e+01	 -6.2828e+01	 3.8441e+01	 -6.2828e+01	 -6.2828e+01	 -6.2828e+01	 -6.2828e+01	 -6.2828e+01	 -6.2828e+01	 -6.2828e+01
1.0524e+01	 4.0470e+01	 4.0461e+01	 -6.2828e+01	 -6.2828e+01	 3.8800e+01	 -6.2828e+01	 -6.2828e+01	 -6.2828e+01	 -6.2828e+01	 -6.2828e+01	 -6.2828e+01	 -6.2828e+01
1.0644e+01	 4.0888e+01	 4.0880e+01	 -6.2828e+01	 -6.2828e+01	 3.9159e+01	 -6.2828e+01	 -6.2828e+01	 -6.2828e+01	 -6.2828e+01	 -6.2828e+01	 -6.2828e+01	 -6.2828e+01
1.0764e+01	 4.1305e+01	 4.1298e+01	 -6.2828e+01	 -6.2828e+01	 3.9517e+01	 -6.2828e+01	 -6.2828e+01	 -6.2828e+01	 -6.2828e+01	 -6.2828e+01	 -6.2828e+01	 -6.2828e+01
1.0884e+01	 4.1722e+01	 4.1716e+01	 -6.2828e+01	 -6.2828e+01	 3.9875e+01	 -6.2828e+01	 -6.2828e+01	 -6.2828e+01	 -6.2828e+01	 -6.2828e+01	 -6.2828e+01	 -6.2828e+01
1.1004e+01	 4.2139e+01	 4.2134e+01	 -6.2828e+01	 -6.2828e+01	 4.0233e+01	 -6.2828e+01	 -6.2828e+01	 -6.2828e+01	 -6.2828e+01	 -6.2828e+01	 -6.2828e+01	 -6.2828e+01
1.1124e+01	 4.2556e+01	 4.2551e+01	 -6.2828e+01	 -6.2828e+01	 4.0589e+01	 -6.2828e+01	 -6.2828e+01	 -6.2828e+01	 -6.2828e+01	 -6.2828e+01	 -6.2828e+01	 -6.2828e+01
1.1244e+01	 4.2972e+01	 4.2968e+01	 -6.2828e+01	 -6.2828e+01	 4.0945e+01	 -6.2828e+01	 -6.2828e+01	 -6.2828e+01	 -6.2828e+01	 -6.2828e+01	 -6.2828e+01	 -6.2828e+01
1.1364e+01	 4.3386e+01	 4.3383e+01	 -6.2828e+01	 -6.2828e+01	 4.1299e+01	 -6.2828e+01	 -6.2828e+01	 -6.2828e+01	 -6.2828e+01	 -6.2828e+01	 -6.2828e+01	 -6.2828e+01
1.1484e+01	 4.3795e+01	 4.3792e+01	 -6.2828e+01	 -6.2828e+01	 4.1651e+01	 -6.2828e+01	 -6.2828e+01	 -6.2828e+01	 -6.2828e+01	 -6.2828e+01	 -6.2828e+01	 -6.2828e+01
1.1604e+01	 4.4183e+01	 4.4180e+01	 -6.2828e+01	 -6.2828e+01	 4.2001e+01	 -6.2828e+01	 -6.2828e+01	 -6.2828e+01	 -6.2828e+01	 -6.2828e+01	 -6.2828e+01	 -6.2828e+01
1.1724e+01	 4.4515e+01	 4.4512e+01	 -6.2828e+01	 -6.2828e+01	 4.2347e+01	 -6.2828e+01	 -6.2828e+01	 -6.2828e+01	 -6.2828e+01	 -6.2828e+01	 -6.2828e+01	 -6.2828e+01
1.1844e+01	 4.4768e+01	 4.4764e+01	 -6.2828e+01	 -6.2828e+01	 4.2688e+01	 -6.2828e+01	 -6.2828e+01	 -6.2828e+01	 -6.2828e+01	 -6.2828e+01	 -6.2828e+01	 -6.2828e+01
1.1964e+01	 4.4947e+01	 4.4942e+01	 -6.2828e+01	 3.5123e+01	 4.3024e+01	 -6.2828e+01	 -6.2828e+01	 -6.2828e+01	 -6.2828e+01	 -6.2828e+01	 -6.2828e+01	 -6.2828e+01
1.2084e+01	 4.5079e+01	 4.5071e+01	 -6.2828e+01	 3.5483e+01	 4.3350e+01	 -6.2828e+01	 -6.2828e+01	 -6.2828e+01	 -6.2828e+01	 -6.2828e+01	 -6.2828e+01	 -6.2828e+01
1.2204e+01	 4.5186e+01	 4.5173e+01	 -6.2828e+01	 3.5843e+01	 4.3666e+01	 -6.2828e+01	 -6.2828e+01	 -6.2828e+01	 -6.2828e+01	 -6.2828e+01	 -6.2828e+01	 -6.2828e+01
1.2324e+01	 4.5281e+01	 4.5260e+01	 -6.2828e+01	 3.6203e+01	 4.3965e+01	 -6.2828e+01	 -6.2828e+01	 -6.2828e+01	 -6.2828e+01	 -6.2828e+01	 -6.2828e+01	 -6.2828e+01
1.2444e+01	 4.5371e+01	 4.5338e+01	 -6.2828e+01	 3.6563e+01	 4.4241e+01	 -6.2828e+01	 -6.2828e+01	 -6.2828e+01	 -6.2828e+01	 -6.2828e+01	 -6.2828e+01	 -6.2828e+01
1.2564e+01	 4.5459e+01	 4.5410e+01	 -6.2828e+01	 3.6923e+01	 4.4486e+01	 -6.2828e+01	 -6.2828e+01	 -6.2828e+01	 -6.2828e+01	 -6.2828e+01	 -6.2828e+01	 -6.2828e+01
1.2684e+01	 4.5542e+01	 4.5477e+01	 -6.2828e+01	 3.7283e+01	 4.4685e+01	 -6.2828e+01	 -6.2828e+01	 -6.2828e+01	 -6.2828e+01	 -6.2828e+01	 -6.2828e+01	 -6.2828e+01
1.2804e+01	 4.5615e+01	 4.5539e+01	 -6.2828e+01	 3.7643e+01	 4.4820e+01	 -6.2828e+01	 -6.2828e+01	 -6.2828e+01	 -6.2828e+01	 -6.2828e+01	 -6.2828e+01	 -6.2828e+01
1.2924e+01	 4.5669e+01	 4.5595e+01	 -6.2828e+01	 3.8002e+01	 4.4864e+01	 -6.2828e+01	 -6.2828e+01	 -6.2828e+01	 -6.2828e+01	 -6.2828e+01	 -6.2828e+01	 -6.2828e+01
1.3044e+01	 4.5700e+01	 4.5645e+01	 -6.2828e+01	 3.8362e+01	 4.4780e+01	 -6.2828e+01	 -6.2828e+01	 -6.2828e+01	 -6.2828e+01	 -6.2828e+01	 -6.2828e+01	 -6.2828e+01
1.3164e+01	 4.5716e+01	 4.5687e+01	 -6.2828e+01	 3.8722e+01	 4.4524e+01	 -6.2828e+01	 -6.2828e+01	 -6.2828e+01	 -6.2828e+01	 -6.2828e+01	 -6.2828e+01	 -6.2828e+01
1.3284e+01	 4.5729e+01	 4.5721e+01	 -6.2828e+01	 3.9081e+01	 4.4035e+01	 -6.2828e+01	 -6.2828e+01	 -6.2828e+01	 -6.2828e+01	 -6.2828e+01	 -6.2828e+01	 -6.2828e+01
1.3404e+01	 4.5746e+01	 4.5744e+01	 -6.2828e+01	 3.9441e+01	 4.3238e+01	 -6.2828e+01	 -6.2828e+01	 -6.2828e+01	 -6.2828e+01	 -6.2828e+01	 -6.2828e+01	 -6.2828e+01
1.3524e+01	 4.5758e+01	 4.5758e+01	 -6.2828e+01	 3.9800e+01	 4.2035e+01	 -6.2828e+01	 -6.2828e+01	 -6.2828e+01	 -6.2828e+01	 -6.2828e+01	 -6.2828e+01	 -6.2828e+01
1.3644e+01	 4.5761e+01	 4.5761e+01	 -6.2828e+01	 4.0159e+01	 4.0297e+01	 -6.2828e+01	 -6.2828e+01	 -6.2828e+01	 -6.2828e+01	 -6.2828e+01	 -6.2828e+01	 -6.2828e+01
1.3764e+01	 4.5754e+01	 4.5754e+01	 4.1716e+01	 4.0517e+01	 3.7854e+01	 -6.2828e+01	 -6.2828e+01	 2.8502e+01	 3.6876e+01	 -6.2828e+01	 -6.2828e+01	 -6.2828e+01
1.3884e+01	 4.5737e+01	 4.5737e+01	 4.1828e+01	 4.0875e+01	 3.4482e+01	 -6.2828e+01	 -6.2828e+01	 2.8926e+01	 3.7207e+01	 -6.2828e+01	 -6.2828e+01	 -6.2828e+01
1.4004e+01	 4.5714e+01	 4.5714e+01	 4.1940e+01	 4.1233e+01	 2.9884e+01	 -6.2828e+01	 -6.2828e+01	 2.9349e+01	 3.7537e+01	 -6.2828e+01	 -6.2828e+01	 -6.2828e+01
1.4124e+01	 4.5687e+01	 4.5687e+01	 4.2044e+01	 4.1589e+01	 2.3669e+01	 -6.2828e+01	 -6.2828e+01	 2.9755e+01	 3.7855e+01	 -6.2828e+01	 -6.2828e+01	 -6.2828e+01
1.4244e+01	 4.5658e+01	 4.5658e+01	 4.2149e+01	 4.1945e+01	 1.5314e+01	 -6.2828e+01	 -6.2828e+01	 3.0160e+01	 3.8173e+01	 -6.2828e+01	 -6.2828e+01	 -6.2828e+01
1.4364e+01	 4.5629e+01	 4.5628e+01	 4.2251e+01	 4.2299e+01	 4.1459e+00	 -6.2828e+01	 -6.2828e+01	 3.0562e+01	 3.8486e+01	 -6.2828e+01	 -6.2828e+01	 -6.2828e+01
1.4484e+01	 4.5599e+01	 4.5598e+01	 4.2349e+01	 4.2651e+01	 -1.0732e+01	 -6.2828e+01	 -6.2828e+01	 3.0957e+01	 3.8790e+01	 -6.2828e+01	 -6.2828e+01	 -6.2828e+01
1.4604e+01	 4.5570e+01	 4.5568e+01	 4.2447e+01	 4.3001e+01	 -3.0500e+01	 -6.2828e+01	 -6.2828e+01	 3.1352e+01	 3.9093e+01	 -6.2828e+01	 -6.2828e+01	 -6.2828e+01
1.4724e+01	 4.5542e+01	 4.5538e+01	 4.2542e+01	 4.3347e+01	 -5.6716e+01	 -6.2828e+01	 -6.2828e+01	 3.1735e+01	 3.9384e+01	 -6.2828e+01	 -6.2828e+01	 -6.2828e+01
1.4844e+01	 4.5516e+01	 4.5508e+01	 4.2637e+01	 4.3688e+01	 -6.2828e+01	 -6.2828e+01	 -6.2828e+01	 3.2112e+01	 3.9669e+01	 -6.2828e+01	 -6.2828e+01	 -6.2828e+01
1.4964e+01	 4.5494e+01	 4.5478e+01	 4.2731e+01	 4.4024e+01	 -6.2828e+01	 -6.2828e+01	 -6.2828e+01	 3.2490e+01	 3.9954e+01	 -6.2828e+01	 -6.2828e+01	 -6.2828e+01
1.5084e+01	 4.5483e+01	 4.5448e+01	 4.2823e+01	 4.4350e+01	 -6.2828e+01	 -6.2828e+01	 -6.2828e+01	 3.2855e+01	 4.0210e+01	 -6.2828e+01	 -6.2828e+01	 -6.2828e+01
1.5204e+01	 4.5490e+01	 4.5418e+01	 4.2915e+01	 4.4666e+01	 -6.2828e+01	 -6.2828e+01	 -6.2828e+01	 3.3219e+01	 4.0466e+01	 -6.2828e+01	 -6.2828e+01	 -6.2828e+01
1.5324e+01	 4.5529e+01	 4.5388e+01	 4.3007e+01	 4.4965e+01	 -6.2828e+01	 -6.2828e+01	 -6.2828e+01	 3.3593e+01	 4.0711e+01	 -6.2828e+01	 -6.2828e+01	 -6.2828e+01
1.5444e+01	 4.5606e+01	 4.5358e+01	 4.3097e+01	 4.5241e+01	 -6.2828e+01	 -6.2828e+01	 -6.2828e+01	 3.3990e+01	 4.0929e+01	 -6.2828e+01	 -6.2828e+01	 -6.2828e+01
1.5564e+01	 4.5716e+01	 4.5328e+01	 4.3188e+01	 4.5486e+01	 -6.2828e+01	 -6.2828e+01	 -6.2828e+01	 3.4388e+01	 4.1147e+01	 -6.2828e+01	 -6.2828e+01	 -6.2828e+01
1.5684e+01	 4.5836e+01	 4.5298e+01	 4.3279e+01	 4.5685e+01	 -6.2828e+01	 -6.2828e+01	 -6.2828e+01	 3.4760e+01	 4.1344e+01	 -6.2828e+01	 -6.2828e+01	 -6.2828e+01
1.5804e+01	 4.5929e+01	 4.5268e+01	 4.3369e+01	 4.5820e+01	 -6.2828e+01	 -6.2828e+01	 -6.2828e+01	 3.5115e+01	 4.1527e+01	 -6.2828e+01	 -6.2828e+01	 -6.2828e+01
1.5924e+01	 4.5957e+01	 4.5238e+01	 4.3459e+01	 4.5864e+01	 -6.2828e+01	 -6.2828e+01	 -6.2828e+01	 3.5470e+01	 4.1709e+01	 -6.2828e+01	 -6.2828e+01	 -6.2828e+01
1.6044e+01	 4.5885e+01	 4.5208e+01	 4.3549e+01	 4.5780e+01	 -6.2828e+01	 -6.2828e+01	 -6.2828e+01	 3.5823e+01	 4.1867e+01	 -6.2828e+01	 -6.2828e+01	 -6.2828e+01
1.6164e+01	 4.5689e+01	 4.5178e+01	 4.3638e+01	 4.5524e+01	 -6.2828e+01	 -6.2828e+01	 -6.2828e+01	 3.6174e+01	 4.2023e+01	 -6.2828e+01	 -6.2828e+01	 -6.2828e+01
1.6284e+01	 4.5405e+01	 4.5148e+01	 4.3727e+01	 4.5035e+01	 -6.2828e+01	 -6.2828e+01	 -6.2828e+01	 3.6525e+01	 4.2172e+01	 -6.2828e+01	 -6.2828e+01	 -6.2828e+01
1.6404e+01	 4.5190e+01	 4.5117e+01	 4.3816e+01	 4.4238e+01	 -6.2828e+01	 -6.2828e+01	 -6.2828e+01	 3.6869e+01	 4.2299e+01	 -6.2828e+01	 -6.2828e+01	 -6.2828e+01
1.6524e+01	 4.5119e+01	 4.5086e+01	 4.3905e+01	 4.3035e+01	 -6.2828e+01	 -6.2828e+01	 -6.2828e+01	 3.7214e+01	 4.2426e+01	 -6.2828e+01	 -6.2828e+01	 -6.2828e+01
1.6644e+01	 4.5093e+01	 4.5055e+01	 4.3992e+01	 4.1297e+01	 -6.2828e+01	 -6.2828e+01	 -6.2828e+01	 3.7553e+01	 4.2539e+01	 -6.2828e+01	 -6.2828e+01	 -6.2828e+01
1.6764e+01	 4.5072e+01	 4.5024e+01	 4.4079e+01	 3.8854e+01	 -6.2828e+01	 -6.2828e+01	 -6.2828e+01	 3.7887e+01	 4.2639e+01	 -6.2828e+01	 -6.2828e+01	 -6.2828e+01
1.6884e+01	 4.5054e+01	 4.4991e+01	 4.4165e+01	 3.5482e+01	 -6.2828e+01	 -6.2828e+01	 -6.2828e+01	 3.8221e+01	 4.2740e+01	 -6.2828e+01	 -6.2828e+01	 -6.2828e+01
1.7004e+01	 4.5038e+01	 4.4958e+01	 4.4249e+01	 3.0884e+01	 -6.2828e+01	 -6.2828e+01	 -6.2828e+01	 3.8545e+01	 4.2832e+01	 -6.2828e+01	 -6.2828e+01	 -6.2828e+01
1.7124e+01	 4.5025e+01	 4.4922e+01	 4.4332e+01	 2.4669e+01	 -6.2828e+01	 -6.2828e+01	 -6.2828e+01	 3.8867e+01	 4.2923e+01	 -6.2828e+01	 -6.2828e+01	 -6.2828e+01
1.7244e+01	 4.5015e+01	 4.4884e+01	 4.4413e+01	 1.6314e+01	 -6.2828e+01	 -6.2828e+01	 -6.2828e+01	 3.9190e+01	 4.3013e+01	 -6.2828e+01	 -6.2828e+01	 -6.2828e+01
1.7364e+01	 4.5007e+01	 4.4843e+01	 4.4489e+01	 5.1459e+00	 -6.2828e+01	 -6.2828e+01	 -6.2828e+01	 3.9523e+01	 4.3103e+01	 -6.2828e+01	 -6.2828e+01	 -6.2828e+01
1.7484e+01	 4.5003e+01	 4.4796e+01	 4.4565e+01	 -9.7320e+00	 -6.2828e+01	 -6.2828e+01	 -6.2828e+01	 3.9855e+01	 4.3193e+01	 -6.2828e+01	 -6.2828e+01	 -6.2828e+01
1.7604e+01	 4.5001e+01	 4.4741e+01	 4.4637e+01	 -2.9500e+01	 -6.2828e+01	 -6.2828e+01	 -6.2828e+01	 4.0165e+01	 4.3283e+01	 -6.2828e+01	 -6.2828e+01	 -6.2828e+01
1.7724e+01	 4.5001e+01	 4.4676e+01	 4.4703e+01	 -5.5716e+01	 -6.2828e+01	 -6.2828e+01	 -6.2828e+01	 4.0451e+01	 4.3373e+01	 -6.2828e+01	 -6.2828e+01	 -6.2828e+01
1.7844e+01	 4.5004e+01	 4.4596e+01	 4.4769e+01	 -6.2828e+01	 -6.2828e+01	 -6.2828e+01	 -6.2828e+01	 4.0736e+01	 4.3463e+01	 -6.2828e+01	 -6.2828e+01	 -6.2828e+01
1.7964e+01	 4.5008e+01	 4.4495e+01	 4.4826e+01	 -6.2828e+01	 -6.2828e+01	 -6.2828e+01	 -6.2828e+01	 4.1000e+01	 4.3553e+01	 -6.2828e+01	 -6.2828e+01	 -6.2828e+01
1.8084e+01	 4.5017e+01	 4.4368e+01	 4.4882e+01	 -6.2828e+01	 -6.2828e+01	 -6.2828e+01	 -6.2828e+01	 4.1258e+01	 4.3643e+01	 -6.2828e+01	 -6.2828e+01	 -6.2828e+01
1.8204e+01	 4.5032e+01	 4.4203e+01	 4.4936e+01	 -6.2828e+01	 -6.2828e+01	 -6.2828e+01	 -6.2828e+01	 4.1513e+01	 4.3733e+01	 -6.2828e+01	 -6.2828e+01	 -6.2828e+01
1.8324e+01	 4.5050e+01	 4.3989e+01	 4.4982e+01	 -6.2828e+01	 -6.2828e+01	 -6.2828e+01	 -6.2828e+01	 4.1733e+01	 4.3823e+01	 -6.2828e+01	 -6.2828e+01	 -6.2828e+01
1.8444e+01	 4.5078e+01	 4.3706e+01	 4.5027e+01	 -6.2828e+01	 -6.2828e+01	 -6.2828e+01	 -6.2828e+01	 4.1953e+01	 4.3913e+01	 -6.2828e+01	 -6.2828e+01	 -6.2828e+01
1.8564e+01	 4.5112e+01	 4.3331e+01	 4.5068e+01	 -6.2828e+01	 -6.2828e+01	 -6.2828e+01	 -6.2828e+01	 4.2159e+01	 4.4002e+01	 -6.2828e+01	 -6.2828e+01	 -6.2828e+01
1.8684e+01	 4.5146e+01	 4.2837e+01	 4.5103e+01	 -6.2828e+01	 -6.2828e+01	 -6.2828e+01	 -6.2828e+01	 4.2343e+01	 4.4092e+01	 -6.2828e+01	 -6.2828e+01	 -6.2828e+01
1.8804e+01	 4.5185e+01	 4.2184e+01	 4.5138e+01	 -6.2828e+01	 -6.2828e+01	 -6.2828e+01	 -6.2828e+01	 4.2528e+01	 4.4182e+01	 -6.2828e+01	 -6.2828e+01	 -6.2828e+01
1.8924e+01	 4.5219e+01	 4.1323e+01	 4.5166e+01	 -6.2828e+01	 -6.2828e+01	 -6.2828e+01	 -6.2828e+01	 4.2693e+01	 4.4271e+01	 -6.2828e+01	 -6.2828e+01	 -6.2828e+01
1.9044e+01	 4.5252e+01	 4.0185e+01	 4.5191e+01	 -6.2828e+01	 -6.2828e+01	 -6.2828e+01	 -6.2828e+01	 4.2850e+01	 4.4361e+01	 -6.2828e+01	 -6.2828e+01	 -6.2828e+01
1.9164e+01	 4.5286e+01	 3.8684e+01	 4.5215e+01	 -6.2828e+01	 -6.2828e+01	 -6.2828e+01	 -6.2828e+01	 4.3007e+01	 4.4450e+01	 -6.2828e+01	 -6.2828e+01	 -6.2828e+01
1.9284e+01	 4.5313e+01	 3.6702e+01	 4.5230e+01	 -6.2828e+01	 -6.2828e+01	 -6.2828e+01	 -6.2828e+01	 4.3135e+01	 4.4538e+01	 -6.2828e+01	 -6.2828e+01	 -6.2828e+01
1.9404e+01	 4.5342e+01	 3.4087e+01	 4.5244e+01	 -6.2828e+01	 -6.2828e+01	 -6.2828e+01	 -6.2828e+01	 4.3264e+01	 4.4626e+01	 -6.2828e+01	 -6.2828e+01	 -6.2828e+01
1.9524e+01	 4.5370e+01	 3.0636e+01	 4.5256e+01	 -6.2828e+01	 -6.2828e+01	 -6.2828e+01	 -6.2828e+01	 4.3382e+01	 4.4714e+01	 -6.2828e+01	 -6.2828e+01	 -6.2828e+01
1.9644e+01	 4.5396e+01	 2.6083e+01	 4.5262e+01	 -6.2828e+01	 -6.2828e+01	 -6.2828e+01	 -6.2828e+01	 4.3483e+01	 4.4800e+01	 -6.2828e+01	 -6.2828e+01	 -6.2828e+01
1.9764e+01	 4.5425e+01	 -6.2828e+01	 4.5268e+01	 -6.2828e+01	 -6.2828e+01	 -6.2828e+01	 -6.2828e+01	 4.3584e+01	 4.4887e+01	 -6.2828e+01	 -6.2828e+01	 -6.2828e+01
1.9884e+01	 4.5454e+01	 -6.2828e+01	 4.5270e+01	 -6.2828e+01	 -6.2828e+01	 -6.2828e+01	 -6.2828e+01	 4.3678e+01	 4.4971e+01	 -6.2828e+01	 -6.2828e+01	 -6.2828e+01
2.0004e+01	 4.5484e+01	 -6.2828e+01	 4.5270e+01	 -6.2828e+01	 -6.2828e+01	 -6.2828e+01	 -6.2828e+01	 4.3768e+01	 4.5053e+01	 -6.2828e+01	 -6.2828e+01	 -6.2828e+01
2.0124e+01	 4.5518e+01	 -6.2828e+01	 4.5270e+01	 -6.2828e+01	 -6.2828e+01	 -6.2828e+01	 -6.2828e+01	 4.3859e+01	 4.5135e+01	 -6.2828e+01	 -6.2828e+01	 -6.2828e+01
2.0244e+01	 4.5550e+01	 -6.2828e+01	 4.5265e+01	 -6.2828e+01	 -6.2828e+01	 -6.2828e+01	 -6.2828e+01	 4.3948e+01	 4.5210e+01	 -6.2828e+01	 -6.2828e+01	 -6.2828e+01
2.0364e+01	 4.5586e+01	 -6.2828e+01	 4.5260e+01	 -6.2828e+01	 -6.2828e+01	 -6.2828e+01	 -6.2828e+01	 4.4037e+01	 4.5285e+01	 -6.2828e+01	 -6.2828e+01	 -6.2828e+01
2.0484e+01	 4.5623e+01	 -6.2828e+01	 4.5254e+01	 -6.2828e+01	 -6.2828e+01	 -6.2828e+01	 -6.2828e+01	 4.4126e+01	 4.5356e+01	 -6.2828e+01	 -6.2828e+01	 -6.2828e+01
2.0604e+01	 4.5657e+01	 -6.2828e+01	 4.5245e+01	 -6.2828e+01	 -6.2828e+01	 -6.2828e+01	 -6.2828e+01	 4.4215e+01	 4.5417e+01	 -6.2828e+01	 -6.2828e+01	 -6.2828e+01
2.0724e+01	 4.5693e+01	 -6.2828e+01	 4.5237e+01	 -6.2828e+01	 -6.2828e+01	 -6.2828e+01	 -6.2828e+01	 4.4304e+01	 4.5478e+01	 -6.2828e+01	 -6.2828e+01	 -6.2828e+01
2.0844e+01	 4.5723e+01	 -6.2828e+01	 4.5227e+01	 -6.2828e+01	 -6.2828e+01	 -6.2828e+01	 -6.2828e+01	 4.4393e+01	 4.5525e+01	 -6.2828e+01	 -6.2828e+01	 -6.2828e+01
2.0964e+01	 4.5749e+01	 -6.2828e+01	 4.5216e+01	 -6.2828e+01	 -6.2828e+01	 -6.2828e+01	 -6.2828e+01	 4.4482e+01	 4.5564e+01	 -6.2828e+01	 -6.2828e+01	 -6.2828e+01
2.1084e+01	 4.5776e+01	 -6.2828e+01	 4.5205e+01	 -6.2828e+01	 -6.2828e+01	 -6.2828e+01	 -6.2828e+01	 4.4570e+01	 4.5602e+01	 -6.2828e+01	 -6.2828e+01	 -6.2828e+01
2.1204e+01	 4.5785e+01	 -6.2828e+01	 4.5192e+01	 -6.2828e+01	 -6.2828e+01	 -6.2828e+01	 -6.2828e+01	 4.4658e+01	 4.5611e+01	 -6.2828e+01	 -6.2828e+01	 -6.2828e+01
2.1324e+01	 4.5793e+01	 -6.2828e+01	 4.5179e+01	 -6.2828e+01	 -6.2828e+01	 -6.2828e+01	 -6.2828e+01	 4.4746e+01	 4.5618e+01	 -6.2828e+01	 -6.2828e+01	 -6.2828e+01
2.1444e+01	 4.5799e+01	 -6.2828e+01	 4.5165e+01	 -6.2828e+01	 -6.2828e+01	 -6.2828e+01	 -6.2828e+01	 4.4833e+01	 4.5619e+01	 -6.2828e+01	 -6.2828e+01	 -6.2828e+01
2.1564e+01	 4.5793e+01	 -6.2828e+01	 4.5150e+01	 -6.2828e+01	 -6.2828e+01	 -6.2828e+01	 -6.2828e+01	 4.4920e+01	 4.5598e+01	 -6.2828e+01	 -6.2828e+01	 -6.2828e+01
2.1684e+01	 4.5789e+01	 -6.2828e+01	 4.5135e+01	 -6.2828e+01	 -6.2828e+01	 -6.2828e+01	 -6.2828e+01	 4.5007e+01	 4.5577e+01	 -6.2828e+01	 -6.2828e+01	 -6.2828e+01
2.1804e+01	 4.5786e+01	 -6.2828e+01	 4.5118e+01	 -6.2828e+01	 -6.2828e+01	 -6.2828e+01	 -6.2828e+01	 4.5093e+01	 4.5551e+01	 -6.2828e+01	 -6.2828e+01	 -6.2828e+01
2.1924e+01	 4.5785e+01	 -6.2828e+01	 4.5101e+01	 -6.2828e+01	 -6.2828e+01	 -6.2828e+01	 -6.2828e+01	 4.5178e+01	 4.5521e+01	 -6.2828e+01	 -6.2828e+01	 -6.2828e+01
2.2044e+01	 4.5789e+01	 -6.2828e+01	 4.5084e+01	 -6.2828e+01	 -6.2828e+01	 -6.2828e+01	 -6.2828e+01	 4.5263e+01	 4.5492e+01	 -6.2828e+01	 -6.2828e+01	 -6.2828e+01
2.2164e+01	 4.5797e+01	 -6.2828e+01	 4.5065e+01	 -6.2828e+01	 -6.2828e+01	 -6.2828e+01	 -6.2828e+01	 4.5346e+01	 4.5461e+01	 -6.2828e+01	 -6.2828e+01	 -6.2828e+01
2.2284e+01	 4.5812e+01	 -6.2828e+01	 4.5045e+01	 -6.2828e+01	 -6.2828e+01	 -6.2828e+01	 -6.2828e+01	 4.5428e+01	 4.5431e+01	 -6.2828e+01	 -6.2828e+01	 -6.2828e+01
2.2404e+01	 4.5833e+01	 -6.2828e+01	 4.5025e+01	 -6.2828e+01	 -6.2828e+01	 -6.2828e+01	 -6.2828e+01	 4.5509e+01	 4.5400e+01	 -6.2828e+01	 -6.2828e+01	 -6.2828e+01
2.2524e+01	 4.5858e+01	 -6.2828e+01	 4.5001e+01	 -6.2828e+01	 -6.2828e+01	 -6.2828e+01	 -6.2828e+01	 4.5587e+01	 4.5369e+01	 -6.2828e+01	 -6.2828e+01	 -6.2828e+01
2.2644e+01	 4.5889e+01	 -6.2828e+01	 4.4978e+01	 -6.2828e+01	 -6.2828e+01	 -6.2828e+01	 -6.2828e+01	 4.5664e+01	 4.5338e+01	 -6.2828e+01	 -6.2828e+01	 -6.2828e+01
2.2764e+01	 4.5924e+01	 -6.2828e+01	 4.4953e+01	 -6.2828e+01	 -6.2828e+01	 -6.2828e+01	 -6.2828e+01	 4.5738e+01	 4.5307e+01	 -6.2828e+01	 -6.2828e+01	 -6.2828e+01
2.2884e+01	 4.5961e+01	 -6.2828e+01	 4.4926e+01	 -6.2828e+01	 -6.2828e+01	 -6.2828e+01	 -6.2828e+01	 4.5807e+01	 4.5276e+01	 -6.2828e+01	 -6.2828e+01	 -6.2828e+01
2.3004e+01	 4.6002e+01	 -6.2828e+01	 4.4898e+01	 -6.2828e+01	 -6.2828e+01	 -6.2828e+01	 -6.2828e+01	 4.5876e+01	 4.5245e+01	 -6.2828e+01	 -6.2828e+01	 -6.2828e+01
2.3124e+01	 4.6038e+01	 -6.2828e+01	 4.4865e+01	 -6.2828e+01	 -6.2828e+01	 -6.2828e+01	 -6.2828e+01	 4.5932e+01	 4.5214e+01	 -6.2828e+01	 -6.2828e+01	 -6.2828e+01
2.3244e+01	 4.6073e+01	 -6.2828e+01	 4.4831e+01	 -6.2828e+01	 -6.2828e+01	 -6.2828e+01	 -6.2828e+01	 4.5984e+01	 4.5182e+01	 -6.2828e+01	 -6.2828e+01	 -6.2828e+01
2.3364e+01	 4.6108e+01	 -6.2828e+01	 4.4796e+01	 -6.2828e+01	 -6.2828e+01	 -6.2828e+01	 -6.2828e+01	 4.6033e+01	 4.5150e+01	 -6.2828e+01	 -6.2828e+01	 -6.2828e+01
2.3484e+01	 4.6119e+01	 -6.2828e+01	 4.4755e+01	 -6.2828e+01	 -6.2828e+01	 -6.2828e+01	 -6.2828e+01	 4.6052e+01	 4.5118e+01	 -6.2828e+01	 -6.2828e+01	 -6.2828e+01
2.3604e+01	 4.6131e+01	 -6.2828e+01	 4.4713e+01	 -6.2828e+01	 -6.2828e+01	 -6.2828e+01	 -6.2828e+01	 4.6071e+01	 4.5085e+01	 -6.2828e+01	 -6.2828e+01	 -6.2828e+01
2.3724e+01	 4.6118e+01	 -6.2828e+01	 4.4667e+01	 -6.2828e+01	 -6.2828e+01	 -6.2828e+01	 -6.2828e+01	 4.6062e+01	 4.5052e+01	 -6.2828e+01	 -6.2828e+01	 -6.2828e+01
2.3844e+01	 4.6068e+01	 -6.2828e+01	 4.4617e+01	 -6.2828e+01	 -6.2828e+01	 -6.2828e+01	 -6.2828e+01	 4.6011e+01	 4.5019e+01	 -6.2828e+01	 -6.2828e+01	 -6.2828e+01
2.3964e+01	 4.6019e+01	 -6.2828e+01	 4.4567e+01	 -6.2828e+01	 -6.2828e+01	 -6.2828e+01	 -6.2828e+01	 4.5959e+01	 4.4985e+01	 -6.2828e+01	 -6.2828e+01	 -6.2828e+01
2.4084e+01	 4.5933e+01	 -6.2828e+01	 4.4512e+01	 -6.2828e+01	 -6.2828e+01	 -6.2828e+01	 -6.2828e+01	 4.5866e+01	 4.4950e+01	 -6.2828e+01	 -6.2828e+01	 -6.2828e+01
2.4204e+01	 4.5834e+01	 -6.2828e+01	 4.4455e+01	 -6.2828e+01	 -6.2828e+01	 -6.2828e+01	 -6.2828e+01	 4.5757e+01	 4.4915e+01	 -6.2828e+01	 -6.2828e+01	 -6.2828e+01
2.4324e+01	 4.5735e+01	 -6.2828e+01	 4.4398e+01	 -6.2828e+01	 -6.2828e+01	 -6.2828e+01	 -6.2828e+01	 4.5646e+01	 4.4880e+01	 -6.2828e+01	 -6.2828e+01	 -6.2828e+01
2.4444e+01	 4.5623e+01	 -6.2828e+01	 4.4332e+01	 -6.2828e+01	 -6.2828e+01	 -6.2828e+01	 -6.2828e+01	 4.5517e+01	 4.4841e+01	 -6.2828e+01	 -6.2828e+01	 -6.2828e+01
2.4564e+01	 4.5514e+01	 -6.2828e+01	 4.4267e+01	 -6.2828e+01	 -6.2828e+01	 -6.2828e+01	 -6.2828e+01	 4.5388e+01	 4.4803e+01	 -6.2828e+01	 -6.2828e+01	 -6.2828e+01
2.4684e+01	 4.5402e+01	 -6.2828e+01	 4.4199e+01	 -6.2828e+01	 -6.2828e+01	 -6.2828e+01	 -6.2828e+01	 4.5252e+01	 4.4762e+01	 -6.2828e+01	 -6.2828e+01	 -6.2828e+01
2.4804e+01	 4.5283e+01	 -6.2828e+01	 4.4123e+01	 -6.2828e+01	 -6.2828e+01	 -6.2828e+01	 -6.2828e+01	 4.5103e+01	 4.4716e+01	 -6.2828e+01	 -6.2828e+01	 -6.2828e+01
2.4924e+01	 4.5170e+01	 -6.2828e+01	 4.4047e+01	 -6.2828e+01	 -6.2828e+01	 -6.2828e+01	 -6.2828e+01	 4.4953e+01	 4.4671e+01	 -6.2828e+01	 -6.2828e+01	 -6.2828e+01
2.5044e+01	 4.5048e+01	 -6.2828e+01	 4.3961e+01	 -6.2828e+01	 -6.2828e+01	 -6.2828e+01	 -6.2828e+01	 4.4790e+01	 4.4612e+01	 -6.2828e+01	 -6.2828e+01	 -6.2828e+01
2.5164e+01	 4.4926e+01	 -6.2828e+01	 4.3869e+01	 -6.2828e+01	 -6.2828e+01	 -6.2828e+01	 -6.2828e+01	 4.4620e+01	 4.4547e+01	 -6.2828e+01	 -6.2828e+01	 -6.2828e+01
2.5284e+01	 4.4810e+01	 -6.2828e+01	 4.3777e+01	 -6.2828e+01	 -6.2828e+01	 -6.2828e+01	 -6.2828e+01	 4.4450e+01	 4.4482e+01	 -6.2828e+01	 -6.2828e+01	 -6.2828e+01
2.5404e+01	 4.4660e+01	 -6.2828e+01	 4.3658e+01	 -6.2828e+01	 -6.2828e+01	 -6.2828e+01	 -6.2828e+01	 4.4260e+01	 4.4362e+01	 -6.2828e+01	 -6.2828e+01	 -6.2828e+01
2.5524e+01	 4.4512e+01	 -6.2828e+01	 4.3539e+01	 -6.2828e+01	 -6.2828e+01	 -6.2828e+01	 -6.2828e+01	 4.4070e+01	 4.4239e+01	 -6.2828e+01	 -6.2828e+01	 -6.2828e+01
2.5644e+01	 4.4334e+01	 -6.2828e+01	 4.3404e+01	 -6.2828e+01	 -6.2828e+01	 -6.2828e+01	 -6.2828e+01	 4.3875e+01	 4.4063e+01	 -6.2828e+01	 -6.2828e+01	 -6.2828e+01
2.5764e+01	 4.4075e+01	 -6.2828e+01	 4.3232e+01	 -6.2828e+01	 -6.2828e+01	 -6.2828e+01	 -6.2828e+01	 4.3666e+01	 4.3745e+01	 -6.2828e+01	 -6.2828e+01	 -6.2828e+01
2.5884e+01	 4.3825e+01	 -6.2828e+01	 4.3059e+01	 -6.2828e+01	 -6.2828e+01	 -6.2828e+01	 -6.2828e+01	 4.3457e+01	 4.3427e+01	 -6.2828e+01	 -6.2828e+01	 -6.2828e+01
2.6004e+01	 4.3427e+01	 -6.2828e+01	 4.2801e+01	 -6.2828e+01	 -6.2828e+01	 -6.2828e+01	 -6.2828e+01	 4.3235e+01	 4.2511e+01	 -6.2828e+01	 -6.2828e+01	 -6.2828e+01
2.6124e+01	 4.3122e+01	 -6.2828e+01	 4.2482e+01	 -6.2828e+01	 -6.2828e+01	 -6.2828e+01	 -6.2828e+01	 4.3003e+01	 4.1174e+01	 -6.2828e+01	 -6.2828e+01	 -6.2828e+01
2.6244e+01	 4.2867e+01	 -6.2828e+01	 4.2164e+01	 -6.2828e+01	 -6.2828e+01	 -6.2828e+01	 -6.2828e+01	 4.2771e+01	 3.9837e+01	 -6.2828e+01	 -6.2828e+01	 -6.2828e+01
2.6364e+01	 7.5667e+00	 -6.2828e+01	 7.0112e+00	 -6.2828e+01	 -6.2828e+01	 -6.2828e+01	 -6.2828e+01	 7.4210e+00	 5.3949e+00	 -6.2828e+01	 -6.2828e+01	 -6.2828e+01
2.6484e+01	 -3.1603e+01	 -6.2828e+01	 -3.2036e+01	 -6.2828e+01	 -6.2828e+01	 -6.2828e+01	 -6.2828e+01	 -3.1855e+01	 -3.2749e+01	 -6.2828e+01	 -6.2828e+01	 -6.2828e+01
2.6604e+01	 -6.2828e+01	 -6.2828e+01	 -6.2828e+01	 -6.2828e+01	 -6.2828e+01	 -6.2828e+01	 -6.2828e+01	 -6.2828e+01	 -6.2828e+01	 -6.2828e+01	 -6.2828e+01	 -6.2828e+01
2.6724e+01	 -6.2828e+01	 -6.2828e+01	 -6.2828e+01	 -6.2828e+01	 -6.2828e+01	 -6.2828e+01	 -6.2828e+01	 -6.2828e+01	 -6.2828e+01	 -6.2828e+01	 -6.2828e+01	 -6.2828e+01
2.6844e+01	 -6.2828e+01	 -6.2828e+01	 -6.2828e+01	 -6.2828e+01	 -6.2828e+01	 -6.2828e+01	 -6.2828e+01	 -6.2828e+01	 -6.2828e+01	 -6.2828e+01	 -6.2828e+01	 -6.2828e+01
2.6964e+01	 -6.2828e+01	 -6.2828e+01	 -6.2828e+01	 -6.2828e+01	 -6.2828e+01	 -6.2828e+01	 -6.2828e+01	 -6.2828e+01	 -6.2828e+01	 -6.2828e+01	 -6.2828e+01	 -6.2828e+01
2.7084e+01	 -6.2828e+01	 -6.2828e+01	 -6.2828e+01	 -6.2828e+01	 -6.2828e+01	 -6.2828e+01	 -6.2828e+01	 -6.2828e+01	 -6.2828e+01	 -6.2828e+01	 -6.2828e+01	 -6.2828e+01
2.7204e+01	 -6.2828e+01	 -6.2828e+01	 -6.2828e+01	 -6.2828e+01	 -6.2828e+01	 -6.2828e+01	 -6.2828e+01	 -6.2828e+01	 -6.2828e+01	 -6.2828e+01	 -6.2828e+01	 -6.2828e+01
2.7324e+01	 -6.2828e+01	 -6.2828e+01	 -6.2828e+01	 -6.2828e+01	 -6.2828e+01	 -6.2828e+01	 -6.2828e+01	 -6.2828e+01	 -6.2828e+01	 -6.2828e+01	 -6.2828e+01	 -6.2828e+01
2.7444e+01	 -6.2828e+01	 -6.2828e+01	 -6.2828e+01	 -6.2828e+01	 -6.2828e+01	 -6.2828e+01	 -6.2828e+01	 -6.2828e+01	 -6.2828e+01	 -6.2828e+01	 -6.2828e+01	 -6.2828e+01
2.7564e+01	 -6.2828e+01	 -6.2828e+01	 -6.2828e+01	 -6.2828e+01	 -6.2828e+01	 -6.2828e+01	 -6.2828e+01	 -6.2828e+01	 -6.2828e+01	 -6.2828e+01	 -6.2828e+01	 -6.2828e+01
2.7684e+01	 -6.2828e+01	 -6.2828e+01	 -6.2828e+01	 -6.2828e+01	 -6.2828e+01	 -6.2828e+01	 -6.2828e+01	 -6.2828e+01	 -6.2828e+01	 -6.2828e+01	 -6.2828e+01	 -6.2828e+01
2.7804e+01	 -6.2828e+01	 -6.2828e+01	 -6.2828e+01	 -6.2828e+01	 -6.2828e+01	 -6.2828e+01	 -6.2828e+01	 -6.2828e+01	 -6.2828e+01	 -6.2828e+01	 -6.2828e+01	 -6.2828e+01
2.7924e+01	 -6.2828e+01	 -6.2828e+01	 -6.2828e+01	 -6.2828e+01	 -6.2828e+01	 -6.2828e+01	 -6.2828e+01	 -6.2828e+01	 -6.2828e+01	 -6.2828e+01	 -6.2828e+01	 -6.2828e+01
2.8044e+01	 -6.2828e+01	 -6.2828e+01	 -6.2828e+01	 -6.2828e+01	 -6.2828e+01	 -6.2828e+01	 -6.2828e+01	 -6.2828e+01	 -6.2828e+01	 -6.2828e+01	 -6.2828e+01	 -6.2828e+01
2.8164e+01	 -6.2828e+01	 -6.2828e+01	 -6.2828e+01	 -6.2828e+01	 -6.2828e+01	 -6.2828e+01	 -6.2828e+01	 -6.2828e+01	 -6.2828e+01	 -6.2828e+01	 -6.2828e+01	 -6.2828e+01
2.8284e+01	 -6.2828e+01	 -6.2828e+01	 -6.2828e+01	 -6.2828e+01	 -6.2828e+01	 -6.2828e+01	 -6.2828e+01	 -6.2828e+01	 -6.2828e+01	 -6.2828e+01	 -6.2828e+01	 -6.2828e+01
2.8404e+01	 -6.2828e+01	 -6.2828e+01	 -6.2828e+01	 -6.2828e+01	 -6.2828e+01	 -6.2828e+01	 -6.2828e+01	 -6.2828e+01	 -6.2828e+01	 -6.2828e+01	 -6.2828e+01	 -6.2828e+01
2.8524e+01	 -6.2828e+01	 -6.2828e+01	 -6.2828e+01	 -6.2828e+01	 -6.2828e+01	 -6.2828e+01	 -6.2828e+01	 -6.2828e+01	 -6.2828e+01	 -6.2828e+01	 -6.2828e+01	 -6.2828e+01
2.8644e+01	 -6.2828e+01	 -6.2828e+01	 -6.2828e+01	 -6.2828e+01	 -6.2828e+01	 -6.2828e+01	 -6.2828e+01	 -6.2828e+01	 -6.2828e+01	 -6.2828e+01	 -6.2828e+01	 -6.2828e+01
2.8764e+01	 -6.2828e+01	 -6.2828e+01	 -6.2828e+01	 -6.2828e+01	 -6.2828e+01	 -6.2828e+01	 -6.2828e+01	 -6.2828e+01	 -6.2828e+01	 -6.2828e+01	 -6.2828e+01	 -6.2828e+01
2.8884e+01	 -6.2828e+01	 -6.2828e+01	 -6.2828e+01	 -6.2828e+01	 -6.2828e+01	 -6.2828e+01	 -6.2828e+01	 -6.2828e+01	 -6.2828e+01	 -6.2828e+01	 -6.2828e+01	 -6.2828e+01
2.9004e+01	 -6.2828e+01	 -6.2828e+01	 -6.2828e+01	 -6.2828e+01	 -6.2828e+01	 -6.2828e+01	 -6.2828e+01	 -6.2828e+01	 -6.2828e+01	 -6.2828e+01	 -6.2828e+01	 -6.2828e+01
2.9124e+01	 -6.2828e+01	 -6.2828e+01	 -6.2828e+01	 -6.2828e+01	 -6.2828e+01	 -6.2828e+01	 -6.2828e+01	 -6.2828e+01	 -6.2828e+01	 -6.2828e+01	 -6.2828e+01	 -6.2828e+01
2.9244e+01	 -6.2828e+01	 -6.2828e+01	 -6.2828e+01	 -6.2828e+01	 -6.2828e+01	 -6.2828e+01	 -6.2828e+01	 -6.2828e+01	 -6.2828e+01	 -6.2828e+01	 -6.2828e+01	 -6.2828e+01
2.9364e+01	 -6.2828e+01	 -6.2828e+01	 -6.2828e+01	 -6.2828e+01	 -6.2828e+01	 -6.2828e+01	 -6.2828e+01	 -6.2828e+01	 -6.2828e+01	 -6.2828e+01	 -6.2828e+01	 -6.2828e+01
2.9484e+01	 -6.2828e+01	 -6.2828e+01	 -6.2828e+01	 -6.2828e+01	 -6.2828e+01	 -6.2828e+01	 -6.2828e+01	 -6.2828e+01	 -6.2828e+01	 -6.2828e+01	 -6.2828e+01	 -6.2828e+01
2.9604e+01	 -6.2828e+01	 -6.2828e+01	 -6.2828e+01	 -6.2828e+01	 -6.2828e+01	 -6.2828e+01	 -6.2828e+01	 -6.2828e+01	 -6.2828e+01	 -6.2828e+01	 -6.2828e+01	 -6.2828e+01
2.9724e+01	 -6.2828e+01	 -6.2828e+01	 -6.2828e+01	 -6.2828e+01	 -6.2828e+01	 -6.2828e+01	 -6.2828e+01	 -6.2828e+01	 -6.2828e+01	 -6.2828e+01	 -6.2828e+01	 -6.2828e+01
2.9844e+01	 -6.2828e+01	 -6.2828e+01	 -6.2828e+01	 -6.2828e+01	 -6.2828e+01	 -6.2828e+01	 -6.2828e+01	 -6.2828e+01	 -6.2828e+01	 -6.2828e+01	 -6.2828e+01	 -6.2828e+01
2.9964e+01	 -6.2828e+01	 -6.2828e+01	 -6.2828e+01	 -6.2828e+01	 -6.2828e+01	 -6.2828e+01	 -6.2828e+01	 -6.2828e+01	 -6.2828e+01	 -6.2828e+01	 -6.2828e+01	 -6.2828e+01
3.0084e+01	 -6.2828e+01	 -6.2828e+01	 -6.2828e+01	 -6.2828e+01	 -6.2828e+01	 -6.2828e+01	 -6.2828e+01	 -6.2828e+01	 -6.2828e+01	 -6.2828e+01	 -6.2828e+01	 -6.2828e+01
