########################################################################
#_obs is as observed from the earth: beaming+cosmo   
#log(nu_obs) log(nuFnu_somma_obs)  log(nuFnu_Sync_obs) log(nuFnu_SSC_obs)  log(nu_Fnu_Disk_obs) log(nu_Fnu_DT_obs)  log(nu_Fnu_Star_obs) log(nu_Fnu_EC_Disk_obs) log(nu_Fnu_EC_BLR_obs) log(nu_Fnu_EC_DT_obs)   log(nu_Fnu_EC_Star_obs) log(nu_Fnu_EC_CMB_obs)  
########################################################################
6.0000e+00	 -1.2000e+02	 -1.2000e+02	 -1.2000e+02	 -1.2000e+02	 -1.2000e+02	 -1.2000e+02	 -1.2000e+02	 -1.2000e+02	 -1.2000e+02	 -1.2000e+02	 -1.2000e+02	 -1.2000e+02
6.1200e+00	 -1.2000e+02	 -1.2000e+02	 -1.2000e+02	 -1.2000e+02	 -1.2000e+02	 -1.2000e+02	 -1.2000e+02	 -1.2000e+02	 -1.2000e+02	 -1.2000e+02	 -1.2000e+02	 -1.2000e+02
6.2400e+00	 -1.2000e+02	 -1.2000e+02	 -1.2000e+02	 -1.2000e+02	 -1.2000e+02	 -1.2000e+02	 -1.2000e+02	 -1.2000e+02	 -1.2000e+02	 -1.2000e+02	 -1.2000e+02	 -1.2000e+02
6.3600e+00	 -1.2000e+02	 -1.2000e+02	 -1.2000e+02	 -1.2000e+02	 -1.2000e+02	 -1.2000e+02	 -1.2000e+02	 -1.2000e+02	 -1.2000e+02	 -1.2000e+02	 -1.2000e+02	 -1.2000e+02
6.4800e+00	 -1.2000e+02	 -1.2000e+02	 -1.2000e+02	 -1.2000e+02	 -1.2000e+02	 -1.2000e+02	 -1.2000e+02	 -1.2000e+02	 -1.2000e+02	 -1.2000e+02	 -1.2000e+02	 -1.2000e+02
6.6000e+00	 -1.2000e+02	 -1.2000e+02	 -1.2000e+02	 -1.2000e+02	 -1.2000e+02	 -1.2000e+02	 -1.2000e+02	 -1.2000e+02	 -1.2000e+02	 -1.2000e+02	 -1.2000e+02	 -1.2000e+02
6.7200e+00	 -1.2000e+02	 -1.2000e+02	 -1.2000e+02	 -1.2000e+02	 -1.2000e+02	 -1.2000e+02	 -1.2000e+02	 -1.2000e+02	 -1.2000e+02	 -1.2000e+02	 -1.2000e+02	 -1.2000e+02
6.8400e+00	 -1.2000e+02	 -1.2000e+02	 -1.2000e+02	 -1.2000e+02	 -1.2000e+02	 -1.2000e+02	 -1.2000e+02	 -1.2000e+02	 -1.2000e+02	 -1.2000e+02	 -1.2000e+02	 -1.2000e+02
6.9600e+00	 -1.2000e+02	 -1.2000e+02	 -1.2000e+02	 -1.2000e+02	 -1.2000e+02	 -1.2000e+02	 -1.2000e+02	 -1.2000e+02	 -1.2000e+02	 -1.2000e+02	 -1.2000e+02	 -1.2000e+02
7.0800e+00	 -1.2000e+02	 -1.2000e+02	 -1.2000e+02	 -1.2000e+02	 -1.2000e+02	 -1.2000e+02	 -1.2000e+02	 -1.2000e+02	 -1.2000e+02	 -1.2000e+02	 -1.2000e+02	 -1.2000e+02
7.2000e+00	 -2.6602e+01	 -2.6602e+01	 -1.2000e+02	 -1.2000e+02	 -1.2000e+02	 -1.2000e+02	 -1.2000e+02	 -1.2000e+02	 -1.2000e+02	 -1.2000e+02	 -1.2000e+02	 -1.2000e+02
7.3200e+00	 -2.6248e+01	 -2.6248e+01	 -1.2000e+02	 -1.2000e+02	 -1.2000e+02	 -1.2000e+02	 -1.2000e+02	 -1.2000e+02	 -1.2000e+02	 -1.2000e+02	 -1.2000e+02	 -1.2000e+02
7.4400e+00	 -2.5896e+01	 -2.5896e+01	 -1.2000e+02	 -1.2000e+02	 -1.2000e+02	 -1.2000e+02	 -1.2000e+02	 -1.2000e+02	 -1.2000e+02	 -1.2000e+02	 -1.2000e+02	 -1.2000e+02
7.5600e+00	 -2.5545e+01	 -2.5545e+01	 -1.2000e+02	 -1.2000e+02	 -1.2000e+02	 -1.2000e+02	 -1.2000e+02	 -1.2000e+02	 -1.2000e+02	 -1.2000e+02	 -1.2000e+02	 -1.2000e+02
7.6800e+00	 -2.5196e+01	 -2.5196e+01	 -1.2000e+02	 -1.2000e+02	 -1.2000e+02	 -1.2000e+02	 -1.2000e+02	 -1.2000e+02	 -1.2000e+02	 -1.2000e+02	 -1.2000e+02	 -1.2000e+02
7.8000e+00	 -2.4849e+01	 -2.4849e+01	 -1.2000e+02	 -1.2000e+02	 -1.2000e+02	 -1.2000e+02	 -1.2000e+02	 -1.2000e+02	 -1.2000e+02	 -1.2000e+02	 -1.2000e+02	 -1.2000e+02
7.9200e+00	 -2.4503e+01	 -2.4503e+01	 -1.2000e+02	 -1.2000e+02	 -1.2000e+02	 -1.2000e+02	 -1.2000e+02	 -1.2000e+02	 -1.2000e+02	 -1.2000e+02	 -1.2000e+02	 -1.2000e+02
8.0400e+00	 -2.4159e+01	 -2.4159e+01	 -1.2000e+02	 -1.2000e+02	 -1.2000e+02	 -1.2000e+02	 -1.2000e+02	 -1.2000e+02	 -1.2000e+02	 -1.2000e+02	 -1.2000e+02	 -1.2000e+02
8.1600e+00	 -2.3816e+01	 -2.3816e+01	 -1.2000e+02	 -1.2000e+02	 -1.2000e+02	 -1.2000e+02	 -1.2000e+02	 -1.2000e+02	 -1.2000e+02	 -1.2000e+02	 -1.2000e+02	 -1.2000e+02
8.2800e+00	 -2.3473e+01	 -2.3473e+01	 -1.2000e+02	 -1.2000e+02	 -1.2000e+02	 -1.2000e+02	 -1.2000e+02	 -1.2000e+02	 -1.2000e+02	 -1.2000e+02	 -1.2000e+02	 -1.2000e+02
8.4000e+00	 -2.3128e+01	 -2.3128e+01	 -1.2000e+02	 -1.2000e+02	 -1.2000e+02	 -1.2000e+02	 -1.2000e+02	 -1.2000e+02	 -1.2000e+02	 -1.2000e+02	 -1.2000e+02	 -1.2000e+02
8.5200e+00	 -2.2781e+01	 -2.2781e+01	 -1.2000e+02	 -1.2000e+02	 -1.2000e+02	 -1.2000e+02	 -1.2000e+02	 -1.2000e+02	 -1.2000e+02	 -1.2000e+02	 -1.2000e+02	 -1.2000e+02
8.6400e+00	 -2.2427e+01	 -2.2427e+01	 -1.2000e+02	 -1.2000e+02	 -1.2000e+02	 -1.2000e+02	 -1.2000e+02	 -1.2000e+02	 -1.2000e+02	 -1.2000e+02	 -1.2000e+02	 -1.2000e+02
8.7600e+00	 -2.2020e+01	 -2.2063e+01	 -1.2000e+02	 -1.2000e+02	 -2.3049e+01	 -1.2000e+02	 -1.2000e+02	 -1.2000e+02	 -1.2000e+02	 -1.2000e+02	 -1.2000e+02	 -1.2000e+02
8.8800e+00	 -2.1646e+01	 -2.1687e+01	 -1.2000e+02	 -1.2000e+02	 -2.2689e+01	 -1.2000e+02	 -1.2000e+02	 -1.2000e+02	 -1.2000e+02	 -1.2000e+02	 -1.2000e+02	 -1.2000e+02
9.0000e+00	 -2.1259e+01	 -2.1297e+01	 -1.2000e+02	 -1.2000e+02	 -2.2329e+01	 -1.2000e+02	 -1.2000e+02	 -1.2000e+02	 -1.2000e+02	 -1.2000e+02	 -1.2000e+02	 -1.2000e+02
9.1200e+00	 -2.0859e+01	 -2.0895e+01	 -1.2000e+02	 -1.2000e+02	 -2.1969e+01	 -1.2000e+02	 -1.2000e+02	 -1.2000e+02	 -1.2000e+02	 -1.2000e+02	 -1.2000e+02	 -1.2000e+02
9.2400e+00	 -2.0451e+01	 -2.0482e+01	 -1.2000e+02	 -1.2000e+02	 -2.1609e+01	 -1.2000e+02	 -1.2000e+02	 -1.2000e+02	 -1.2000e+02	 -1.2000e+02	 -1.2000e+02	 -1.2000e+02
9.3600e+00	 -2.0037e+01	 -2.0065e+01	 -1.2000e+02	 -1.2000e+02	 -2.1249e+01	 -1.2000e+02	 -1.2000e+02	 -1.2000e+02	 -1.2000e+02	 -1.2000e+02	 -1.2000e+02	 -1.2000e+02
9.4800e+00	 -1.9621e+01	 -1.9645e+01	 -1.2000e+02	 -1.2000e+02	 -2.0889e+01	 -1.2000e+02	 -1.2000e+02	 -1.2000e+02	 -1.2000e+02	 -1.2000e+02	 -1.2000e+02	 -1.2000e+02
9.6000e+00	 -1.9205e+01	 -1.9226e+01	 -1.2000e+02	 -1.2000e+02	 -2.0529e+01	 -1.2000e+02	 -1.2000e+02	 -1.2000e+02	 -1.2000e+02	 -1.2000e+02	 -1.2000e+02	 -1.2000e+02
9.7200e+00	 -1.8788e+01	 -1.8807e+01	 -1.2000e+02	 -1.2000e+02	 -2.0169e+01	 -1.2000e+02	 -1.2000e+02	 -1.2000e+02	 -1.2000e+02	 -1.2000e+02	 -1.2000e+02	 -1.2000e+02
9.8400e+00	 -1.8371e+01	 -1.8387e+01	 -1.2000e+02	 -1.2000e+02	 -1.9810e+01	 -1.2000e+02	 -1.2000e+02	 -1.2000e+02	 -1.2000e+02	 -1.2000e+02	 -1.2000e+02	 -1.2000e+02
9.9600e+00	 -1.7954e+01	 -1.7968e+01	 -1.2000e+02	 -1.2000e+02	 -1.9450e+01	 -1.2000e+02	 -1.2000e+02	 -1.2000e+02	 -1.2000e+02	 -1.2000e+02	 -1.2000e+02	 -1.2000e+02
1.0080e+01	 -1.7536e+01	 -1.7549e+01	 -1.2000e+02	 -1.2000e+02	 -1.9091e+01	 -1.2000e+02	 -1.2000e+02	 -1.2000e+02	 -1.2000e+02	 -1.2000e+02	 -1.2000e+02	 -1.2000e+02
1.0200e+01	 -1.7119e+01	 -1.7130e+01	 -1.2000e+02	 -1.2000e+02	 -1.8731e+01	 -1.2000e+02	 -1.2000e+02	 -1.2000e+02	 -1.2000e+02	 -1.2000e+02	 -1.2000e+02	 -1.2000e+02
1.0320e+01	 -1.6702e+01	 -1.6711e+01	 -1.2000e+02	 -1.2000e+02	 -1.8372e+01	 -1.2000e+02	 -1.2000e+02	 -1.2000e+02	 -1.2000e+02	 -1.2000e+02	 -1.2000e+02	 -1.2000e+02
1.0440e+01	 -1.6284e+01	 -1.6292e+01	 -1.2000e+02	 -1.2000e+02	 -1.8013e+01	 -1.2000e+02	 -1.2000e+02	 -1.2000e+02	 -1.2000e+02	 -1.2000e+02	 -1.2000e+02	 -1.2000e+02
1.0560e+01	 -1.5867e+01	 -1.5874e+01	 -1.2000e+02	 -1.2000e+02	 -1.7655e+01	 -1.2000e+02	 -1.2000e+02	 -1.2000e+02	 -1.2000e+02	 -1.2000e+02	 -1.2000e+02	 -1.2000e+02
1.0680e+01	 -1.5450e+01	 -1.5456e+01	 -1.2000e+02	 -1.2000e+02	 -1.7297e+01	 -1.2000e+02	 -1.2000e+02	 -1.2000e+02	 -1.2000e+02	 -1.2000e+02	 -1.2000e+02	 -1.2000e+02
1.0800e+01	 -1.5033e+01	 -1.5038e+01	 -1.2000e+02	 -1.2000e+02	 -1.6939e+01	 -1.2000e+02	 -1.2000e+02	 -1.2000e+02	 -1.2000e+02	 -1.2000e+02	 -1.2000e+02	 -1.2000e+02
1.0920e+01	 -1.4616e+01	 -1.4621e+01	 -1.2000e+02	 -1.2000e+02	 -1.6583e+01	 -1.2000e+02	 -1.2000e+02	 -1.2000e+02	 -1.2000e+02	 -1.2000e+02	 -1.2000e+02	 -1.2000e+02
1.1040e+01	 -1.4200e+01	 -1.4204e+01	 -1.2000e+02	 -1.2000e+02	 -1.6227e+01	 -1.2000e+02	 -1.2000e+02	 -1.2000e+02	 -1.2000e+02	 -1.2000e+02	 -1.2000e+02	 -1.2000e+02
1.1160e+01	 -1.3786e+01	 -1.3789e+01	 -1.2000e+02	 -1.2000e+02	 -1.5873e+01	 -1.2000e+02	 -1.2000e+02	 -1.2000e+02	 -1.2000e+02	 -1.2000e+02	 -1.2000e+02	 -1.2000e+02
1.1280e+01	 -1.3377e+01	 -1.3380e+01	 -1.2000e+02	 -1.2000e+02	 -1.5521e+01	 -1.2000e+02	 -1.2000e+02	 -1.2000e+02	 -1.2000e+02	 -1.2000e+02	 -1.2000e+02	 -1.2000e+02
1.1400e+01	 -1.2989e+01	 -1.2992e+01	 -1.2000e+02	 -1.2000e+02	 -1.5171e+01	 -1.2000e+02	 -1.2000e+02	 -1.2000e+02	 -1.2000e+02	 -1.2000e+02	 -1.2000e+02	 -1.2000e+02
1.1520e+01	 -1.2656e+01	 -1.2659e+01	 -1.2000e+02	 -1.2000e+02	 -1.4825e+01	 -1.2000e+02	 -1.2000e+02	 -1.2000e+02	 -1.2000e+02	 -1.2000e+02	 -1.2000e+02	 -1.2000e+02
1.1640e+01	 -1.2404e+01	 -1.2408e+01	 -1.2000e+02	 -1.2000e+02	 -1.4484e+01	 -1.2000e+02	 -1.2000e+02	 -1.2000e+02	 -1.2000e+02	 -1.2000e+02	 -1.2000e+02	 -1.2000e+02
1.1760e+01	 -1.2225e+01	 -1.2230e+01	 -1.2000e+02	 -2.2049e+01	 -1.4148e+01	 -1.2000e+02	 -1.2000e+02	 -1.2000e+02	 -1.2000e+02	 -1.2000e+02	 -1.2000e+02	 -1.2000e+02
1.1880e+01	 -1.2093e+01	 -1.2101e+01	 -1.2000e+02	 -2.1689e+01	 -1.3821e+01	 -1.2000e+02	 -1.2000e+02	 -1.2000e+02	 -1.2000e+02	 -1.2000e+02	 -1.2000e+02	 -1.2000e+02
1.2000e+01	 -1.1986e+01	 -1.1999e+01	 -1.2000e+02	 -2.1329e+01	 -1.3506e+01	 -1.2000e+02	 -1.2000e+02	 -1.2000e+02	 -1.2000e+02	 -1.2000e+02	 -1.2000e+02	 -1.2000e+02
1.2120e+01	 -1.1891e+01	 -1.1912e+01	 -1.2000e+02	 -2.0969e+01	 -1.3207e+01	 -1.2000e+02	 -1.2000e+02	 -1.2000e+02	 -1.2000e+02	 -1.2000e+02	 -1.2000e+02	 -1.2000e+02
1.2240e+01	 -1.1801e+01	 -1.1834e+01	 -1.2000e+02	 -2.0609e+01	 -1.2931e+01	 -1.2000e+02	 -1.2000e+02	 -1.2000e+02	 -1.2000e+02	 -1.2000e+02	 -1.2000e+02	 -1.2000e+02
1.2360e+01	 -1.1713e+01	 -1.1762e+01	 -1.2000e+02	 -2.0249e+01	 -1.2686e+01	 -1.2000e+02	 -1.2000e+02	 -1.2000e+02	 -1.2000e+02	 -1.2000e+02	 -1.2000e+02	 -1.2000e+02
1.2480e+01	 -1.1630e+01	 -1.1695e+01	 -1.2000e+02	 -1.9889e+01	 -1.2487e+01	 -1.2000e+02	 -1.2000e+02	 -1.2000e+02	 -1.2000e+02	 -1.2000e+02	 -1.2000e+02	 -1.2000e+02
1.2600e+01	 -1.1557e+01	 -1.1633e+01	 -1.2000e+02	 -1.9529e+01	 -1.2352e+01	 -1.2000e+02	 -1.2000e+02	 -1.2000e+02	 -1.2000e+02	 -1.2000e+02	 -1.2000e+02	 -1.2000e+02
1.2720e+01	 -1.1503e+01	 -1.1577e+01	 -1.2000e+02	 -1.9169e+01	 -1.2308e+01	 -1.2000e+02	 -1.2000e+02	 -1.2000e+02	 -1.2000e+02	 -1.2000e+02	 -1.2000e+02	 -1.2000e+02
1.2840e+01	 -1.1471e+01	 -1.1527e+01	 -1.2000e+02	 -1.8810e+01	 -1.2392e+01	 -1.2000e+02	 -1.2000e+02	 -1.2000e+02	 -1.2000e+02	 -1.2000e+02	 -1.2000e+02	 -1.2000e+02
1.2960e+01	 -1.1456e+01	 -1.1485e+01	 -1.2000e+02	 -1.8450e+01	 -1.2648e+01	 -1.2000e+02	 -1.2000e+02	 -1.2000e+02	 -1.2000e+02	 -1.2000e+02	 -1.2000e+02	 -1.2000e+02
1.3080e+01	 -1.1443e+01	 -1.1451e+01	 -1.2000e+02	 -1.8091e+01	 -1.3137e+01	 -1.2000e+02	 -1.2000e+02	 -1.2000e+02	 -1.2000e+02	 -1.2000e+02	 -1.2000e+02	 -1.2000e+02
1.3200e+01	 -1.1426e+01	 -1.1428e+01	 -1.2000e+02	 -1.7731e+01	 -1.3934e+01	 -1.2000e+02	 -1.2000e+02	 -1.2000e+02	 -1.2000e+02	 -1.2000e+02	 -1.2000e+02	 -1.2000e+02
1.3320e+01	 -1.1414e+01	 -1.1414e+01	 -1.2000e+02	 -1.7372e+01	 -1.5137e+01	 -1.2000e+02	 -1.2000e+02	 -1.2000e+02	 -1.2000e+02	 -1.2000e+02	 -1.2000e+02	 -1.2000e+02
1.3440e+01	 -1.1411e+01	 -1.1411e+01	 -1.2000e+02	 -1.7013e+01	 -1.6875e+01	 -1.2000e+02	 -1.2000e+02	 -1.2000e+02	 -1.2000e+02	 -1.2000e+02	 -1.2000e+02	 -1.2000e+02
1.3560e+01	 -1.1418e+01	 -1.1418e+01	 -1.5456e+01	 -1.6655e+01	 -1.9318e+01	 -1.2000e+02	 -1.2000e+02	 -2.8670e+01	 -2.0296e+01	 -1.2000e+02	 -1.2000e+02	 -1.2000e+02
1.3680e+01	 -1.1435e+01	 -1.1435e+01	 -1.5344e+01	 -1.6297e+01	 -2.2690e+01	 -1.2000e+02	 -1.2000e+02	 -2.8246e+01	 -1.9965e+01	 -1.2000e+02	 -1.2000e+02	 -1.2000e+02
1.3800e+01	 -1.1457e+01	 -1.1458e+01	 -1.5232e+01	 -1.5939e+01	 -2.7288e+01	 -1.2000e+02	 -1.2000e+02	 -2.7823e+01	 -1.9635e+01	 -1.2000e+02	 -1.2000e+02	 -1.2000e+02
1.3920e+01	 -1.1484e+01	 -1.1485e+01	 -1.5128e+01	 -1.5583e+01	 -3.3503e+01	 -1.2000e+02	 -1.2000e+02	 -2.7417e+01	 -1.9317e+01	 -1.2000e+02	 -1.2000e+02	 -1.2000e+02
1.4040e+01	 -1.1513e+01	 -1.1514e+01	 -1.5023e+01	 -1.5227e+01	 -4.1858e+01	 -1.2000e+02	 -1.2000e+02	 -2.7012e+01	 -1.8999e+01	 -1.2000e+02	 -1.2000e+02	 -1.2000e+02
1.4160e+01	 -1.1543e+01	 -1.1543e+01	 -1.4921e+01	 -1.4873e+01	 -5.3026e+01	 -1.2000e+02	 -1.2000e+02	 -2.6610e+01	 -1.8686e+01	 -1.2000e+02	 -1.2000e+02	 -1.2000e+02
1.4280e+01	 -1.1573e+01	 -1.1573e+01	 -1.4823e+01	 -1.4521e+01	 -6.7904e+01	 -1.2000e+02	 -1.2000e+02	 -2.6215e+01	 -1.8382e+01	 -1.2000e+02	 -1.2000e+02	 -1.2000e+02
1.4400e+01	 -1.1602e+01	 -1.1603e+01	 -1.4725e+01	 -1.4171e+01	 -8.7672e+01	 -1.2000e+02	 -1.2000e+02	 -2.5820e+01	 -1.8078e+01	 -1.2000e+02	 -1.2000e+02	 -1.2000e+02
1.4520e+01	 -1.1630e+01	 -1.1633e+01	 -1.4630e+01	 -1.3825e+01	 -1.1389e+02	 -1.2000e+02	 -1.2000e+02	 -2.5437e+01	 -1.7787e+01	 -1.2000e+02	 -1.2000e+02	 -1.2000e+02
1.4640e+01	 -1.1656e+01	 -1.1663e+01	 -1.4535e+01	 -1.3484e+01	 -1.2000e+02	 -1.2000e+02	 -1.2000e+02	 -2.5059e+01	 -1.7503e+01	 -1.2000e+02	 -1.2000e+02	 -1.2000e+02
1.4760e+01	 -1.1678e+01	 -1.1693e+01	 -1.4441e+01	 -1.3148e+01	 -1.2000e+02	 -1.2000e+02	 -1.2000e+02	 -2.4682e+01	 -1.7218e+01	 -1.2000e+02	 -1.2000e+02	 -1.2000e+02
1.4880e+01	 -1.1689e+01	 -1.1723e+01	 -1.4349e+01	 -1.2821e+01	 -1.2000e+02	 -1.2000e+02	 -1.2000e+02	 -2.4317e+01	 -1.6962e+01	 -1.2000e+02	 -1.2000e+02	 -1.2000e+02
1.5000e+01	 -1.1682e+01	 -1.1753e+01	 -1.4257e+01	 -1.2506e+01	 -1.2000e+02	 -1.2000e+02	 -1.2000e+02	 -2.3953e+01	 -1.6706e+01	 -1.2000e+02	 -1.2000e+02	 -1.2000e+02
1.5120e+01	 -1.1643e+01	 -1.1783e+01	 -1.4165e+01	 -1.2207e+01	 -1.2000e+02	 -1.2000e+02	 -1.2000e+02	 -2.3579e+01	 -1.6461e+01	 -1.2000e+02	 -1.2000e+02	 -1.2000e+02
1.5240e+01	 -1.1566e+01	 -1.1813e+01	 -1.4075e+01	 -1.1931e+01	 -1.2000e+02	 -1.2000e+02	 -1.2000e+02	 -2.3181e+01	 -1.6243e+01	 -1.2000e+02	 -1.2000e+02	 -1.2000e+02
1.5360e+01	 -1.1455e+01	 -1.1844e+01	 -1.3984e+01	 -1.1686e+01	 -1.2000e+02	 -1.2000e+02	 -1.2000e+02	 -2.2784e+01	 -1.6024e+01	 -1.2000e+02	 -1.2000e+02	 -1.2000e+02
1.5480e+01	 -1.1336e+01	 -1.1874e+01	 -1.3893e+01	 -1.1487e+01	 -1.2000e+02	 -1.2000e+02	 -1.2000e+02	 -2.2412e+01	 -1.5828e+01	 -1.2000e+02	 -1.2000e+02	 -1.2000e+02
1.5600e+01	 -1.1243e+01	 -1.1904e+01	 -1.3803e+01	 -1.1352e+01	 -1.2000e+02	 -1.2000e+02	 -1.2000e+02	 -2.2057e+01	 -1.5645e+01	 -1.2000e+02	 -1.2000e+02	 -1.2000e+02
1.5720e+01	 -1.1215e+01	 -1.1934e+01	 -1.3713e+01	 -1.1308e+01	 -1.2000e+02	 -1.2000e+02	 -1.2000e+02	 -2.1702e+01	 -1.5463e+01	 -1.2000e+02	 -1.2000e+02	 -1.2000e+02
1.5840e+01	 -1.1286e+01	 -1.1964e+01	 -1.3623e+01	 -1.1392e+01	 -1.2000e+02	 -1.2000e+02	 -1.2000e+02	 -2.1349e+01	 -1.5305e+01	 -1.2000e+02	 -1.2000e+02	 -1.2000e+02
1.5960e+01	 -1.1483e+01	 -1.1994e+01	 -1.3534e+01	 -1.1648e+01	 -1.2000e+02	 -1.2000e+02	 -1.2000e+02	 -2.0998e+01	 -1.5149e+01	 -1.2000e+02	 -1.2000e+02	 -1.2000e+02
1.6080e+01	 -1.1767e+01	 -1.2024e+01	 -1.3444e+01	 -1.2137e+01	 -1.2000e+02	 -1.2000e+02	 -1.2000e+02	 -2.0647e+01	 -1.4999e+01	 -1.2000e+02	 -1.2000e+02	 -1.2000e+02
1.6200e+01	 -1.1982e+01	 -1.2055e+01	 -1.3356e+01	 -1.2934e+01	 -1.2000e+02	 -1.2000e+02	 -1.2000e+02	 -2.0303e+01	 -1.4873e+01	 -1.2000e+02	 -1.2000e+02	 -1.2000e+02
1.6320e+01	 -1.2053e+01	 -1.2085e+01	 -1.3267e+01	 -1.4137e+01	 -1.2000e+02	 -1.2000e+02	 -1.2000e+02	 -1.9958e+01	 -1.4746e+01	 -1.2000e+02	 -1.2000e+02	 -1.2000e+02
1.6440e+01	 -1.2079e+01	 -1.2117e+01	 -1.3180e+01	 -1.5875e+01	 -1.2000e+02	 -1.2000e+02	 -1.2000e+02	 -1.9619e+01	 -1.4633e+01	 -1.2000e+02	 -1.2000e+02	 -1.2000e+02
1.6560e+01	 -1.2100e+01	 -1.2148e+01	 -1.3093e+01	 -1.8318e+01	 -1.2000e+02	 -1.2000e+02	 -1.2000e+02	 -1.9285e+01	 -1.4533e+01	 -1.2000e+02	 -1.2000e+02	 -1.2000e+02
1.6680e+01	 -1.2118e+01	 -1.2181e+01	 -1.3007e+01	 -2.1690e+01	 -1.2000e+02	 -1.2000e+02	 -1.2000e+02	 -1.8951e+01	 -1.4432e+01	 -1.2000e+02	 -1.2000e+02	 -1.2000e+02
1.6800e+01	 -1.2134e+01	 -1.2214e+01	 -1.2923e+01	 -2.6288e+01	 -1.2000e+02	 -1.2000e+02	 -1.2000e+02	 -1.8627e+01	 -1.4340e+01	 -1.2000e+02	 -1.2000e+02	 -1.2000e+02
1.6920e+01	 -1.2147e+01	 -1.2250e+01	 -1.2840e+01	 -3.2503e+01	 -1.2000e+02	 -1.2000e+02	 -1.2000e+02	 -1.8305e+01	 -1.4249e+01	 -1.2000e+02	 -1.2000e+02	 -1.2000e+02
1.7040e+01	 -1.2157e+01	 -1.2288e+01	 -1.2759e+01	 -4.0858e+01	 -1.2000e+02	 -1.2000e+02	 -1.2000e+02	 -1.7981e+01	 -1.4159e+01	 -1.2000e+02	 -1.2000e+02	 -1.2000e+02
1.7160e+01	 -1.2164e+01	 -1.2329e+01	 -1.2683e+01	 -5.2026e+01	 -1.2000e+02	 -1.2000e+02	 -1.2000e+02	 -1.7649e+01	 -1.4069e+01	 -1.2000e+02	 -1.2000e+02	 -1.2000e+02
1.7280e+01	 -1.2169e+01	 -1.2376e+01	 -1.2607e+01	 -6.6904e+01	 -1.2000e+02	 -1.2000e+02	 -1.2000e+02	 -1.7317e+01	 -1.3979e+01	 -1.2000e+02	 -1.2000e+02	 -1.2000e+02
1.7400e+01	 -1.2171e+01	 -1.2431e+01	 -1.2535e+01	 -8.6672e+01	 -1.2000e+02	 -1.2000e+02	 -1.2000e+02	 -1.7007e+01	 -1.3889e+01	 -1.2000e+02	 -1.2000e+02	 -1.2000e+02
1.7520e+01	 -1.2171e+01	 -1.2496e+01	 -1.2469e+01	 -1.1289e+02	 -1.2000e+02	 -1.2000e+02	 -1.2000e+02	 -1.6721e+01	 -1.3799e+01	 -1.2000e+02	 -1.2000e+02	 -1.2000e+02
1.7640e+01	 -1.2167e+01	 -1.2576e+01	 -1.2403e+01	 -1.2000e+02	 -1.2000e+02	 -1.2000e+02	 -1.2000e+02	 -1.6435e+01	 -1.3709e+01	 -1.2000e+02	 -1.2000e+02	 -1.2000e+02
1.7760e+01	 -1.2164e+01	 -1.2676e+01	 -1.2346e+01	 -1.2000e+02	 -1.2000e+02	 -1.2000e+02	 -1.2000e+02	 -1.6172e+01	 -1.3619e+01	 -1.2000e+02	 -1.2000e+02	 -1.2000e+02
1.7880e+01	 -1.2155e+01	 -1.2804e+01	 -1.2290e+01	 -1.2000e+02	 -1.2000e+02	 -1.2000e+02	 -1.2000e+02	 -1.5914e+01	 -1.3529e+01	 -1.2000e+02	 -1.2000e+02	 -1.2000e+02
1.8000e+01	 -1.2139e+01	 -1.2969e+01	 -1.2236e+01	 -1.2000e+02	 -1.2000e+02	 -1.2000e+02	 -1.2000e+02	 -1.5659e+01	 -1.3439e+01	 -1.2000e+02	 -1.2000e+02	 -1.2000e+02
1.8120e+01	 -1.2122e+01	 -1.3183e+01	 -1.2190e+01	 -1.2000e+02	 -1.2000e+02	 -1.2000e+02	 -1.2000e+02	 -1.5439e+01	 -1.3349e+01	 -1.2000e+02	 -1.2000e+02	 -1.2000e+02
1.8240e+01	 -1.2094e+01	 -1.3466e+01	 -1.2145e+01	 -1.2000e+02	 -1.2000e+02	 -1.2000e+02	 -1.2000e+02	 -1.5219e+01	 -1.3259e+01	 -1.2000e+02	 -1.2000e+02	 -1.2000e+02
1.8360e+01	 -1.2060e+01	 -1.3841e+01	 -1.2104e+01	 -1.2000e+02	 -1.2000e+02	 -1.2000e+02	 -1.2000e+02	 -1.5013e+01	 -1.3169e+01	 -1.2000e+02	 -1.2000e+02	 -1.2000e+02
1.8480e+01	 -1.2026e+01	 -1.4335e+01	 -1.2069e+01	 -1.2000e+02	 -1.2000e+02	 -1.2000e+02	 -1.2000e+02	 -1.4829e+01	 -1.3080e+01	 -1.2000e+02	 -1.2000e+02	 -1.2000e+02
1.8600e+01	 -1.1987e+01	 -1.4988e+01	 -1.2034e+01	 -1.2000e+02	 -1.2000e+02	 -1.2000e+02	 -1.2000e+02	 -1.4644e+01	 -1.2990e+01	 -1.2000e+02	 -1.2000e+02	 -1.2000e+02
1.8720e+01	 -1.1953e+01	 -1.5849e+01	 -1.2006e+01	 -1.2000e+02	 -1.2000e+02	 -1.2000e+02	 -1.2000e+02	 -1.4479e+01	 -1.2901e+01	 -1.2000e+02	 -1.2000e+02	 -1.2000e+02
1.8840e+01	 -1.1920e+01	 -1.6987e+01	 -1.1981e+01	 -1.2000e+02	 -1.2000e+02	 -1.2000e+02	 -1.2000e+02	 -1.4322e+01	 -1.2811e+01	 -1.2000e+02	 -1.2000e+02	 -1.2000e+02
1.8960e+01	 -1.1886e+01	 -1.8488e+01	 -1.1957e+01	 -1.2000e+02	 -1.2000e+02	 -1.2000e+02	 -1.2000e+02	 -1.4165e+01	 -1.2722e+01	 -1.2000e+02	 -1.2000e+02	 -1.2000e+02
1.9080e+01	 -1.1859e+01	 -2.0470e+01	 -1.1942e+01	 -1.2000e+02	 -1.2000e+02	 -1.2000e+02	 -1.2000e+02	 -1.4037e+01	 -1.2634e+01	 -1.2000e+02	 -1.2000e+02	 -1.2000e+02
1.9200e+01	 -1.1830e+01	 -2.3085e+01	 -1.1928e+01	 -1.2000e+02	 -1.2000e+02	 -1.2000e+02	 -1.2000e+02	 -1.3908e+01	 -1.2545e+01	 -1.2000e+02	 -1.2000e+02	 -1.2000e+02
1.9320e+01	 -1.1802e+01	 -2.6536e+01	 -1.1916e+01	 -1.2000e+02	 -1.2000e+02	 -1.2000e+02	 -1.2000e+02	 -1.3790e+01	 -1.2458e+01	 -1.2000e+02	 -1.2000e+02	 -1.2000e+02
1.9440e+01	 -1.1776e+01	 -3.1089e+01	 -1.1910e+01	 -1.2000e+02	 -1.2000e+02	 -1.2000e+02	 -1.2000e+02	 -1.3689e+01	 -1.2371e+01	 -1.2000e+02	 -1.2000e+02	 -1.2000e+02
1.9560e+01	 -1.1746e+01	 -1.2000e+02	 -1.1904e+01	 -1.2000e+02	 -1.2000e+02	 -1.2000e+02	 -1.2000e+02	 -1.3588e+01	 -1.2285e+01	 -1.2000e+02	 -1.2000e+02	 -1.2000e+02
1.9680e+01	 -1.1718e+01	 -1.2000e+02	 -1.1902e+01	 -1.2000e+02	 -1.2000e+02	 -1.2000e+02	 -1.2000e+02	 -1.3494e+01	 -1.2201e+01	 -1.2000e+02	 -1.2000e+02	 -1.2000e+02
1.9800e+01	 -1.1688e+01	 -1.2000e+02	 -1.1902e+01	 -1.2000e+02	 -1.2000e+02	 -1.2000e+02	 -1.2000e+02	 -1.3404e+01	 -1.2119e+01	 -1.2000e+02	 -1.2000e+02	 -1.2000e+02
1.9920e+01	 -1.1654e+01	 -1.2000e+02	 -1.1902e+01	 -1.2000e+02	 -1.2000e+02	 -1.2000e+02	 -1.2000e+02	 -1.3313e+01	 -1.2037e+01	 -1.2000e+02	 -1.2000e+02	 -1.2000e+02
2.0040e+01	 -1.1622e+01	 -1.2000e+02	 -1.1907e+01	 -1.2000e+02	 -1.2000e+02	 -1.2000e+02	 -1.2000e+02	 -1.3224e+01	 -1.1962e+01	 -1.2000e+02	 -1.2000e+02	 -1.2000e+02
2.0160e+01	 -1.1586e+01	 -1.2000e+02	 -1.1912e+01	 -1.2000e+02	 -1.2000e+02	 -1.2000e+02	 -1.2000e+02	 -1.3135e+01	 -1.1887e+01	 -1.2000e+02	 -1.2000e+02	 -1.2000e+02
2.0280e+01	 -1.1549e+01	 -1.2000e+02	 -1.1918e+01	 -1.2000e+02	 -1.2000e+02	 -1.2000e+02	 -1.2000e+02	 -1.3045e+01	 -1.1816e+01	 -1.2000e+02	 -1.2000e+02	 -1.2000e+02
2.0400e+01	 -1.1515e+01	 -1.2000e+02	 -1.1927e+01	 -1.2000e+02	 -1.2000e+02	 -1.2000e+02	 -1.2000e+02	 -1.2956e+01	 -1.1755e+01	 -1.2000e+02	 -1.2000e+02	 -1.2000e+02
2.0520e+01	 -1.1479e+01	 -1.2000e+02	 -1.1935e+01	 -1.2000e+02	 -1.2000e+02	 -1.2000e+02	 -1.2000e+02	 -1.2867e+01	 -1.1694e+01	 -1.2000e+02	 -1.2000e+02	 -1.2000e+02
2.0640e+01	 -1.1449e+01	 -1.2000e+02	 -1.1945e+01	 -1.2000e+02	 -1.2000e+02	 -1.2000e+02	 -1.2000e+02	 -1.2779e+01	 -1.1647e+01	 -1.2000e+02	 -1.2000e+02	 -1.2000e+02
2.0760e+01	 -1.1423e+01	 -1.2000e+02	 -1.1956e+01	 -1.2000e+02	 -1.2000e+02	 -1.2000e+02	 -1.2000e+02	 -1.2690e+01	 -1.1608e+01	 -1.2000e+02	 -1.2000e+02	 -1.2000e+02
2.0880e+01	 -1.1396e+01	 -1.2000e+02	 -1.1967e+01	 -1.2000e+02	 -1.2000e+02	 -1.2000e+02	 -1.2000e+02	 -1.2602e+01	 -1.1570e+01	 -1.2000e+02	 -1.2000e+02	 -1.2000e+02
2.1000e+01	 -1.1387e+01	 -1.2000e+02	 -1.1980e+01	 -1.2000e+02	 -1.2000e+02	 -1.2000e+02	 -1.2000e+02	 -1.2514e+01	 -1.1561e+01	 -1.2000e+02	 -1.2000e+02	 -1.2000e+02
2.1120e+01	 -1.1379e+01	 -1.2000e+02	 -1.1993e+01	 -1.2000e+02	 -1.2000e+02	 -1.2000e+02	 -1.2000e+02	 -1.2426e+01	 -1.1554e+01	 -1.2000e+02	 -1.2000e+02	 -1.2000e+02
2.1240e+01	 -1.1373e+01	 -1.2000e+02	 -1.2007e+01	 -1.2000e+02	 -1.2000e+02	 -1.2000e+02	 -1.2000e+02	 -1.2338e+01	 -1.1553e+01	 -1.2000e+02	 -1.2000e+02	 -1.2000e+02
2.1360e+01	 -1.1379e+01	 -1.2000e+02	 -1.2022e+01	 -1.2000e+02	 -1.2000e+02	 -1.2000e+02	 -1.2000e+02	 -1.2252e+01	 -1.1574e+01	 -1.2000e+02	 -1.2000e+02	 -1.2000e+02
2.1480e+01	 -1.1383e+01	 -1.2000e+02	 -1.2037e+01	 -1.2000e+02	 -1.2000e+02	 -1.2000e+02	 -1.2000e+02	 -1.2165e+01	 -1.1595e+01	 -1.2000e+02	 -1.2000e+02	 -1.2000e+02
2.1600e+01	 -1.1386e+01	 -1.2000e+02	 -1.2054e+01	 -1.2000e+02	 -1.2000e+02	 -1.2000e+02	 -1.2000e+02	 -1.2079e+01	 -1.1621e+01	 -1.2000e+02	 -1.2000e+02	 -1.2000e+02
2.1720e+01	 -1.1387e+01	 -1.2000e+02	 -1.2071e+01	 -1.2000e+02	 -1.2000e+02	 -1.2000e+02	 -1.2000e+02	 -1.1994e+01	 -1.1650e+01	 -1.2000e+02	 -1.2000e+02	 -1.2000e+02
2.1840e+01	 -1.1383e+01	 -1.2000e+02	 -1.2088e+01	 -1.2000e+02	 -1.2000e+02	 -1.2000e+02	 -1.2000e+02	 -1.1909e+01	 -1.1680e+01	 -1.2000e+02	 -1.2000e+02	 -1.2000e+02
2.1960e+01	 -1.1375e+01	 -1.2000e+02	 -1.2107e+01	 -1.2000e+02	 -1.2000e+02	 -1.2000e+02	 -1.2000e+02	 -1.1826e+01	 -1.1711e+01	 -1.2000e+02	 -1.2000e+02	 -1.2000e+02
2.2080e+01	 -1.1360e+01	 -1.2000e+02	 -1.2127e+01	 -1.2000e+02	 -1.2000e+02	 -1.2000e+02	 -1.2000e+02	 -1.1744e+01	 -1.1741e+01	 -1.2000e+02	 -1.2000e+02	 -1.2000e+02
2.2200e+01	 -1.1339e+01	 -1.2000e+02	 -1.2147e+01	 -1.2000e+02	 -1.2000e+02	 -1.2000e+02	 -1.2000e+02	 -1.1663e+01	 -1.1772e+01	 -1.2000e+02	 -1.2000e+02	 -1.2000e+02
2.2320e+01	 -1.1314e+01	 -1.2000e+02	 -1.2170e+01	 -1.2000e+02	 -1.2000e+02	 -1.2000e+02	 -1.2000e+02	 -1.1585e+01	 -1.1803e+01	 -1.2000e+02	 -1.2000e+02	 -1.2000e+02
2.2440e+01	 -1.1283e+01	 -1.2000e+02	 -1.2194e+01	 -1.2000e+02	 -1.2000e+02	 -1.2000e+02	 -1.2000e+02	 -1.1508e+01	 -1.1834e+01	 -1.2000e+02	 -1.2000e+02	 -1.2000e+02
2.2560e+01	 -1.1248e+01	 -1.2000e+02	 -1.2219e+01	 -1.2000e+02	 -1.2000e+02	 -1.2000e+02	 -1.2000e+02	 -1.1434e+01	 -1.1865e+01	 -1.2000e+02	 -1.2000e+02	 -1.2000e+02
2.2680e+01	 -1.1211e+01	 -1.2000e+02	 -1.2246e+01	 -1.2000e+02	 -1.2000e+02	 -1.2000e+02	 -1.2000e+02	 -1.1365e+01	 -1.1896e+01	 -1.2000e+02	 -1.2000e+02	 -1.2000e+02
2.2800e+01	 -1.1169e+01	 -1.2000e+02	 -1.2274e+01	 -1.2000e+02	 -1.2000e+02	 -1.2000e+02	 -1.2000e+02	 -1.1296e+01	 -1.1927e+01	 -1.2000e+02	 -1.2000e+02	 -1.2000e+02
2.2920e+01	 -1.1134e+01	 -1.2000e+02	 -1.2307e+01	 -1.2000e+02	 -1.2000e+02	 -1.2000e+02	 -1.2000e+02	 -1.1240e+01	 -1.1958e+01	 -1.2000e+02	 -1.2000e+02	 -1.2000e+02
2.3040e+01	 -1.1099e+01	 -1.2000e+02	 -1.2341e+01	 -1.2000e+02	 -1.2000e+02	 -1.2000e+02	 -1.2000e+02	 -1.1188e+01	 -1.1990e+01	 -1.2000e+02	 -1.2000e+02	 -1.2000e+02
2.3160e+01	 -1.1063e+01	 -1.2000e+02	 -1.2375e+01	 -1.2000e+02	 -1.2000e+02	 -1.2000e+02	 -1.2000e+02	 -1.1139e+01	 -1.2022e+01	 -1.2000e+02	 -1.2000e+02	 -1.2000e+02
2.3280e+01	 -1.1053e+01	 -1.2000e+02	 -1.2417e+01	 -1.2000e+02	 -1.2000e+02	 -1.2000e+02	 -1.2000e+02	 -1.1120e+01	 -1.2054e+01	 -1.2000e+02	 -1.2000e+02	 -1.2000e+02
2.3400e+01	 -1.1041e+01	 -1.2000e+02	 -1.2459e+01	 -1.2000e+02	 -1.2000e+02	 -1.2000e+02	 -1.2000e+02	 -1.1101e+01	 -1.2087e+01	 -1.2000e+02	 -1.2000e+02	 -1.2000e+02
2.3520e+01	 -1.1054e+01	 -1.2000e+02	 -1.2505e+01	 -1.2000e+02	 -1.2000e+02	 -1.2000e+02	 -1.2000e+02	 -1.1110e+01	 -1.2120e+01	 -1.2000e+02	 -1.2000e+02	 -1.2000e+02
2.3640e+01	 -1.1104e+01	 -1.2000e+02	 -1.2555e+01	 -1.2000e+02	 -1.2000e+02	 -1.2000e+02	 -1.2000e+02	 -1.1161e+01	 -1.2153e+01	 -1.2000e+02	 -1.2000e+02	 -1.2000e+02
2.3760e+01	 -1.1153e+01	 -1.2000e+02	 -1.2605e+01	 -1.2000e+02	 -1.2000e+02	 -1.2000e+02	 -1.2000e+02	 -1.1213e+01	 -1.2187e+01	 -1.2000e+02	 -1.2000e+02	 -1.2000e+02
2.3880e+01	 -1.1239e+01	 -1.2000e+02	 -1.2660e+01	 -1.2000e+02	 -1.2000e+02	 -1.2000e+02	 -1.2000e+02	 -1.1306e+01	 -1.2221e+01	 -1.2000e+02	 -1.2000e+02	 -1.2000e+02
2.4000e+01	 -1.1338e+01	 -1.2000e+02	 -1.2717e+01	 -1.2000e+02	 -1.2000e+02	 -1.2000e+02	 -1.2000e+02	 -1.1415e+01	 -1.2257e+01	 -1.2000e+02	 -1.2000e+02	 -1.2000e+02
2.4120e+01	 -1.1437e+01	 -1.2000e+02	 -1.2774e+01	 -1.2000e+02	 -1.2000e+02	 -1.2000e+02	 -1.2000e+02	 -1.1526e+01	 -1.2292e+01	 -1.2000e+02	 -1.2000e+02	 -1.2000e+02
2.4240e+01	 -1.1549e+01	 -1.2000e+02	 -1.2839e+01	 -1.2000e+02	 -1.2000e+02	 -1.2000e+02	 -1.2000e+02	 -1.1655e+01	 -1.2331e+01	 -1.2000e+02	 -1.2000e+02	 -1.2000e+02
2.4360e+01	 -1.1658e+01	 -1.2000e+02	 -1.2905e+01	 -1.2000e+02	 -1.2000e+02	 -1.2000e+02	 -1.2000e+02	 -1.1784e+01	 -1.2369e+01	 -1.2000e+02	 -1.2000e+02	 -1.2000e+02
2.4480e+01	 -1.1770e+01	 -1.2000e+02	 -1.2973e+01	 -1.2000e+02	 -1.2000e+02	 -1.2000e+02	 -1.2000e+02	 -1.1920e+01	 -1.2410e+01	 -1.2000e+02	 -1.2000e+02	 -1.2000e+02
2.4600e+01	 -1.1889e+01	 -1.2000e+02	 -1.3049e+01	 -1.2000e+02	 -1.2000e+02	 -1.2000e+02	 -1.2000e+02	 -1.2069e+01	 -1.2456e+01	 -1.2000e+02	 -1.2000e+02	 -1.2000e+02
2.4720e+01	 -1.2002e+01	 -1.2000e+02	 -1.3125e+01	 -1.2000e+02	 -1.2000e+02	 -1.2000e+02	 -1.2000e+02	 -1.2219e+01	 -1.2501e+01	 -1.2000e+02	 -1.2000e+02	 -1.2000e+02
2.4840e+01	 -1.2123e+01	 -1.2000e+02	 -1.3211e+01	 -1.2000e+02	 -1.2000e+02	 -1.2000e+02	 -1.2000e+02	 -1.2382e+01	 -1.2560e+01	 -1.2000e+02	 -1.2000e+02	 -1.2000e+02
2.4960e+01	 -1.2246e+01	 -1.2000e+02	 -1.3303e+01	 -1.2000e+02	 -1.2000e+02	 -1.2000e+02	 -1.2000e+02	 -1.2552e+01	 -1.2625e+01	 -1.2000e+02	 -1.2000e+02	 -1.2000e+02
2.5080e+01	 -1.2362e+01	 -1.2000e+02	 -1.3395e+01	 -1.2000e+02	 -1.2000e+02	 -1.2000e+02	 -1.2000e+02	 -1.2722e+01	 -1.2689e+01	 -1.2000e+02	 -1.2000e+02	 -1.2000e+02
2.5200e+01	 -1.2512e+01	 -1.2000e+02	 -1.3514e+01	 -1.2000e+02	 -1.2000e+02	 -1.2000e+02	 -1.2000e+02	 -1.2912e+01	 -1.2810e+01	 -1.2000e+02	 -1.2000e+02	 -1.2000e+02
2.5320e+01	 -1.2660e+01	 -1.2000e+02	 -1.3633e+01	 -1.2000e+02	 -1.2000e+02	 -1.2000e+02	 -1.2000e+02	 -1.3102e+01	 -1.2933e+01	 -1.2000e+02	 -1.2000e+02	 -1.2000e+02
2.5440e+01	 -1.2838e+01	 -1.2000e+02	 -1.3767e+01	 -1.2000e+02	 -1.2000e+02	 -1.2000e+02	 -1.2000e+02	 -1.3297e+01	 -1.3109e+01	 -1.2000e+02	 -1.2000e+02	 -1.2000e+02
2.5560e+01	 -1.3096e+01	 -1.2000e+02	 -1.3940e+01	 -1.2000e+02	 -1.2000e+02	 -1.2000e+02	 -1.2000e+02	 -1.3506e+01	 -1.3427e+01	 -1.2000e+02	 -1.2000e+02	 -1.2000e+02
2.5680e+01	 -1.3347e+01	 -1.2000e+02	 -1.4113e+01	 -1.2000e+02	 -1.2000e+02	 -1.2000e+02	 -1.2000e+02	 -1.3714e+01	 -1.3745e+01	 -1.2000e+02	 -1.2000e+02	 -1.2000e+02
2.5800e+01	 -1.3745e+01	 -1.2000e+02	 -1.4371e+01	 -1.2000e+02	 -1.2000e+02	 -1.2000e+02	 -1.2000e+02	 -1.3937e+01	 -1.4661e+01	 -1.2000e+02	 -1.2000e+02	 -1.2000e+02
2.5920e+01	 -1.4050e+01	 -1.2000e+02	 -1.4690e+01	 -1.2000e+02	 -1.2000e+02	 -1.2000e+02	 -1.2000e+02	 -1.4169e+01	 -1.5998e+01	 -1.2000e+02	 -1.2000e+02	 -1.2000e+02
2.6040e+01	 -1.4305e+01	 -1.2000e+02	 -1.5008e+01	 -1.2000e+02	 -1.2000e+02	 -1.2000e+02	 -1.2000e+02	 -1.4401e+01	 -1.7335e+01	 -1.2000e+02	 -1.2000e+02	 -1.2000e+02
2.6160e+01	 -4.9605e+01	 -1.2000e+02	 -5.0161e+01	 -1.2000e+02	 -1.2000e+02	 -1.2000e+02	 -1.2000e+02	 -4.9751e+01	 -5.1777e+01	 -1.2000e+02	 -1.2000e+02	 -1.2000e+02
2.6280e+01	 -8.8775e+01	 -1.2000e+02	 -8.9208e+01	 -1.2000e+02	 -1.2000e+02	 -1.2000e+02	 -1.2000e+02	 -8.9027e+01	 -8.9921e+01	 -1.2000e+02	 -1.2000e+02	 -1.2000e+02
2.6400e+01	 -1.2000e+02	 -1.2000e+02	 -1.2000e+02	 -1.2000e+02	 -1.2000e+02	 -1.2000e+02	 -1.2000e+02	 -1.2000e+02	 -1.2000e+02	 -1.2000e+02	 -1.2000e+02	 -1.2000e+02
2.6520e+01	 -1.2000e+02	 -1.2000e+02	 -1.2000e+02	 -1.2000e+02	 -1.2000e+02	 -1.2000e+02	 -1.2000e+02	 -1.2000e+02	 -1.2000e+02	 -1.2000e+02	 -1.2000e+02	 -1.2000e+02
2.6640e+01	 -1.2000e+02	 -1.2000e+02	 -1.2000e+02	 -1.2000e+02	 -1.2000e+02	 -1.2000e+02	 -1.2000e+02	 -1.2000e+02	 -1.2000e+02	 -1.2000e+02	 -1.2000e+02	 -1.2000e+02
2.6760e+01	 -1.2000e+02	 -1.2000e+02	 -1.2000e+02	 -1.2000e+02	 -1.2000e+02	 -1.2000e+02	 -1.2000e+02	 -1.2000e+02	 -1.2000e+02	 -1.2000e+02	 -1.2000e+02	 -1.2000e+02
2.6880e+01	 -1.2000e+02	 -1.2000e+02	 -1.2000e+02	 -1.2000e+02	 -1.2000e+02	 -1.2000e+02	 -1.2000e+02	 -1.2000e+02	 -1.2000e+02	 -1.2000e+02	 -1.2000e+02	 -1.2000e+02
2.7000e+01	 -1.2000e+02	 -1.2000e+02	 -1.2000e+02	 -1.2000e+02	 -1.2000e+02	 -1.2000e+02	 -1.2000e+02	 -1.2000e+02	 -1.2000e+02	 -1.2000e+02	 -1.2000e+02	 -1.2000e+02
2.7120e+01	 -1.2000e+02	 -1.2000e+02	 -1.2000e+02	 -1.2000e+02	 -1.2000e+02	 -1.2000e+02	 -1.2000e+02	 -1.2000e+02	 -1.2000e+02	 -1.2000e+02	 -1.2000e+02	 -1.2000e+02
2.7240e+01	 -1.2000e+02	 -1.2000e+02	 -1.2000e+02	 -1.2000e+02	 -1.2000e+02	 -1.2000e+02	 -1.2000e+02	 -1.2000e+02	 -1.2000e+02	 -1.2000e+02	 -1.2000e+02	 -1.2000e+02
2.7360e+01	 -1.2000e+02	 -1.2000e+02	 -1.2000e+02	 -1.2000e+02	 -1.2000e+02	 -1.2000e+02	 -1.2000e+02	 -1.2000e+02	 -1.2000e+02	 -1.2000e+02	 -1.2000e+02	 -1.2000e+02
2.7480e+01	 -1.2000e+02	 -1.2000e+02	 -1.2000e+02	 -1.2000e+02	 -1.2000e+02	 -1.2000e+02	 -1.2000e+02	 -1.2000e+02	 -1.2000e+02	 -1.2000e+02	 -1.2000e+02	 -1.2000e+02
2.7600e+01	 -1.2000e+02	 -1.2000e+02	 -1.2000e+02	 -1.2000e+02	 -1.2000e+02	 -1.2000e+02	 -1.2000e+02	 -1.2000e+02	 -1.2000e+02	 -1.2000e+02	 -1.2000e+02	 -1.2000e+02
2.7720e+01	 -1.2000e+02	 -1.2000e+02	 -1.2000e+02	 -1.2000e+02	 -1.2000e+02	 -1.2000e+02	 -1.2000e+02	 -1.2000e+02	 -1.2000e+02	 -1.2000e+02	 -1.2000e+02	 -1.2000e+02
2.7840e+01	 -1.2000e+02	 -1.2000e+02	 -1.2000e+02	 -1.2000e+02	 -1.2000e+02	 -1.2000e+02	 -1.2000e+02	 -1.2000e+02	 -1.2000e+02	 -1.2000e+02	 -1.2000e+02	 -1.2000e+02
2.7960e+01	 -1.2000e+02	 -1.2000e+02	 -1.2000e+02	 -1.2000e+02	 -1.2000e+02	 -1.2000e+02	 -1.2000e+02	 -1.2000e+02	 -1.2000e+02	 -1.2000e+02	 -1.2000e+02	 -1.2000e+02
2.8080e+01	 -1.2000e+02	 -1.2000e+02	 -1.2000e+02	 -1.2000e+02	 -1.2000e+02	 -1.2000e+02	 -1.2000e+02	 -1.2000e+02	 -1.2000e+02	 -1.2000e+02	 -1.2000e+02	 -1.2000e+02
2.8200e+01	 -1.2000e+02	 -1.2000e+02	 -1.2000e+02	 -1.2000e+02	 -1.2000e+02	 -1.2000e+02	 -1.2000e+02	 -1.2000e+02	 -1.2000e+02	 -1.2000e+02	 -1.2000e+02	 -1.2000e+02
2.8320e+01	 -1.2000e+02	 -1.2000e+02	 -1.2000e+02	 -1.2000e+02	 -1.2000e+02	 -1.2000e+02	 -1.2000e+02	 -1.2000e+02	 -1.2000e+02	 -1.2000e+02	 -1.2000e+02	 -1.2000e+02
2.8440e+01	 -1.2000e+02	 -1.2000e+02	 -1.2000e+02	 -1.2000e+02	 -1.2000e+02	 -1.2000e+02	 -1.2000e+02	 -1.2000e+02	 -1.2000e+02	 -1.2000e+02	 -1.2000e+02	 -1.2000e+02
2.8560e+01	 -1.2000e+02	 -1.2000e+02	 -1.2000e+02	 -1.2000e+02	 -1.2000e+02	 -1.2000e+02	 -1.2000e+02	 -1.2000e+02	 -1.2000e+02	 -1.2000e+02	 -1.2000e+02	 -1.2000e+02
2.8680e+01	 -1.2000e+02	 -1.2000e+02	 -1.2000e+02	 -1.2000e+02	 -1.2000e+02	 -1.2000e+02	 -1.2000e+02	 -1.2000e+02	 -1.2000e+02	 -1.2000e+02	 -1.2000e+02	 -1.2000e+02
2.8800e+01	 -1.2000e+02	 -1.2000e+02	 -1.2000e+02	 -1.2000e+02	 -1.2000e+02	 -1.2000e+02	 -1.2000e+02	 -1.2000e+02	 -1.2000e+02	 -1.2000e+02	 -1.2000e+02	 -1.2000e+02
2.8920e+01	 -1.2000e+02	 -1.2000e+02	 -1.2000e+02	 -1.2000e+02	 -1.2000e+02	 -1.2000e+02	 -1.2000e+02	 -1.2000e+02	 -1.2000e+02	 -1.2000e+02	 -1.2000e+02	 -1.2000e+02
2.9040e+01	 -1.2000e+02	 -1.2000e+02	 -1.2000e+02	 -1.2000e+02	 -1.2000e+02	 -1.2000e+02	 -1.2000e+02	 -1.2000e+02	 -1.2000e+02	 -1.2000e+02	 -1.2000e+02	 -1.2000e+02
2.9160e+01	 -1.2000e+02	 -1.2000e+02	 -1.2000e+02	 -1.2000e+02	 -1.2000e+02	 -1.2000e+02	 -1.2000e+02	 -1.2000e+02	 -1.2000e+02	 -1.2000e+02	 -1.2000e+02	 -1.2000e+02
2.9280e+01	 -1.2000e+02	 -1.2000e+02	 -1.2000e+02	 -1.2000e+02	 -1.2000e+02	 -1.2000e+02	 -1.2000e+02	 -1.2000e+02	 -1.2000e+02	 -1.2000e+02	 -1.2000e+02	 -1.2000e+02
2.9400e+01	 -1.2000e+02	 -1.2000e+02	 -1.2000e+02	 -1.2000e+02	 -1.2000e+02	 -1.2000e+02	 -1.2000e+02	 -1.2000e+02	 -1.2000e+02	 -1.2000e+02	 -1.2000e+02	 -1.2000e+02
2.9520e+01	 -1.2000e+02	 -1.2000e+02	 -1.2000e+02	 -1.2000e+02	 -1.2000e+02	 -1.2000e+02	 -1.2000e+02	 -1.2000e+02	 -1.2000e+02	 -1.2000e+02	 -1.2000e+02	 -1.2000e+02
2.9640e+01	 -1.2000e+02	 -1.2000e+02	 -1.2000e+02	 -1.2000e+02	 -1.2000e+02	 -1.2000e+02	 -1.2000e+02	 -1.2000e+02	 -1.2000e+02	 -1.2000e+02	 -1.2000e+02	 -1.2000e+02
2.9760e+01	 -1.2000e+02	 -1.2000e+02	 -1.2000e+02	 -1.2000e+02	 -1.2000e+02	 -1.2000e+02	 -1.2000e+02	 -1.2000e+02	 -1.2000e+02	 -1.2000e+02	 -1.2000e+02	 -1.2000e+02
2.9880e+01	 -1.2000e+02	 -1.2000e+02	 -1.2000e+02	 -1.2000e+02	 -1.2000e+02	 -1.2000e+02	 -1.2000e+02	 -1.2000e+02	 -1.2000e+02	 -1.2000e+02	 -1.2000e+02	 -1.2000e+02
