#################################################################
# log(gamma)     log(N(gamma))   gamma     N(gamma)  TeV N(TeV) # 
#################################################################
9.228081e-03	1.370006e+00	1.021476e+00	2.344261e+01	5.219730e-07	4.587604e+07
1.826415e-02	1.354928e+00	1.042952e+00	2.264268e+01	5.329471e-07	4.431062e+07
2.749223e-02	1.339529e+00	1.065350e+00	2.185391e+01	5.443926e-07	4.276705e+07
3.652830e-02	1.324451e+00	1.087748e+00	2.110819e+01	5.558381e-07	4.130771e+07
4.575638e-02	1.309053e+00	1.111108e+00	2.037289e+01	5.677751e-07	3.986874e+07
5.479246e-02	1.293974e+00	1.134469e+00	1.967770e+01	5.797122e-07	3.850831e+07
6.402054e-02	1.278576e+00	1.158832e+00	1.899223e+01	5.921620e-07	3.716686e+07
7.305661e-02	1.263498e+00	1.183196e+00	1.834415e+01	6.046117e-07	3.589862e+07
8.228469e-02	1.248099e+00	1.208606e+00	1.770513e+01	6.175963e-07	3.464808e+07
9.132076e-02	1.233021e+00	1.234016e+00	1.710098e+01	6.305808e-07	3.346579e+07
1.005488e-01	1.217622e+00	1.260517e+00	1.650526e+01	6.441230e-07	3.230000e+07
1.095849e-01	1.202544e+00	1.287019e+00	1.594206e+01	6.576652e-07	3.119783e+07
1.188130e-01	1.187146e+00	1.314659e+00	1.538671e+01	6.717891e-07	3.011104e+07
1.278491e-01	1.172068e+00	1.342298e+00	1.486167e+01	6.859130e-07	2.908357e+07
1.370771e-01	1.156669e+00	1.371125e+00	1.434396e+01	7.006435e-07	2.807043e+07
1.461132e-01	1.141591e+00	1.399952e+00	1.385450e+01	7.153741e-07	2.711259e+07
1.553413e-01	1.126192e+00	1.430017e+00	1.337188e+01	7.307373e-07	2.616812e+07
1.643774e-01	1.111114e+00	1.460082e+00	1.291559e+01	7.461005e-07	2.527518e+07
1.736054e-01	1.095716e+00	1.491439e+00	1.246567e+01	7.621236e-07	2.439472e+07
1.826415e-01	1.080638e+00	1.522795e+00	1.204031e+01	7.781467e-07	2.356230e+07
1.918696e-01	1.065239e+00	1.555499e+00	1.162088e+01	7.948580e-07	2.274150e+07
2.009057e-01	1.050161e+00	1.588202e+00	1.122434e+01	8.115694e-07	2.196549e+07
2.101338e-01	1.034762e+00	1.622310e+00	1.083334e+01	8.289985e-07	2.120032e+07
2.191698e-01	1.019684e+00	1.656418e+00	1.046367e+01	8.464276e-07	2.047690e+07
2.283979e-01	1.004286e+00	1.691990e+00	1.009917e+01	8.646053e-07	1.976358e+07
2.374340e-01	9.892075e-01	1.727563e+00	9.754557e+00	8.827830e-07	1.908919e+07
2.466621e-01	9.738090e-01	1.764664e+00	9.414754e+00	9.017414e-07	1.842422e+07
2.556981e-01	9.587308e-01	1.801765e+00	9.093495e+00	9.206999e-07	1.779553e+07
2.649262e-01	9.433323e-01	1.840459e+00	8.776721e+00	9.404727e-07	1.717562e+07
2.739623e-01	9.282542e-01	1.879154e+00	8.477234e+00	9.602454e-07	1.658953e+07
2.831904e-01	9.128556e-01	1.919510e+00	8.181927e+00	9.808675e-07	1.601163e+07
2.922264e-01	8.977775e-01	1.959866e+00	7.902736e+00	1.001490e-06	1.546527e+07
3.014545e-01	8.823789e-01	2.001956e+00	7.627442e+00	1.022997e-06	1.492653e+07
3.104906e-01	8.673008e-01	2.044046e+00	7.367172e+00	1.044505e-06	1.441720e+07
3.197187e-01	8.519022e-01	2.087943e+00	7.110534e+00	1.066937e-06	1.391497e+07
3.287547e-01	8.368241e-01	2.131841e+00	6.867902e+00	1.089368e-06	1.344015e+07
3.379828e-01	8.214256e-01	2.177624e+00	6.628657e+00	1.112763e-06	1.297196e+07
3.470189e-01	8.063474e-01	2.223407e+00	6.402468e+00	1.136158e-06	1.252932e+07
3.562470e-01	7.909489e-01	2.271156e+00	6.179436e+00	1.160558e-06	1.209286e+07
3.652830e-01	7.758707e-01	2.318905e+00	5.968576e+00	1.184958e-06	1.168021e+07
3.745111e-01	7.604722e-01	2.368706e+00	5.760659e+00	1.210406e-06	1.127333e+07
3.835472e-01	7.453940e-01	2.418506e+00	5.564089e+00	1.235854e-06	1.088865e+07
3.927753e-01	7.299955e-01	2.470445e+00	5.370262e+00	1.262395e-06	1.050934e+07
4.018113e-01	7.149174e-01	2.522385e+00	5.187013e+00	1.288936e-06	1.015073e+07
4.110394e-01	6.995188e-01	2.576555e+00	5.006322e+00	1.316617e-06	9.797129e+06
4.200755e-01	6.844407e-01	2.630725e+00	4.835492e+00	1.344298e-06	9.462823e+06
4.293036e-01	6.690421e-01	2.687222e+00	4.667047e+00	1.373168e-06	9.133183e+06
4.383396e-01	6.539640e-01	2.743719e+00	4.507793e+00	1.402037e-06	8.821532e+06
4.475677e-01	6.385654e-01	2.802643e+00	4.350763e+00	1.432147e-06	8.514232e+06
4.566038e-01	6.234873e-01	2.861566e+00	4.202302e+00	1.462257e-06	8.223701e+06
4.658319e-01	6.080888e-01	2.923021e+00	4.055914e+00	1.493660e-06	7.937227e+06
4.748680e-01	5.930106e-01	2.984475e+00	3.917515e+00	1.525064e-06	7.666385e+06
4.840960e-01	5.776121e-01	3.048569e+00	3.781047e+00	1.557815e-06	7.399325e+06
4.931321e-01	5.625339e-01	3.112663e+00	3.652027e+00	1.590567e-06	7.146838e+06
5.023602e-01	5.471354e-01	3.179510e+00	3.524807e+00	1.624726e-06	6.897876e+06
5.113963e-01	5.320572e-01	3.246357e+00	3.404531e+00	1.658885e-06	6.662501e+06
5.206243e-01	5.166587e-01	3.316075e+00	3.285933e+00	1.694511e-06	6.430411e+06
5.296604e-01	5.015806e-01	3.385793e+00	3.173807e+00	1.730137e-06	6.210986e+06
5.388885e-01	4.861820e-01	3.458506e+00	3.063247e+00	1.767293e-06	5.994625e+06
5.479246e-01	4.711039e-01	3.531218e+00	2.958720e+00	1.804449e-06	5.790071e+06
5.571526e-01	4.557053e-01	3.607054e+00	2.855652e+00	1.843201e-06	5.588373e+06
5.661887e-01	4.406272e-01	3.682890e+00	2.758209e+00	1.881953e-06	5.397681e+06
5.754168e-01	4.252286e-01	3.761983e+00	2.662126e+00	1.922369e-06	5.209651e+06
5.844529e-01	4.101505e-01	3.841076e+00	2.571287e+00	1.962785e-06	5.031883e+06
5.936809e-01	3.947520e-01	3.923566e+00	2.481715e+00	2.004938e-06	4.856596e+06
6.027170e-01	3.796738e-01	4.006056e+00	2.397032e+00	2.047090e-06	4.690875e+06
6.119451e-01	3.642753e-01	4.092089e+00	2.313531e+00	2.091053e-06	4.527467e+06
6.209812e-01	3.491971e-01	4.178123e+00	2.234586e+00	2.135016e-06	4.372977e+06
6.302093e-01	3.337986e-01	4.267851e+00	2.156744e+00	2.180867e-06	4.220643e+06
6.392453e-01	3.187204e-01	4.357580e+00	2.083149e+00	2.226718e-06	4.076622e+06
6.484734e-01	3.033219e-01	4.451162e+00	2.010582e+00	2.274539e-06	3.934612e+06
6.575095e-01	2.882438e-01	4.544745e+00	1.941976e+00	2.322359e-06	3.800352e+06
6.667376e-01	2.728452e-01	4.642347e+00	1.874326e+00	2.372234e-06	3.667965e+06
6.757736e-01	2.577671e-01	4.739949e+00	1.810369e+00	2.422109e-06	3.542804e+06
6.850017e-01	2.423685e-01	4.841743e+00	1.747304e+00	2.474125e-06	3.419389e+06
6.940378e-01	2.272904e-01	4.943537e+00	1.687681e+00	2.526142e-06	3.302710e+06
7.032659e-01	2.118918e-01	5.049703e+00	1.628890e+00	2.580393e-06	3.187659e+06
7.123019e-01	1.968137e-01	5.155870e+00	1.573308e+00	2.634644e-06	3.078887e+06
7.215300e-01	1.814152e-01	5.266596e+00	1.518501e+00	2.691225e-06	2.971633e+06
7.305661e-01	1.663370e-01	5.377322e+00	1.466686e+00	2.747806e-06	2.870232e+06
7.397942e-01	1.509385e-01	5.492805e+00	1.415593e+00	2.806817e-06	2.770247e+06
7.488302e-01	1.358603e-01	5.608287e+00	1.367289e+00	2.865829e-06	2.675718e+06
7.580583e-01	1.204618e-01	5.728729e+00	1.319659e+00	2.927375e-06	2.582509e+06
7.670944e-01	1.053836e-01	5.849172e+00	1.274629e+00	2.988920e-06	2.494386e+06
7.763225e-01	8.998509e-02	5.974788e+00	1.230227e+00	3.053110e-06	2.407493e+06
7.853585e-01	7.490695e-02	6.100403e+00	1.188248e+00	3.117299e-06	2.325343e+06
7.945866e-01	5.950841e-02	6.231414e+00	1.146855e+00	3.184246e-06	2.244339e+06
8.036227e-01	4.443026e-02	6.362425e+00	1.107721e+00	3.251192e-06	2.167755e+06
8.128508e-01	2.903172e-02	6.499063e+00	1.069133e+00	3.321014e-06	2.092241e+06
8.218868e-01	1.395358e-02	6.635702e+00	1.032651e+00	3.390836e-06	2.020848e+06
8.311149e-01	-1.444965e-03	6.778209e+00	9.966784e-01	3.463657e-06	1.950451e+06
8.401510e-01	-1.652311e-02	6.920715e+00	9.626688e-01	3.536478e-06	1.883896e+06
8.493791e-01	-3.192165e-02	7.069343e+00	9.291340e-01	3.612427e-06	1.818270e+06
8.584151e-01	-4.699979e-02	7.217971e+00	8.974292e-01	3.688375e-06	1.756225e+06
8.676432e-01	-6.239834e-02	7.372983e+00	8.661671e-01	3.767586e-06	1.695047e+06
8.766793e-01	-7.747648e-02	7.527995e+00	8.366109e-01	3.846797e-06	1.637207e+06
8.859074e-01	-9.287502e-02	7.689664e+00	8.074674e-01	3.929410e-06	1.580174e+06
8.949435e-01	-1.079532e-01	7.851334e+00	7.799142e-01	4.012023e-06	1.526254e+06
9.041715e-01	-1.233517e-01	8.019948e+00	7.527457e-01	4.098184e-06	1.473087e+06
9.132076e-01	-1.384299e-01	8.188561e+00	7.270598e-01	4.184346e-06	1.422821e+06
9.224357e-01	-1.538284e-01	8.364417e+00	7.017325e-01	4.274208e-06	1.373256e+06
9.314718e-01	-1.689065e-01	8.540273e+00	6.777874e-01	4.364070e-06	1.326397e+06
9.406998e-01	-1.843051e-01	8.723682e+00	6.541765e-01	4.457792e-06	1.280192e+06
9.497359e-01	-1.993832e-01	8.907091e+00	6.318541e-01	4.551514e-06	1.236508e+06
9.589640e-01	-2.147818e-01	9.098378e+00	6.098433e-01	4.649261e-06	1.193434e+06
9.680001e-01	-2.298599e-01	9.289665e+00	5.890336e-01	4.747009e-06	1.152710e+06
9.772281e-01	-2.452585e-01	9.489168e+00	5.685145e-01	4.848955e-06	1.112555e+06
9.862642e-01	-2.603366e-01	9.688671e+00	5.491151e-01	4.950900e-06	1.074592e+06
9.954923e-01	-2.757351e-01	9.896743e+00	5.299866e-01	5.057225e-06	1.037158e+06
1.004528e+00	-2.908133e-01	1.010481e+01	5.119019e-01	5.163549e-06	1.001767e+06
1.013756e+00	-3.062118e-01	1.032182e+01	4.940696e-01	5.274441e-06	9.668703e+05
1.022793e+00	-3.212900e-01	1.053883e+01	4.772105e-01	5.385332e-06	9.338778e+05
1.032021e+00	-3.366885e-01	1.076516e+01	4.605868e-01	5.500986e-06	9.013460e+05
1.041057e+00	-3.517667e-01	1.099149e+01	4.448702e-01	5.616641e-06	8.705894e+05
1.050285e+00	-3.671652e-01	1.122754e+01	4.293731e-01	5.737263e-06	8.402622e+05
1.059321e+00	-3.822433e-01	1.146359e+01	4.147216e-01	5.857884e-06	8.115900e+05
1.068549e+00	-3.976419e-01	1.170978e+01	4.002747e-01	5.983687e-06	7.833181e+05
1.077585e+00	-4.127200e-01	1.195597e+01	3.866161e-01	6.109490e-06	7.565890e+05
1.086813e+00	-4.281186e-01	1.221274e+01	3.731483e-01	6.240696e-06	7.302330e+05
1.095849e+00	-4.431967e-01	1.246950e+01	3.604154e-01	6.371902e-06	7.053153e+05
1.105077e+00	-4.585953e-01	1.273729e+01	3.478602e-01	6.508744e-06	6.807455e+05
1.114113e+00	-4.736734e-01	1.300509e+01	3.359902e-01	6.645586e-06	6.575165e+05
1.123341e+00	-4.890719e-01	1.328438e+01	3.242859e-01	6.788305e-06	6.346117e+05
1.132377e+00	-5.041501e-01	1.356368e+01	3.132203e-01	6.931024e-06	6.129569e+05
1.141606e+00	-5.195486e-01	1.385497e+01	3.023092e-01	7.079873e-06	5.916044e+05
1.150642e+00	-5.346268e-01	1.414626e+01	2.919935e-01	7.228723e-06	5.714171e+05
1.159870e+00	-5.500253e-01	1.445006e+01	2.818219e-01	7.383965e-06	5.515117e+05
1.168906e+00	-5.651035e-01	1.475386e+01	2.722053e-01	7.539208e-06	5.326925e+05
1.178134e+00	-5.805020e-01	1.507071e+01	2.627229e-01	7.701118e-06	5.141360e+05
1.187170e+00	-5.955801e-01	1.538756e+01	2.537581e-01	7.863029e-06	4.965922e+05
1.196398e+00	-6.109787e-01	1.571802e+01	2.449183e-01	8.031893e-06	4.792933e+05
1.205434e+00	-6.260568e-01	1.604848e+01	2.365610e-01	8.200758e-06	4.629384e+05
1.214662e+00	-6.414554e-01	1.639314e+01	2.283204e-01	8.376876e-06	4.468118e+05
1.223698e+00	-6.565335e-01	1.673779e+01	2.205294e-01	8.552994e-06	4.315653e+05
1.232926e+00	-6.719321e-01	1.709725e+01	2.128472e-01	8.736676e-06	4.165316e+05
1.241962e+00	-6.870102e-01	1.745671e+01	2.055842e-01	8.920359e-06	4.023183e+05
1.251190e+00	-7.024087e-01	1.783160e+01	1.984227e-01	9.111930e-06	3.883035e+05
1.260226e+00	-7.174869e-01	1.820650e+01	1.916519e-01	9.303502e-06	3.750534e+05
1.269455e+00	-7.328854e-01	1.859750e+01	1.849757e-01	9.503302e-06	3.619884e+05
1.278491e+00	-7.479636e-01	1.898850e+01	1.786637e-01	9.703102e-06	3.496362e+05
1.287719e+00	-7.633621e-01	1.939629e+01	1.724399e-01	9.911484e-06	3.374566e+05
1.296755e+00	-7.784403e-01	1.980409e+01	1.665558e-01	1.011987e-05	3.259416e+05
1.305983e+00	-7.938388e-01	2.022939e+01	1.607538e-01	1.033720e-05	3.145873e+05
1.315019e+00	-8.089169e-01	2.065470e+01	1.552684e-01	1.055453e-05	3.038527e+05
1.324247e+00	-8.243155e-01	2.109828e+01	1.498596e-01	1.078120e-05	2.932679e+05
1.333283e+00	-8.393936e-01	2.154186e+01	1.447459e-01	1.100786e-05	2.832607e+05
1.342511e+00	-8.547922e-01	2.200448e+01	1.397037e-01	1.124427e-05	2.733933e+05
1.351547e+00	-8.698703e-01	2.246711e+01	1.349366e-01	1.148067e-05	2.640643e+05
1.360775e+00	-8.852689e-01	2.294961e+01	1.302360e-01	1.172723e-05	2.548656e+05
1.369811e+00	-9.003470e-01	2.343211e+01	1.257920e-01	1.197378e-05	2.461688e+05
1.379039e+00	-9.157455e-01	2.393533e+01	1.214100e-01	1.223093e-05	2.375935e+05
1.388076e+00	-9.308237e-01	2.443856e+01	1.172671e-01	1.248808e-05	2.294861e+05
1.397304e+00	-9.462222e-01	2.496339e+01	1.131821e-01	1.275627e-05	2.214919e+05
1.406340e+00	-9.613004e-01	2.548823e+01	1.093200e-01	1.302446e-05	2.139339e+05
1.415568e+00	-9.766989e-01	2.603561e+01	1.055118e-01	1.330417e-05	2.064815e+05
1.424604e+00	-9.917771e-01	2.658299e+01	1.019114e-01	1.358388e-05	1.994357e+05
1.433832e+00	-1.007176e+00	2.715388e+01	9.836133e-02	1.387560e-05	1.924883e+05
1.442868e+00	-1.022254e+00	2.772477e+01	9.500495e-02	1.416733e-05	1.859201e+05
1.452096e+00	-1.037652e+00	2.832019e+01	9.169543e-02	1.447158e-05	1.794435e+05
1.461132e+00	-1.052730e+00	2.891560e+01	8.856652e-02	1.477584e-05	1.733204e+05
1.470360e+00	-1.068129e+00	2.953658e+01	8.548128e-02	1.509316e-05	1.672827e+05
1.479396e+00	-1.083207e+00	3.015757e+01	8.256441e-02	1.541048e-05	1.615745e+05
1.488624e+00	-1.098606e+00	3.080523e+01	7.968826e-02	1.574144e-05	1.559460e+05
1.497660e+00	-1.113684e+00	3.145288e+01	7.696906e-02	1.607239e-05	1.506247e+05
1.506889e+00	-1.129082e+00	3.212836e+01	7.428783e-02	1.641756e-05	1.453777e+05
1.515925e+00	-1.144160e+00	3.280384e+01	7.175291e-02	1.676272e-05	1.404169e+05
1.525153e+00	-1.159559e+00	3.350832e+01	6.925338e-02	1.712272e-05	1.355255e+05
1.534189e+00	-1.174637e+00	3.421281e+01	6.689025e-02	1.748271e-05	1.309010e+05
1.543417e+00	-1.190036e+00	3.494756e+01	6.456011e-02	1.785816e-05	1.263410e+05
1.552453e+00	-1.205114e+00	3.568231e+01	6.235713e-02	1.823362e-05	1.220299e+05
1.561681e+00	-1.220512e+00	3.644861e+01	6.018491e-02	1.862520e-05	1.177789e+05
1.570717e+00	-1.235591e+00	3.721492e+01	5.813122e-02	1.901678e-05	1.137600e+05
1.579945e+00	-1.250989e+00	3.801414e+01	5.610621e-02	1.942518e-05	1.097971e+05
1.588981e+00	-1.266067e+00	3.881336e+01	5.419170e-02	1.983358e-05	1.060505e+05
1.598209e+00	-1.281466e+00	3.964691e+01	5.230392e-02	2.025953e-05	1.023562e+05
1.607245e+00	-1.296544e+00	4.048045e+01	5.051915e-02	2.068547e-05	9.886353e+04
1.616473e+00	-1.311942e+00	4.134980e+01	4.875931e-02	2.112971e-05	9.541959e+04
1.625510e+00	-1.327021e+00	4.221915e+01	4.709550e-02	2.157394e-05	9.216360e+04
1.634738e+00	-1.342419e+00	4.312584e+01	4.545491e-02	2.203726e-05	8.895306e+04
1.643774e+00	-1.357497e+00	4.403253e+01	4.390386e-02	2.250058e-05	8.591772e+04
1.653002e+00	-1.372896e+00	4.497817e+01	4.237446e-02	2.298380e-05	8.292475e+04
1.662038e+00	-1.387974e+00	4.592380e+01	4.092852e-02	2.346701e-05	8.009512e+04
1.671266e+00	-1.403373e+00	4.691005e+01	3.950276e-02	2.397099e-05	7.730499e+04
1.680302e+00	-1.418451e+00	4.789630e+01	3.815481e-02	2.447496e-05	7.466711e+04
1.689530e+00	-1.433849e+00	4.892491e+01	3.682568e-02	2.500058e-05	7.206607e+04
1.698566e+00	-1.448927e+00	4.995353e+01	3.556908e-02	2.552620e-05	6.960696e+04
1.707794e+00	-1.464326e+00	5.102632e+01	3.433002e-02	2.607439e-05	6.718219e+04
1.716830e+00	-1.479404e+00	5.209911e+01	3.315858e-02	2.662259e-05	6.488973e+04
1.726058e+00	-1.494803e+00	5.321798e+01	3.200350e-02	2.719433e-05	6.262928e+04
1.735094e+00	-1.509881e+00	5.433685e+01	3.091144e-02	2.776607e-05	6.049219e+04
1.744323e+00	-1.525279e+00	5.550378e+01	2.983464e-02	2.836237e-05	5.838493e+04
1.753359e+00	-1.540357e+00	5.667070e+01	2.881659e-02	2.895867e-05	5.639266e+04
1.762587e+00	-1.555756e+00	5.788775e+01	2.781276e-02	2.958058e-05	5.442821e+04
1.771623e+00	-1.570834e+00	5.910480e+01	2.686370e-02	3.020249e-05	5.257096e+04
1.780851e+00	-1.586233e+00	6.037412e+01	2.592790e-02	3.085111e-05	5.073964e+04
1.789887e+00	-1.601311e+00	6.164345e+01	2.504317e-02	3.149973e-05	4.900826e+04
1.799115e+00	-1.616709e+00	6.296729e+01	2.417078e-02	3.217622e-05	4.730104e+04
1.808151e+00	-1.631787e+00	6.429113e+01	2.334600e-02	3.285270e-05	4.568699e+04
1.817379e+00	-1.647186e+00	6.567183e+01	2.253274e-02	3.355823e-05	4.409547e+04
1.826415e+00	-1.662264e+00	6.705254e+01	2.176386e-02	3.426377e-05	4.259081e+04
1.835643e+00	-1.677663e+00	6.849254e+01	2.100571e-02	3.499961e-05	4.110715e+04
1.844679e+00	-1.692741e+00	6.993255e+01	2.028893e-02	3.573546e-05	3.970445e+04
1.853907e+00	-1.708139e+00	7.143441e+01	1.958216e-02	3.650290e-05	3.832134e+04
1.862944e+00	-1.723218e+00	7.293626e+01	1.891396e-02	3.727035e-05	3.701370e+04
1.872172e+00	-1.738616e+00	7.450263e+01	1.825509e-02	3.807076e-05	3.572432e+04
1.881208e+00	-1.753694e+00	7.606899e+01	1.763217e-02	3.887117e-05	3.450530e+04
1.890436e+00	-1.769093e+00	7.770263e+01	1.701795e-02	3.970596e-05	3.330330e+04
1.899472e+00	-1.784171e+00	7.933628e+01	1.643725e-02	4.054075e-05	3.216689e+04
1.908700e+00	-1.799569e+00	8.104009e+01	1.586465e-02	4.141140e-05	3.104635e+04
1.917736e+00	-1.814648e+00	8.274390e+01	1.532330e-02	4.228204e-05	2.998696e+04
1.926964e+00	-1.830046e+00	8.452089e+01	1.478951e-02	4.319008e-05	2.894236e+04
1.936000e+00	-1.845124e+00	8.629788e+01	1.428485e-02	4.409812e-05	2.795476e+04
1.945228e+00	-1.860523e+00	8.815119e+01	1.378724e-02	4.504516e-05	2.698095e+04
1.954264e+00	-1.875601e+00	9.000451e+01	1.331677e-02	4.599221e-05	2.606028e+04
1.963492e+00	-1.890999e+00	9.193743e+01	1.285288e-02	4.697993e-05	2.515246e+04
1.972528e+00	-1.906078e+00	9.387035e+01	1.241430e-02	4.796765e-05	2.429419e+04
1.981757e+00	-1.921476e+00	9.588629e+01	1.198185e-02	4.899779e-05	2.344789e+04
1.990793e+00	-1.936554e+00	9.790223e+01	1.157299e-02	5.002793e-05	2.264778e+04
2.000021e+00	-1.951953e+00	1.000048e+02	1.116984e-02	5.110232e-05	2.185884e+04
2.009057e+00	-1.967031e+00	1.021073e+02	1.078870e-02	5.217671e-05	2.111295e+04
2.018285e+00	-1.982430e+00	1.043001e+02	1.041287e-02	5.329725e-05	2.037748e+04
2.027321e+00	-1.997508e+00	1.064930e+02	1.005755e-02	5.441778e-05	1.968214e+04
2.036549e+00	-2.012906e+00	1.087800e+02	9.707195e-03	5.558645e-05	1.899651e+04
2.045585e+00	-2.027984e+00	1.110670e+02	9.375957e-03	5.675511e-05	1.834829e+04
2.054813e+00	-2.043383e+00	1.134523e+02	9.049343e-03	5.797398e-05	1.770912e+04
2.063849e+00	-2.058461e+00	1.158375e+02	8.740553e-03	5.919284e-05	1.710484e+04
2.073077e+00	-2.073860e+00	1.183252e+02	8.436074e-03	6.046405e-05	1.650899e+04
2.082113e+00	-2.088938e+00	1.208129e+02	8.148211e-03	6.173526e-05	1.594565e+04
2.091341e+00	-2.104336e+00	1.234075e+02	7.864366e-03	6.306108e-05	1.539018e+04
2.100377e+00	-2.119414e+00	1.260020e+02	7.596010e-03	6.438689e-05	1.486502e+04
2.109606e+00	-2.134813e+00	1.287080e+02	7.331402e-03	6.576965e-05	1.434720e+04
2.118642e+00	-2.149891e+00	1.314140e+02	7.081233e-03	6.715241e-05	1.385763e+04
2.127870e+00	-2.165290e+00	1.342362e+02	6.834556e-03	6.859456e-05	1.337489e+04
2.136906e+00	-2.180368e+00	1.370584e+02	6.601341e-03	7.003671e-05	1.291850e+04
2.146134e+00	-2.195766e+00	1.400019e+02	6.371382e-03	7.154081e-05	1.246848e+04
2.155170e+00	-2.210845e+00	1.429453e+02	6.153972e-03	7.304490e-05	1.204302e+04
2.164398e+00	-2.226243e+00	1.460152e+02	5.939597e-03	7.461360e-05	1.162350e+04
2.173434e+00	-2.241321e+00	1.490851e+02	5.736920e-03	7.618230e-05	1.122687e+04
2.182662e+00	-2.256720e+00	1.522868e+02	5.537073e-03	7.781837e-05	1.083578e+04
2.191698e+00	-2.271798e+00	1.554885e+02	5.348132e-03	7.945445e-05	1.046603e+04
2.200926e+00	-2.287196e+00	1.588277e+02	5.161829e-03	8.116080e-05	1.010145e+04
2.209962e+00	-2.302275e+00	1.621670e+02	4.985692e-03	8.286714e-05	9.756756e+03
2.219190e+00	-2.317673e+00	1.656496e+02	4.812014e-03	8.464678e-05	9.416878e+03
2.228227e+00	-2.332751e+00	1.691323e+02	4.647814e-03	8.642642e-05	9.095546e+03
2.237455e+00	-2.348150e+00	1.727646e+02	4.485906e-03	8.828250e-05	8.778701e+03
2.246491e+00	-2.363228e+00	1.763968e+02	4.332834e-03	9.013857e-05	8.479146e+03
2.255719e+00	-2.378626e+00	1.801851e+02	4.181899e-03	9.207437e-05	8.183773e+03
2.264755e+00	-2.393705e+00	1.839733e+02	4.039200e-03	9.401017e-05	7.904518e+03
2.273983e+00	-2.409103e+00	1.879243e+02	3.898494e-03	9.602911e-05	7.629162e+03
2.283019e+00	-2.424181e+00	1.918753e+02	3.765466e-03	9.804806e-05	7.368833e+03
2.292247e+00	-2.439580e+00	1.959959e+02	3.634295e-03	1.001537e-04	7.112138e+03
2.301283e+00	-2.454658e+00	2.001166e+02	3.510282e-03	1.022594e-04	6.869451e+03
2.310511e+00	-2.470057e+00	2.044143e+02	3.388000e-03	1.044555e-04	6.630152e+03
2.319547e+00	-2.485135e+00	2.087119e+02	3.272392e-03	1.066516e-04	6.403912e+03
2.328775e+00	-2.500533e+00	2.131942e+02	3.158397e-03	1.089420e-04	6.180830e+03
2.337811e+00	-2.515611e+00	2.176765e+02	3.050624e-03	1.112324e-04	5.969922e+03
2.347040e+00	-2.531010e+00	2.223512e+02	2.944354e-03	1.136212e-04	5.761958e+03
2.356076e+00	-2.546088e+00	2.270260e+02	2.843884e-03	1.160100e-04	5.565344e+03
2.365304e+00	-2.561487e+00	2.319016e+02	2.744817e-03	1.185015e-04	5.371473e+03
2.374340e+00	-2.576565e+00	2.367771e+02	2.651156e-03	1.209929e-04	5.188183e+03
2.383568e+00	-2.591963e+00	2.418621e+02	2.558802e-03	1.235913e-04	5.007451e+03
2.392604e+00	-2.607041e+00	2.469471e+02	2.471488e-03	1.261897e-04	4.836583e+03
2.401832e+00	-2.622440e+00	2.522505e+02	2.385394e-03	1.288997e-04	4.668099e+03
2.410868e+00	-2.637518e+00	2.575539e+02	2.303997e-03	1.316097e-04	4.508810e+03
2.420096e+00	-2.652917e+00	2.630850e+02	2.223737e-03	1.344362e-04	4.351744e+03
2.429132e+00	-2.667995e+00	2.686162e+02	2.147856e-03	1.372626e-04	4.203250e+03
2.438360e+00	-2.683393e+00	2.743850e+02	2.073035e-03	1.402104e-04	4.056829e+03
2.447396e+00	-2.698471e+00	2.801537e+02	2.002297e-03	1.431582e-04	3.918398e+03
2.456624e+00	-2.713870e+00	2.861702e+02	1.932547e-03	1.462327e-04	3.781900e+03
2.465661e+00	-2.728948e+00	2.921868e+02	1.866602e-03	1.493071e-04	3.652850e+03
2.474889e+00	-2.744347e+00	2.984617e+02	1.801579e-03	1.525136e-04	3.525602e+03
2.483925e+00	-2.759425e+00	3.047366e+02	1.740104e-03	1.557201e-04	3.405298e+03
2.493153e+00	-2.774823e+00	3.112811e+02	1.679487e-03	1.590643e-04	3.286674e+03
2.502189e+00	-2.789902e+00	3.178256e+02	1.622178e-03	1.624085e-04	3.174523e+03
2.511417e+00	-2.805300e+00	3.246511e+02	1.565669e-03	1.658964e-04	3.063938e+03
2.520453e+00	-2.820378e+00	3.314767e+02	1.512244e-03	1.693842e-04	2.959387e+03
2.529681e+00	-2.835777e+00	3.385954e+02	1.459564e-03	1.730219e-04	2.856296e+03
2.538717e+00	-2.850855e+00	3.457141e+02	1.409760e-03	1.766595e-04	2.758831e+03
2.547945e+00	-2.866253e+00	3.531386e+02	1.360650e-03	1.804535e-04	2.662727e+03
2.556981e+00	-2.881332e+00	3.605631e+02	1.314221e-03	1.842474e-04	2.571867e+03
2.566209e+00	-2.896730e+00	3.683065e+02	1.268440e-03	1.882042e-04	2.482275e+03
2.575245e+00	-2.911808e+00	3.760499e+02	1.225157e-03	1.921611e-04	2.397572e+03
2.584474e+00	-2.927207e+00	3.841258e+02	1.182478e-03	1.962879e-04	2.314052e+03
2.593510e+00	-2.942285e+00	3.922018e+02	1.142129e-03	2.004147e-04	2.235090e+03
2.602738e+00	-2.957684e+00	4.006247e+02	1.102342e-03	2.047188e-04	2.157230e+03
2.611774e+00	-2.972762e+00	4.090475e+02	1.064727e-03	2.090228e-04	2.083619e+03
2.621002e+00	-2.988160e+00	4.178321e+02	1.027637e-03	2.135118e-04	2.011036e+03
2.630038e+00	-3.003238e+00	4.266167e+02	9.925712e-04	2.180007e-04	1.942413e+03
2.639266e+00	-3.018637e+00	4.357787e+02	9.579947e-04	2.226824e-04	1.874749e+03
2.648302e+00	-3.033715e+00	4.449406e+02	9.253051e-04	2.273642e-04	1.810777e+03
2.657530e+00	-3.049114e+00	4.544961e+02	8.930719e-04	2.322470e-04	1.747698e+03
2.666566e+00	-3.064192e+00	4.640515e+02	8.625977e-04	2.371298e-04	1.688062e+03
2.675794e+00	-3.079590e+00	4.740174e+02	8.325489e-04	2.422224e-04	1.629258e+03
2.684830e+00	-3.094668e+00	4.839833e+02	8.041399e-04	2.473149e-04	1.573663e+03
2.694058e+00	-3.110067e+00	4.943772e+02	7.761275e-04	2.526262e-04	1.518844e+03
2.703095e+00	-3.125145e+00	5.047711e+02	7.496437e-04	2.579375e-04	1.467016e+03
2.712323e+00	-3.140544e+00	5.156115e+02	7.235297e-04	2.634769e-04	1.415912e+03
2.721359e+00	-3.155622e+00	5.264519e+02	6.988408e-04	2.690163e-04	1.367597e+03
2.730587e+00	-3.171020e+00	5.377578e+02	6.744965e-04	2.747937e-04	1.319957e+03
2.739623e+00	-3.186098e+00	5.490638e+02	6.514807e-04	2.805710e-04	1.274916e+03
2.748851e+00	-3.201497e+00	5.608554e+02	6.287862e-04	2.865965e-04	1.230504e+03
2.757887e+00	-3.216575e+00	5.726470e+02	6.073302e-04	2.926220e-04	1.188516e+03
2.767115e+00	-3.231974e+00	5.849450e+02	5.861737e-04	2.989063e-04	1.147113e+03
2.776151e+00	-3.247052e+00	5.972431e+02	5.661717e-04	3.051906e-04	1.107970e+03
2.785379e+00	-3.262450e+00	6.100693e+02	5.464490e-04	3.117448e-04	1.069374e+03
2.794415e+00	-3.277529e+00	6.228956e+02	5.278026e-04	3.182990e-04	1.032884e+03
2.803643e+00	-3.292927e+00	6.362728e+02	5.094164e-04	3.251347e-04	9.969032e+02
2.812679e+00	-3.308005e+00	6.496500e+02	4.920336e-04	3.319704e-04	9.628859e+02
2.821908e+00	-3.323404e+00	6.636017e+02	4.748935e-04	3.390998e-04	9.293435e+02
2.830944e+00	-3.338482e+00	6.775535e+02	4.586888e-04	3.462291e-04	8.976316e+02
2.840172e+00	-3.353880e+00	6.921045e+02	4.427102e-04	3.536646e-04	8.663624e+02
2.849208e+00	-3.368959e+00	7.066555e+02	4.276037e-04	3.611002e-04	8.367996e+02
2.858436e+00	-3.384357e+00	7.218315e+02	4.127080e-04	3.688551e-04	8.076495e+02
2.867472e+00	-3.399435e+00	7.370074e+02	3.986252e-04	3.766100e-04	7.800901e+02
2.876700e+00	-3.414834e+00	7.528353e+02	3.847390e-04	3.846980e-04	7.529155e+02
2.885736e+00	-3.429912e+00	7.686631e+02	3.716106e-04	3.927860e-04	7.272238e+02
2.894964e+00	-3.445310e+00	7.851707e+02	3.586654e-04	4.012214e-04	7.018908e+02
2.904000e+00	-3.460389e+00	8.016784e+02	3.464267e-04	4.096568e-04	6.779402e+02
2.913228e+00	-3.475787e+00	8.188951e+02	3.343589e-04	4.184545e-04	6.543240e+02
2.922264e+00	-3.490865e+00	8.361118e+02	3.229495e-04	4.272522e-04	6.319966e+02
2.931492e+00	-3.506264e+00	8.540679e+02	3.116995e-04	4.364278e-04	6.099808e+02
2.940528e+00	-3.521342e+00	8.720241e+02	3.010634e-04	4.456034e-04	5.891665e+02
2.949757e+00	-3.536741e+00	8.907515e+02	2.905758e-04	4.551730e-04	5.686427e+02
2.958793e+00	-3.551819e+00	9.094789e+02	2.806605e-04	4.647427e-04	5.492390e+02
2.968021e+00	-3.567217e+00	9.290107e+02	2.708836e-04	4.747235e-04	5.301061e+02
2.977057e+00	-3.582295e+00	9.485425e+02	2.616403e-04	4.847042e-04	5.120173e+02
2.986285e+00	-3.597694e+00	9.689132e+02	2.525260e-04	4.951136e-04	4.941811e+02
2.995321e+00	-3.612772e+00	9.892839e+02	2.439091e-04	5.055230e-04	4.773182e+02
3.004549e+00	-3.628171e+00	1.010530e+03	2.354124e-04	5.163795e-04	4.606907e+02
3.013585e+00	-3.643249e+00	1.031775e+03	2.273795e-04	5.272360e-04	4.449706e+02
3.022813e+00	-3.658647e+00	1.053933e+03	2.194587e-04	5.385588e-04	4.294699e+02
3.031849e+00	-3.673725e+00	1.076092e+03	2.119701e-04	5.498816e-04	4.148151e+02
3.041077e+00	-3.689124e+00	1.099202e+03	2.045861e-04	5.616908e-04	4.003649e+02
3.050113e+00	-3.704202e+00	1.122311e+03	1.976050e-04	5.734999e-04	3.867033e+02
3.059341e+00	-3.719601e+00	1.146414e+03	1.907214e-04	5.858163e-04	3.732324e+02
3.068378e+00	-3.734679e+00	1.170517e+03	1.842134e-04	5.981327e-04	3.604966e+02
3.077606e+00	-3.750077e+00	1.195654e+03	1.777963e-04	6.109780e-04	3.479387e+02
3.086642e+00	-3.765155e+00	1.220792e+03	1.717293e-04	6.238234e-04	3.360660e+02
3.095870e+00	-3.780554e+00	1.247010e+03	1.657471e-04	6.372205e-04	3.243590e+02
3.104906e+00	-3.795632e+00	1.273227e+03	1.600913e-04	6.506176e-04	3.132909e+02
3.114134e+00	-3.811031e+00	1.300571e+03	1.545145e-04	6.645902e-04	3.023774e+02
3.123170e+00	-3.826109e+00	1.327914e+03	1.492420e-04	6.785627e-04	2.920594e+02
3.132398e+00	-3.841507e+00	1.356432e+03	1.440431e-04	6.931354e-04	2.818854e+02
3.141434e+00	-3.856586e+00	1.384950e+03	1.391280e-04	7.077080e-04	2.722667e+02
3.150662e+00	-3.871984e+00	1.414693e+03	1.342814e-04	7.229066e-04	2.627822e+02
3.159698e+00	-3.887062e+00	1.444436e+03	1.296993e-04	7.381052e-04	2.538153e+02
3.168926e+00	-3.902461e+00	1.475456e+03	1.251812e-04	7.539566e-04	2.449736e+02
3.177962e+00	-3.917539e+00	1.506477e+03	1.209097e-04	7.698080e-04	2.366144e+02
3.187191e+00	-3.932937e+00	1.538830e+03	1.166978e-04	7.863403e-04	2.283718e+02
3.196227e+00	-3.948016e+00	1.571182e+03	1.127157e-04	8.028725e-04	2.205791e+02
3.205455e+00	-3.963414e+00	1.604925e+03	1.087892e-04	8.201148e-04	2.128952e+02
3.214491e+00	-3.978492e+00	1.638667e+03	1.050770e-04	8.373572e-04	2.056306e+02
3.223719e+00	-3.993891e+00	1.673859e+03	1.014166e-04	8.553401e-04	1.984674e+02
3.232755e+00	-4.008969e+00	1.709051e+03	9.795599e-05	8.733230e-04	1.916951e+02
3.241983e+00	-4.024368e+00	1.745754e+03	9.454367e-05	8.920783e-04	1.850174e+02
3.251019e+00	-4.039446e+00	1.782457e+03	9.131757e-05	9.108336e-04	1.787040e+02
3.260247e+00	-4.054844e+00	1.820737e+03	8.813650e-05	9.303945e-04	1.724788e+02
3.269283e+00	-4.069922e+00	1.859016e+03	8.512902e-05	9.499554e-04	1.665934e+02
3.278511e+00	-4.085321e+00	1.898940e+03	8.216353e-05	9.703564e-04	1.607900e+02
3.287547e+00	-4.100399e+00	1.938864e+03	7.935987e-05	9.907575e-04	1.553034e+02
3.296775e+00	-4.115798e+00	1.980503e+03	7.659535e-05	1.012035e-03	1.498934e+02
3.305812e+00	-4.130876e+00	2.022141e+03	7.398169e-05	1.033312e-03	1.447786e+02
3.315040e+00	-4.146274e+00	2.065569e+03	7.140452e-05	1.055503e-03	1.397352e+02
3.324076e+00	-4.161352e+00	2.108996e+03	6.896799e-05	1.077694e-03	1.349670e+02
3.333304e+00	-4.176751e+00	2.154288e+03	6.656548e-05	1.100839e-03	1.302654e+02
3.342340e+00	-4.191829e+00	2.199580e+03	6.429407e-05	1.123983e-03	1.258204e+02
3.351568e+00	-4.207228e+00	2.246818e+03	6.205437e-05	1.148122e-03	1.214374e+02
3.360604e+00	-4.222306e+00	2.294056e+03	5.993689e-05	1.172260e-03	1.172936e+02
3.369832e+00	-4.237704e+00	2.343323e+03	5.784898e-05	1.197435e-03	1.132076e+02
3.378868e+00	-4.252782e+00	2.392589e+03	5.587500e-05	1.222610e-03	1.093447e+02
3.388096e+00	-4.268181e+00	2.443972e+03	5.392858e-05	1.248867e-03	1.055356e+02
3.397132e+00	-4.283259e+00	2.495355e+03	5.208838e-05	1.275124e-03	1.019344e+02
3.406360e+00	-4.298658e+00	2.548944e+03	5.027387e-05	1.302508e-03	9.838351e+01
3.415396e+00	-4.313736e+00	2.602534e+03	4.855838e-05	1.329892e-03	9.502638e+01
3.424625e+00	-4.329134e+00	2.658426e+03	4.686683e-05	1.358453e-03	9.171611e+01
3.433661e+00	-4.344213e+00	2.714317e+03	4.526760e-05	1.387013e-03	8.858649e+01
3.442889e+00	-4.359611e+00	2.772609e+03	4.369069e-05	1.416800e-03	8.550056e+01
3.451925e+00	-4.374689e+00	2.830901e+03	4.219984e-05	1.446588e-03	8.258303e+01
3.461153e+00	-4.390088e+00	2.891697e+03	4.072980e-05	1.477654e-03	7.970623e+01
3.470189e+00	-4.405166e+00	2.952493e+03	3.933998e-05	1.508721e-03	7.698642e+01
3.479417e+00	-4.420564e+00	3.015900e+03	3.796956e-05	1.541122e-03	7.430458e+01
3.488453e+00	-4.435643e+00	3.079307e+03	3.667393e-05	1.573523e-03	7.176909e+01
3.497681e+00	-4.451041e+00	3.145438e+03	3.539638e-05	1.607315e-03	6.926900e+01
3.506717e+00	-4.466119e+00	3.211569e+03	3.418855e-05	1.641108e-03	6.690534e+01
3.515945e+00	-4.481518e+00	3.280540e+03	3.299759e-05	1.676352e-03	6.457467e+01
3.524981e+00	-4.496596e+00	3.349511e+03	3.187161e-05	1.711596e-03	6.237120e+01
3.534209e+00	-4.511994e+00	3.421444e+03	3.076136e-05	1.748354e-03	6.019848e+01
3.543246e+00	-4.527073e+00	3.493377e+03	2.971169e-05	1.785112e-03	5.814433e+01
3.552474e+00	-4.542471e+00	3.568400e+03	2.867668e-05	1.823449e-03	5.611886e+01
3.561510e+00	-4.557549e+00	3.643423e+03	2.769814e-05	1.861785e-03	5.420392e+01
3.570738e+00	-4.572948e+00	3.721669e+03	2.673327e-05	1.901769e-03	5.231571e+01
3.579774e+00	-4.588026e+00	3.799914e+03	2.582106e-05	1.941752e-03	5.053055e+01
3.589002e+00	-4.603425e+00	3.881521e+03	2.492157e-05	1.983453e-03	4.877030e+01
3.598038e+00	-4.618503e+00	3.963127e+03	2.407118e-05	2.025153e-03	4.710612e+01
3.607266e+00	-4.633901e+00	4.048238e+03	2.323265e-05	2.068645e-03	4.546517e+01
3.616302e+00	-4.648979e+00	4.133349e+03	2.243988e-05	2.112137e-03	4.391376e+01
3.625530e+00	-4.664378e+00	4.222116e+03	2.165819e-05	2.157497e-03	4.238402e+01
3.634566e+00	-4.679456e+00	4.310883e+03	2.091914e-05	2.202857e-03	4.093775e+01
3.643794e+00	-4.694855e+00	4.403463e+03	2.019042e-05	2.250165e-03	3.951167e+01
3.652830e+00	-4.709933e+00	4.496043e+03	1.950147e-05	2.297473e-03	3.816342e+01
3.662058e+00	-4.725331e+00	4.592599e+03	1.882213e-05	2.346813e-03	3.683399e+01
3.671095e+00	-4.740409e+00	4.689155e+03	1.817986e-05	2.396153e-03	3.557710e+01
3.680323e+00	-4.755808e+00	4.789858e+03	1.754656e-05	2.447612e-03	3.433777e+01
3.689359e+00	-4.770886e+00	4.890561e+03	1.694782e-05	2.499072e-03	3.316606e+01
3.698587e+00	-4.786285e+00	4.995590e+03	1.635744e-05	2.552741e-03	3.201071e+01
3.707623e+00	-4.801363e+00	5.100619e+03	1.579928e-05	2.606411e-03	3.091841e+01
3.716851e+00	-4.816761e+00	5.210159e+03	1.524890e-05	2.662385e-03	2.984136e+01
3.725887e+00	-4.831840e+00	5.319699e+03	1.472857e-05	2.718360e-03	2.882309e+01
3.735115e+00	-4.847238e+00	5.433943e+03	1.421549e-05	2.776739e-03	2.781903e+01
3.744151e+00	-4.862316e+00	5.548188e+03	1.373042e-05	2.835118e-03	2.686976e+01
3.753379e+00	-4.877715e+00	5.667340e+03	1.325212e-05	2.896004e-03	2.593375e+01
3.762415e+00	-4.892793e+00	5.786492e+03	1.279992e-05	2.956891e-03	2.504881e+01
3.771643e+00	-4.908191e+00	5.910761e+03	1.235403e-05	3.020392e-03	2.417623e+01
3.780679e+00	-4.923270e+00	6.035031e+03	1.193247e-05	3.083894e-03	2.335127e+01
3.789908e+00	-4.938668e+00	6.164638e+03	1.151680e-05	3.150123e-03	2.253782e+01
3.798944e+00	-4.953746e+00	6.294245e+03	1.112381e-05	3.216352e-03	2.176876e+01
3.808172e+00	-4.969145e+00	6.429419e+03	1.073631e-05	3.285426e-03	2.101044e+01
3.817208e+00	-4.984223e+00	6.564593e+03	1.036996e-05	3.354500e-03	2.029351e+01
3.826436e+00	-4.999621e+00	6.705573e+03	1.000872e-05	3.426540e-03	1.958658e+01
3.835472e+00	-5.014700e+00	6.846552e+03	9.667193e-06	3.498581e-03	1.891823e+01
3.844700e+00	-5.030098e+00	6.993588e+03	9.330434e-06	3.573716e-03	1.825920e+01
3.853736e+00	-5.045176e+00	7.140623e+03	9.012052e-06	3.648850e-03	1.763615e+01
3.862964e+00	-5.060575e+00	7.293973e+03	8.698115e-06	3.727212e-03	1.702179e+01
3.872000e+00	-5.075653e+00	7.447324e+03	8.401310e-06	3.805574e-03	1.644095e+01
3.881228e+00	-5.091052e+00	7.607261e+03	8.108648e-06	3.887302e-03	1.586823e+01
3.890264e+00	-5.106130e+00	7.767198e+03	7.831957e-06	3.969030e-03	1.532676e+01
3.899492e+00	-5.121528e+00	7.934005e+03	7.559129e-06	4.054268e-03	1.479285e+01
3.908529e+00	-5.136606e+00	8.100812e+03	7.301190e-06	4.139506e-03	1.428807e+01
3.917757e+00	-5.152005e+00	8.274783e+03	7.046851e-06	4.228405e-03	1.379034e+01
3.926793e+00	-5.167083e+00	8.448755e+03	6.806392e-06	4.317304e-03	1.331978e+01
3.936021e+00	-5.182482e+00	8.630198e+03	6.569290e-06	4.410022e-03	1.285578e+01
3.945057e+00	-5.197560e+00	8.811642e+03	6.345126e-06	4.502740e-03	1.241710e+01
3.954285e+00	-5.212958e+00	9.000879e+03	6.124092e-06	4.599439e-03	1.198455e+01
3.963321e+00	-5.228036e+00	9.190116e+03	5.915120e-06	4.696139e-03	1.157560e+01
3.972549e+00	-5.243435e+00	9.387481e+03	5.709066e-06	4.796993e-03	1.117236e+01
3.981585e+00	-5.258513e+00	9.584846e+03	5.514256e-06	4.897846e-03	1.079113e+01
3.990813e+00	-5.273912e+00	9.790689e+03	5.322165e-06	5.003031e-03	1.041522e+01
3.999849e+00	-5.288990e+00	9.996531e+03	5.140557e-06	5.108216e-03	1.005982e+01
4.009077e+00	-5.304388e+00	1.021121e+04	4.961485e-06	5.217919e-03	9.709384e+00
4.018113e+00	-5.319466e+00	1.042590e+04	4.792184e-06	5.327622e-03	9.378072e+00
4.027342e+00	-5.334865e+00	1.064980e+04	4.625247e-06	5.442037e-03	9.051384e+00
4.036378e+00	-5.349943e+00	1.087371e+04	4.467421e-06	5.556452e-03	8.742525e+00
4.045606e+00	-5.365342e+00	1.110723e+04	4.311797e-06	5.675781e-03	8.437977e+00
4.054642e+00	-5.380420e+00	1.134075e+04	4.164666e-06	5.795111e-03	8.150048e+00
4.063870e+00	-5.395818e+00	1.158430e+04	4.019589e-06	5.919565e-03	7.866139e+00
4.072906e+00	-5.410897e+00	1.182785e+04	3.882428e-06	6.044020e-03	7.597724e+00
4.082134e+00	-5.426295e+00	1.208187e+04	3.747183e-06	6.173820e-03	7.333055e+00
4.091170e+00	-5.441373e+00	1.233588e+04	3.619318e-06	6.303620e-03	7.082830e+00
4.100398e+00	-5.456772e+00	1.260080e+04	3.493238e-06	6.438995e-03	6.836098e+00
4.109434e+00	-5.471850e+00	1.286572e+04	3.374039e-06	6.574371e-03	6.602830e+00
4.118662e+00	-5.487248e+00	1.314203e+04	3.256503e-06	6.715561e-03	6.372819e+00
4.127698e+00	-5.502327e+00	1.341833e+04	3.145382e-06	6.856750e-03	6.155360e+00
4.136926e+00	-5.517725e+00	1.370650e+04	3.035812e-06	7.004005e-03	5.940936e+00
4.145963e+00	-5.532803e+00	1.399467e+04	2.932221e-06	7.151259e-03	5.738214e+00
4.155191e+00	-5.548206e+00	1.429521e+04	2.830051e-06	7.304838e-03	5.538272e+00
4.164227e+00	-5.563385e+00	1.459576e+04	2.732844e-06	7.458417e-03	5.348044e+00
4.173455e+00	-5.579028e+00	1.490921e+04	2.636161e-06	7.618592e-03	5.158838e+00
4.182491e+00	-5.594484e+00	1.522267e+04	2.543994e-06	7.778768e-03	4.978473e+00
4.191719e+00	-5.610409e+00	1.554959e+04	2.452397e-06	7.945823e-03	4.799222e+00
4.200755e+00	-5.626141e+00	1.587651e+04	2.365150e-06	8.112878e-03	4.628484e+00
4.209983e+00	-5.642349e+00	1.621747e+04	2.278511e-06	8.287109e-03	4.458935e+00
4.219019e+00	-5.658357e+00	1.655843e+04	2.196052e-06	8.461339e-03	4.297566e+00
4.228247e+00	-5.674847e+00	1.691403e+04	2.114232e-06	8.643053e-03	4.137449e+00
4.237283e+00	-5.691132e+00	1.726964e+04	2.036422e-06	8.824767e-03	3.985178e+00
4.246511e+00	-5.707904e+00	1.764052e+04	1.959276e-06	9.014286e-03	3.834207e+00
4.255547e+00	-5.724466e+00	1.801140e+04	1.885967e-06	9.203805e-03	3.690746e+00
4.264776e+00	-5.741520e+00	1.839821e+04	1.813342e-06	9.401464e-03	3.548622e+00
4.273812e+00	-5.758358e+00	1.878502e+04	1.744383e-06	9.599123e-03	3.413673e+00
4.283040e+00	-5.775695e+00	1.918844e+04	1.676120e-06	9.805272e-03	3.280086e+00
4.292076e+00	-5.792809e+00	1.959186e+04	1.611354e-06	1.001142e-02	3.153341e+00
4.301304e+00	-5.810428e+00	2.001261e+04	1.547291e-06	1.022642e-02	3.027973e+00
4.310340e+00	-5.827819e+00	2.043336e+04	1.486556e-06	1.044143e-02	2.909118e+00
4.319568e+00	-5.845720e+00	2.087219e+04	1.426527e-06	1.066567e-02	2.791644e+00
4.328604e+00	-5.863387e+00	2.131101e+04	1.369660e-06	1.088990e-02	2.680359e+00
4.337832e+00	-5.881571e+00	2.176868e+04	1.313498e-06	1.112377e-02	2.570451e+00
4.346868e+00	-5.899514e+00	2.222635e+04	1.260335e-06	1.135764e-02	2.466414e+00
4.356096e+00	-5.917980e+00	2.270368e+04	1.207869e-06	1.160156e-02	2.363742e+00
4.365132e+00	-5.936200e+00	2.318101e+04	1.158244e-06	1.184547e-02	2.266627e+00
4.374360e+00	-5.954948e+00	2.367884e+04	1.109307e-06	1.209986e-02	2.170861e+00
4.383396e+00	-5.973444e+00	2.417667e+04	1.063055e-06	1.235425e-02	2.080347e+00
4.392625e+00	-5.992475e+00	2.469588e+04	1.017478e-06	1.261957e-02	1.991156e+00
4.401661e+00	-6.011247e+00	2.521510e+04	9.744342e-07	1.288489e-02	1.906920e+00
4.410889e+00	-6.030560e+00	2.575661e+04	9.320512e-07	1.316160e-02	1.823979e+00
4.419925e+00	-6.049609e+00	2.629813e+04	8.920530e-07	1.343831e-02	1.745704e+00
4.429153e+00	-6.069204e+00	2.686290e+04	8.526987e-07	1.372691e-02	1.668690e+00
4.438189e+00	-6.088530e+00	2.742767e+04	8.155866e-07	1.401551e-02	1.596063e+00
4.447417e+00	-6.108407e+00	2.801670e+04	7.790992e-07	1.431650e-02	1.524659e+00
4.456453e+00	-6.128009e+00	2.860573e+04	7.447163e-07	1.461750e-02	1.457373e+00
4.465681e+00	-6.148169e+00	2.922007e+04	7.109372e-07	1.493142e-02	1.391269e+00
4.474717e+00	-6.168047e+00	2.983440e+04	6.791300e-07	1.524534e-02	1.329024e+00
4.483945e+00	-6.188489e+00	3.047511e+04	6.479045e-07	1.557275e-02	1.267918e+00
4.492981e+00	-6.208644e+00	3.111583e+04	6.185235e-07	1.590016e-02	1.210420e+00
4.502209e+00	-6.229368e+00	3.178407e+04	5.897013e-07	1.624162e-02	1.154017e+00
4.511246e+00	-6.249799e+00	3.245231e+04	5.626015e-07	1.658309e-02	1.100984e+00
4.520474e+00	-6.270806e+00	3.314925e+04	5.360366e-07	1.693923e-02	1.048997e+00
4.529510e+00	-6.291513e+00	3.384618e+04	5.110776e-07	1.729536e-02	1.000154e+00
4.538738e+00	-6.312802e+00	3.457306e+04	4.866291e-07	1.766679e-02	9.523095e-01
4.547774e+00	-6.333786e+00	3.529993e+04	4.636754e-07	1.803823e-02	9.073902e-01
4.557002e+00	-6.355357e+00	3.605803e+04	4.412077e-07	1.842561e-02	8.634219e-01
4.566038e+00	-6.376617e+00	3.681612e+04	4.201290e-07	1.881300e-02	8.221719e-01
4.575266e+00	-6.398471e+00	3.760678e+04	3.995115e-07	1.921702e-02	7.818246e-01
4.584302e+00	-6.420008e+00	3.839743e+04	3.801828e-07	1.962105e-02	7.439992e-01
4.593530e+00	-6.442143e+00	3.922205e+04	3.612908e-07	2.004242e-02	7.070284e-01
4.602566e+00	-6.463956e+00	4.004666e+04	3.435925e-07	2.046380e-02	6.723937e-01
4.611794e+00	-6.486374e+00	4.090670e+04	3.263065e-07	2.090328e-02	6.385659e-01
4.620830e+00	-6.508464e+00	4.176673e+04	3.101245e-07	2.134275e-02	6.068985e-01
4.630059e+00	-6.531164e+00	4.266370e+04	2.943309e-07	2.180111e-02	5.759913e-01
4.639095e+00	-6.553530e+00	4.356068e+04	2.795566e-07	2.225946e-02	5.470787e-01
4.648323e+00	-6.576513e+00	4.449618e+04	2.651474e-07	2.273750e-02	5.188805e-01
4.657359e+00	-6.599155e+00	4.543168e+04	2.516778e-07	2.321554e-02	4.925212e-01
4.666587e+00	-6.622420e+00	4.640736e+04	2.385504e-07	2.371411e-02	4.668315e-01
4.675623e+00	-6.645339e+00	4.738304e+04	2.262878e-07	2.421268e-02	4.428343e-01
4.684851e+00	-6.668886e+00	4.840063e+04	2.143454e-07	2.473267e-02	4.194635e-01
4.693887e+00	-6.692081e+00	4.941822e+04	2.031977e-07	2.525266e-02	3.976481e-01
4.703115e+00	-6.715910e+00	5.047951e+04	1.923488e-07	2.579498e-02	3.764173e-01
4.712151e+00	-6.739382e+00	5.154081e+04	1.822291e-07	2.633730e-02	3.566135e-01
4.721379e+00	-6.763494e+00	5.264769e+04	1.723877e-07	2.690291e-02	3.373543e-01
4.730415e+00	-6.787242e+00	5.375457e+04	1.632142e-07	2.746853e-02	3.194023e-01
4.739643e+00	-6.811636e+00	5.490899e+04	1.542994e-07	2.805843e-02	3.019564e-01
4.748680e+00	-6.835660e+00	5.606341e+04	1.459955e-07	2.864834e-02	2.857062e-01
4.757908e+00	-6.860337e+00	5.726742e+04	1.379315e-07	2.926359e-02	2.699252e-01
4.766944e+00	-6.884638e+00	5.847143e+04	1.304255e-07	2.987884e-02	2.552363e-01
4.776172e+00	-6.909596e+00	5.972715e+04	1.231414e-07	3.052051e-02	2.409817e-01
4.785208e+00	-6.934173e+00	6.098287e+04	1.163661e-07	3.116218e-02	2.277229e-01
4.794436e+00	-6.959414e+00	6.229252e+04	1.097958e-07	3.183141e-02	2.148651e-01
4.803472e+00	-6.984268e+00	6.360218e+04	1.036888e-07	3.250064e-02	2.029140e-01
4.812700e+00	-7.009791e+00	6.496809e+04	9.777076e-08	3.319862e-02	1.913326e-01
4.821736e+00	-7.034921e+00	6.633399e+04	9.227388e-08	3.389660e-02	1.805755e-01
4.830964e+00	-7.060727e+00	6.775857e+04	8.695078e-08	3.462456e-02	1.701584e-01
4.840000e+00	-7.086133e+00	6.918314e+04	8.201001e-08	3.535251e-02	1.604896e-01
4.849228e+00	-7.112221e+00	7.066891e+04	7.722879e-08	3.611174e-02	1.511330e-01
4.858264e+00	-7.137904e+00	7.215467e+04	7.279410e-08	3.687096e-02	1.424545e-01
4.867493e+00	-7.164274e+00	7.370425e+04	6.850563e-08	3.766279e-02	1.340622e-01
4.876529e+00	-7.190233e+00	7.525383e+04	6.453077e-08	3.845462e-02	1.262836e-01
4.885757e+00	-7.216885e+00	7.686997e+04	6.068965e-08	3.928047e-02	1.187667e-01
4.894793e+00	-7.243121e+00	7.848610e+04	5.713192e-08	4.010631e-02	1.118044e-01
4.904021e+00	-7.270056e+00	8.017165e+04	5.369629e-08	4.096763e-02	1.050810e-01
4.913057e+00	-7.296568e+00	8.185720e+04	5.051636e-08	4.182894e-02	9.885806e-02
4.922285e+00	-7.323785e+00	8.361515e+04	4.744771e-08	4.272725e-02	9.285286e-02
4.931321e+00	-7.350573e+00	8.537310e+04	4.460942e-08	4.362556e-02	8.729847e-02
4.940549e+00	-7.378072e+00	8.720656e+04	4.187237e-08	4.456246e-02	8.194219e-02
4.949585e+00	-7.405138e+00	8.904001e+04	3.934254e-08	4.549935e-02	7.699145e-02
4.958813e+00	-7.432919e+00	9.095222e+04	3.690465e-08	4.647648e-02	7.222061e-02
4.967849e+00	-7.460260e+00	9.286442e+04	3.465290e-08	4.745362e-02	6.781404e-02
4.977077e+00	-7.488324e+00	9.485876e+04	3.248448e-08	4.847272e-02	6.357055e-02
4.986114e+00	-7.515942e+00	9.685310e+04	3.048302e-08	4.949183e-02	5.965379e-02
4.995342e+00	-7.544288e+00	9.893310e+04	2.855697e-08	5.055470e-02	5.588460e-02
5.004378e+00	-7.572182e+00	1.010131e+05	2.678045e-08	5.161758e-02	5.240803e-02
5.013606e+00	-7.600810e+00	1.031824e+05	2.507204e-08	5.272611e-02	4.906475e-02
5.022642e+00	-7.628981e+00	1.053518e+05	2.349735e-08	5.383464e-02	4.598317e-02
5.031870e+00	-7.657892e+00	1.076143e+05	2.198408e-08	5.499078e-02	4.302178e-02
5.040906e+00	-7.686339e+00	1.098768e+05	2.059023e-08	5.614692e-02	4.029408e-02
5.050134e+00	-7.715532e+00	1.122365e+05	1.925167e-08	5.735272e-02	3.767458e-02
5.059170e+00	-7.744255e+00	1.145962e+05	1.801959e-08	5.855852e-02	3.526346e-02
5.068398e+00	-7.773730e+00	1.170572e+05	1.683720e-08	5.981611e-02	3.294957e-02
5.077434e+00	-7.802730e+00	1.195183e+05	1.574961e-08	6.107370e-02	3.082122e-02
5.086662e+00	-7.832488e+00	1.220850e+05	1.470661e-08	6.238531e-02	2.878011e-02
5.095698e+00	-7.861764e+00	1.246518e+05	1.374789e-08	6.369692e-02	2.690395e-02
5.104927e+00	-7.891804e+00	1.273288e+05	1.282911e-08	6.506486e-02	2.510594e-02
5.113963e+00	-7.921356e+00	1.300058e+05	1.198515e-08	6.643280e-02	2.345436e-02
5.123191e+00	-7.951678e+00	1.327977e+05	1.117691e-08	6.785950e-02	2.187267e-02
5.132227e+00	-7.981508e+00	1.355897e+05	1.043500e-08	6.928619e-02	2.042079e-02
5.141455e+00	-8.012112e+00	1.385016e+05	9.724969e-09	7.077417e-02	1.903129e-02
5.150491e+00	-8.042217e+00	1.414135e+05	9.073662e-09	7.226215e-02	1.775672e-02
5.159719e+00	-8.073104e+00	1.444505e+05	8.450767e-09	7.381403e-02	1.653774e-02
5.168755e+00	-8.103486e+00	1.474874e+05	7.879779e-09	7.536592e-02	1.542034e-02
5.177983e+00	-8.134655e+00	1.506549e+05	7.334074e-09	7.698446e-02	1.435243e-02
5.187019e+00	-8.165313e+00	1.538223e+05	6.834186e-09	7.860301e-02	1.337417e-02
5.196247e+00	-8.196764e+00	1.571257e+05	6.356759e-09	8.029107e-02	1.243987e-02
5.205283e+00	-8.227699e+00	1.604292e+05	5.919716e-09	8.197913e-02	1.158460e-02
5.214511e+00	-8.259432e+00	1.638745e+05	5.502594e-09	8.373970e-02	1.076831e-02
5.223547e+00	-8.290644e+00	1.673199e+05	5.121017e-09	8.550027e-02	1.002158e-02
5.232776e+00	-8.322659e+00	1.709132e+05	4.757081e-09	8.733645e-02	9.309377e-03
5.241812e+00	-8.354147e+00	1.745065e+05	4.424385e-09	8.917264e-02	8.658305e-03
5.251040e+00	-8.386445e+00	1.782542e+05	4.107286e-09	9.108769e-02	8.037759e-03
5.260076e+00	-8.418209e+00	1.820018e+05	3.817604e-09	9.300275e-02	7.470864e-03
5.269304e+00	-8.450789e+00	1.859105e+05	3.541690e-09	9.500005e-02	6.930916e-03
5.278340e+00	-8.482830e+00	1.898191e+05	3.289804e-09	9.699736e-02	6.437987e-03
5.287568e+00	-8.515692e+00	1.938956e+05	3.050054e-09	9.908046e-02	5.968808e-03
5.296604e+00	-8.548009e+00	1.979722e+05	2.831331e-09	1.011636e-01	5.540777e-03
5.305832e+00	-8.581154e+00	2.022238e+05	2.623287e-09	1.033361e-01	5.133645e-03
5.314868e+00	-8.613748e+00	2.064754e+05	2.433618e-09	1.055087e-01	4.762473e-03
5.324096e+00	-8.647175e+00	2.109096e+05	2.253333e-09	1.077746e-01	4.409663e-03
5.333132e+00	-8.680044e+00	2.153438e+05	2.089083e-09	1.100405e-01	4.088233e-03
5.342360e+00	-8.713754e+00	2.199685e+05	1.933064e-09	1.124037e-01	3.782913e-03
5.351397e+00	-8.746900e+00	2.245932e+05	1.791019e-09	1.147669e-01	3.504936e-03
5.360625e+00	-8.780892e+00	2.294165e+05	1.656183e-09	1.172316e-01	3.241070e-03
5.369661e+00	-8.814314e+00	2.342398e+05	1.533507e-09	1.196963e-01	3.000999e-03
5.378889e+00	-8.848588e+00	2.392703e+05	1.417137e-09	1.222669e-01	2.773269e-03
5.387925e+00	-8.882287e+00	2.443008e+05	1.311333e-09	1.248374e-01	2.566214e-03
5.397153e+00	-8.916843e+00	2.495473e+05	1.211035e-09	1.275184e-01	2.369936e-03
5.406189e+00	-8.950819e+00	2.547939e+05	1.119905e-09	1.301994e-01	2.191600e-03
5.415417e+00	-8.985657e+00	2.602658e+05	1.033577e-09	1.329955e-01	2.022659e-03
5.424453e+00	-9.019909e+00	2.657377e+05	9.551925e-10	1.357917e-01	1.869265e-03
5.433681e+00	-9.055030e+00	2.714446e+05	8.809882e-10	1.387079e-01	1.724051e-03
5.442717e+00	-9.089558e+00	2.771516e+05	8.136579e-10	1.416241e-01	1.592289e-03
5.451945e+00	-9.124961e+00	2.831036e+05	7.499612e-10	1.446656e-01	1.467638e-03
5.460981e+00	-9.159766e+00	2.890557e+05	6.922040e-10	1.477071e-01	1.354610e-03
5.470210e+00	-9.195451e+00	2.952634e+05	6.376006e-10	1.508793e-01	1.247753e-03
5.479246e+00	-9.230532e+00	3.014711e+05	5.881223e-10	1.540514e-01	1.150927e-03
5.488474e+00	-9.266500e+00	3.079454e+05	5.413773e-10	1.573598e-01	1.059449e-03
5.497510e+00	-9.301857e+00	3.144197e+05	4.990482e-10	1.606681e-01	9.766131e-04
5.506738e+00	-9.338107e+00	3.211721e+05	4.590844e-10	1.641186e-01	8.984059e-04
5.515774e+00	-9.373741e+00	3.279245e+05	4.229204e-10	1.675691e-01	8.276347e-04
5.525002e+00	-9.410274e+00	3.349670e+05	3.888002e-10	1.711678e-01	7.608630e-04
5.534038e+00	-9.446184e+00	3.420094e+05	3.579449e-10	1.747664e-01	7.004807e-04
5.543266e+00	-9.482998e+00	3.493544e+05	3.288529e-10	1.785197e-01	6.435490e-04
5.552302e+00	-9.519185e+00	3.566993e+05	3.025624e-10	1.822729e-01	5.920998e-04
5.561530e+00	-9.556282e+00	3.643597e+05	2.777909e-10	1.861874e-01	5.436234e-04
5.570566e+00	-9.592745e+00	3.720201e+05	2.554200e-10	1.901019e-01	4.998446e-04
5.579794e+00	-9.630124e+00	3.800095e+05	2.343559e-10	1.941844e-01	4.586231e-04
5.588831e+00	-9.666864e+00	3.879989e+05	2.153457e-10	1.982670e-01	4.214212e-04
5.598059e+00	-9.704525e+00	3.963315e+05	1.974581e-10	2.025250e-01	3.864159e-04
5.607095e+00	-9.741541e+00	4.046641e+05	1.813255e-10	2.067829e-01	3.548452e-04
5.616323e+00	-9.779485e+00	4.133546e+05	1.661557e-10	2.112237e-01	3.251587e-04
5.625359e+00	-9.816777e+00	4.220451e+05	1.524835e-10	2.156646e-01	2.984028e-04
5.634587e+00	-9.855003e+00	4.311088e+05	1.396359e-10	2.202961e-01	2.732606e-04
5.643623e+00	-9.892572e+00	4.401726e+05	1.280643e-10	2.249277e-01	2.506157e-04
5.652851e+00	-9.931080e+00	4.496256e+05	1.171979e-10	2.297582e-01	2.293506e-04
5.661887e+00	-9.968925e+00	4.590787e+05	1.074174e-10	2.345887e-01	2.102107e-04
5.671115e+00	-1.000772e+01	4.689378e+05	9.823906e-11	2.396267e-01	1.922491e-04
5.680151e+00	-1.004584e+01	4.787969e+05	8.998344e-11	2.446647e-01	1.760932e-04
5.689379e+00	-1.008491e+01	4.890794e+05	8.224126e-11	2.499190e-01	1.609421e-04
5.698415e+00	-1.012331e+01	4.993620e+05	7.528210e-11	2.551734e-01	1.473234e-04
5.707644e+00	-1.016266e+01	5.100861e+05	6.876012e-11	2.606535e-01	1.345602e-04
5.716680e+00	-1.020134e+01	5.208103e+05	6.290167e-11	2.661335e-01	1.230955e-04
5.725908e+00	-1.024098e+01	5.319952e+05	5.741493e-11	2.718489e-01	1.123582e-04
5.734944e+00	-1.027993e+01	5.431800e+05	5.248968e-11	2.775644e-01	1.027198e-04
5.744172e+00	-1.031985e+01	5.548452e+05	4.788002e-11	2.835253e-01	9.369886e-05
5.753208e+00	-1.035907e+01	5.665104e+05	4.374486e-11	2.894862e-01	8.560656e-05
5.762436e+00	-1.039927e+01	5.786767e+05	3.987724e-11	2.957032e-01	7.803781e-05
5.771472e+00	-1.043878e+01	5.908429e+05	3.641006e-11	3.019201e-01	7.125271e-05
5.780700e+00	-1.047926e+01	6.035318e+05	3.316936e-11	3.084041e-01	6.491083e-05
5.789736e+00	-1.051904e+01	6.162206e+05	3.026614e-11	3.148881e-01	5.922936e-05
5.798964e+00	-1.055981e+01	6.294544e+05	2.755437e-11	3.216505e-01	5.392256e-05
5.808000e+00	-1.059987e+01	6.426883e+05	2.512661e-11	3.284130e-01	4.917156e-05
5.817228e+00	-1.064091e+01	6.564905e+05	2.286047e-11	3.354659e-01	4.473683e-05
5.826265e+00	-1.068125e+01	6.702927e+05	2.083302e-11	3.425189e-01	4.076921e-05
5.835493e+00	-1.072258e+01	6.846878e+05	1.894179e-11	3.498747e-01	3.706817e-05
5.844529e+00	-1.076319e+01	6.990829e+05	1.725090e-11	3.572306e-01	3.375917e-05
5.853757e+00	-1.080480e+01	7.140962e+05	1.567467e-11	3.649024e-01	3.067457e-05
5.862793e+00	-1.084569e+01	7.291096e+05	1.426634e-11	3.725742e-01	2.791854e-05
5.872021e+00	-1.088758e+01	7.447678e+05	1.295439e-11	3.805755e-01	2.535111e-05
5.881057e+00	-1.092875e+01	7.604260e+05	1.178297e-11	3.885769e-01	2.305870e-05
5.890285e+00	-1.097092e+01	7.767568e+05	1.069244e-11	3.969219e-01	2.092459e-05
5.899321e+00	-1.101236e+01	7.930875e+05	9.719373e-12	4.052669e-01	1.902034e-05
5.908549e+00	-1.105482e+01	8.101197e+05	8.814101e-12	4.139703e-01	1.724877e-05
5.917585e+00	-1.109654e+01	8.271519e+05	8.006875e-12	4.226737e-01	1.566906e-05
5.926813e+00	-1.113928e+01	8.449156e+05	7.256388e-12	4.317510e-01	1.420040e-05
5.935849e+00	-1.118127e+01	8.626794e+05	6.587628e-12	4.408282e-01	1.289167e-05
5.945078e+00	-1.122430e+01	8.812061e+05	5.966289e-12	4.502954e-01	1.167574e-05
5.954114e+00	-1.126656e+01	8.997328e+05	5.412980e-12	4.597625e-01	1.059294e-05
5.963342e+00	-1.130987e+01	9.190553e+05	4.899247e-12	4.696363e-01	9.587588e-06
5.972378e+00	-1.135241e+01	9.383778e+05	4.442067e-12	4.795100e-01	8.692909e-06
5.981606e+00	-1.139600e+01	9.585302e+05	4.017868e-12	4.898079e-01	7.862773e-06
5.990642e+00	-1.143882e+01	9.786826e+05	3.640618e-12	5.001058e-01	7.124511e-06
5.999870e+00	-1.148270e+01	9.997006e+05	3.290814e-12	5.108459e-01	6.439963e-06
6.008906e+00	-1.152579e+01	1.020719e+06	2.979932e-12	5.215861e-01	5.831581e-06
6.018134e+00	-1.156995e+01	1.042639e+06	2.691859e-12	5.327876e-01	5.267838e-06
6.027170e+00	-1.161332e+01	1.064560e+06	2.436009e-12	5.439891e-01	4.767151e-06
6.036398e+00	-1.165776e+01	1.087422e+06	2.199088e-12	5.556716e-01	4.303508e-06
6.045434e+00	-1.170141e+01	1.110285e+06	1.988807e-12	5.673542e-01	3.891999e-06
6.054662e+00	-1.174613e+01	1.134129e+06	1.794214e-12	5.795386e-01	3.511189e-06
6.063698e+00	-1.179005e+01	1.157973e+06	1.621616e-12	5.917230e-01	3.173423e-06
6.072927e+00	-1.183505e+01	1.182842e+06	1.461999e-12	6.044307e-01	2.861061e-06
6.081963e+00	-1.187926e+01	1.207710e+06	1.320518e-12	6.171385e-01	2.584190e-06
6.091191e+00	-1.192454e+01	1.233646e+06	1.189765e-12	6.303920e-01	2.328312e-06
6.100227e+00	-1.196902e+01	1.259583e+06	1.073945e-12	6.436455e-01	2.101658e-06
6.109455e+00	-1.201458e+01	1.286634e+06	9.669783e-13	6.574683e-01	1.892329e-06
6.118491e+00	-1.205934e+01	1.313684e+06	8.722906e-13	6.712911e-01	1.707030e-06
6.127719e+00	-1.210519e+01	1.341897e+06	7.848985e-13	6.857077e-01	1.536008e-06
6.136755e+00	-1.215022e+01	1.370109e+06	7.075898e-13	7.001242e-01	1.384719e-06
6.145983e+00	-1.219635e+01	1.399533e+06	6.362848e-13	7.151599e-01	1.245178e-06
6.155019e+00	-1.224166e+01	1.428957e+06	5.732489e-13	7.301956e-01	1.121820e-06
6.164247e+00	-1.228807e+01	1.459645e+06	5.151467e-13	7.458772e-01	1.008117e-06
6.173283e+00	-1.233365e+01	1.490333e+06	4.638165e-13	7.615587e-01	9.076662e-07
6.182511e+00	-1.238035e+01	1.522339e+06	4.165351e-13	7.779138e-01	8.151389e-07
6.191548e+00	-1.242621e+01	1.554345e+06	3.747921e-13	7.942688e-01	7.334499e-07
6.200776e+00	-1.247319e+01	1.587726e+06	3.363672e-13	8.113264e-01	6.582541e-07
6.209812e+00	-1.251932e+01	1.621107e+06	3.024656e-13	8.283840e-01	5.919104e-07
6.219040e+00	-1.256658e+01	1.655922e+06	2.712794e-13	8.461742e-01	5.308806e-07
6.228076e+00	-1.261300e+01	1.690736e+06	2.437827e-13	8.639644e-01	4.770708e-07
6.237304e+00	-1.266054e+01	1.727046e+06	2.185050e-13	8.825187e-01	4.276037e-07
6.246340e+00	-1.270723e+01	1.763356e+06	1.962325e-13	9.010730e-01	3.840175e-07
6.255568e+00	-1.275505e+01	1.801226e+06	1.757710e-13	9.204243e-01	3.439754e-07
6.264604e+00	-1.280202e+01	1.839095e+06	1.577540e-13	9.397755e-01	3.087170e-07
6.273832e+00	-1.285013e+01	1.878591e+06	1.412129e-13	9.599580e-01	2.763468e-07
6.282868e+00	-1.289737e+01	1.918087e+06	1.266576e-13	9.801404e-01	2.478627e-07
6.292096e+00	-1.294576e+01	1.959280e+06	1.133034e-13	1.001190e+00	2.217292e-07
6.301132e+00	-1.299328e+01	2.000472e+06	1.015601e-13	1.022239e+00	1.987482e-07
6.310361e+00	-1.304195e+01	2.043434e+06	9.079307e-14	1.044192e+00	1.776776e-07
6.319397e+00	-1.308974e+01	2.086395e+06	8.133110e-14	1.066146e+00	1.591610e-07
6.328625e+00	-1.313870e+01	2.131202e+06	7.266141e-14	1.089042e+00	1.421948e-07
6.337661e+00	-1.318677e+01	2.176009e+06	6.504760e-14	1.111938e+00	1.272950e-07
6.346889e+00	-1.323600e+01	2.222741e+06	5.807593e-14	1.135818e+00	1.136518e-07
6.355925e+00	-1.328435e+01	2.269472e+06	5.195738e-14	1.159698e+00	1.016781e-07
6.365153e+00	-1.333387e+01	2.318211e+06	4.635855e-14	1.184603e+00	9.072143e-08
6.374189e+00	-1.338250e+01	2.366950e+06	4.144809e-14	1.209509e+00	8.111190e-08
6.383417e+00	-1.343230e+01	2.417782e+06	3.695769e-14	1.235484e+00	7.232440e-08
6.392453e+00	-1.348120e+01	2.468614e+06	3.302198e-14	1.261459e+00	6.462241e-08
6.401681e+00	-1.353128e+01	2.521630e+06	2.942531e-14	1.288550e+00	5.758391e-08
6.410717e+00	-1.358046e+01	2.574645e+06	2.627501e-14	1.315641e+00	5.141892e-08
6.419945e+00	-1.363082e+01	2.629938e+06	2.339800e-14	1.343895e+00	4.578874e-08
6.428982e+00	-1.368028e+01	2.685230e+06	2.087969e-14	1.372150e+00	4.086054e-08
6.438210e+00	-1.373092e+01	2.742898e+06	1.858136e-14	1.401618e+00	3.636282e-08
6.447246e+00	-1.378065e+01	2.800565e+06	1.657092e-14	1.431086e+00	3.242848e-08
6.456474e+00	-1.383158e+01	2.860710e+06	1.473729e-14	1.461819e+00	2.884017e-08
6.465510e+00	-1.388159e+01	2.920854e+06	1.313440e-14	1.492553e+00	2.570339e-08
6.474738e+00	-1.393280e+01	2.983582e+06	1.167345e-14	1.524607e+00	2.284437e-08
6.483774e+00	-1.398308e+01	3.046309e+06	1.039718e-14	1.556661e+00	2.034677e-08
6.493002e+00	-1.403458e+01	3.111731e+06	9.234683e-15	1.590091e+00	1.807182e-08
6.502038e+00	-1.408514e+01	3.177153e+06	8.219810e-15	1.623522e+00	1.608577e-08
6.511266e+00	-1.413691e+01	3.245385e+06	7.296021e-15	1.658388e+00	1.427796e-08
6.520302e+00	-1.418775e+01	3.313617e+06	6.490071e-15	1.693255e+00	1.270075e-08
6.529530e+00	-1.423981e+01	3.384779e+06	5.756936e-15	1.729619e+00	1.126604e-08
6.538566e+00	-1.429092e+01	3.455942e+06	5.117742e-15	1.765983e+00	1.001517e-08
6.547795e+00	-1.434326e+01	3.530161e+06	4.536680e-15	1.803908e+00	8.878061e-09
6.556831e+00	-1.439465e+01	3.604380e+06	4.030405e-15	1.841834e+00	7.887306e-09
6.566059e+00	-1.444727e+01	3.681787e+06	3.570476e-15	1.881389e+00	6.987247e-09
6.575095e+00	-1.449894e+01	3.759194e+06	3.170007e-15	1.920944e+00	6.203549e-09
6.584323e+00	-1.455184e+01	3.839926e+06	2.806437e-15	1.962198e+00	5.492061e-09
6.593359e+00	-1.460379e+01	3.920657e+06	2.490079e-15	2.003452e+00	4.872963e-09
6.602587e+00	-1.465697e+01	4.004857e+06	2.203058e-15	2.046477e+00	4.311277e-09
6.611623e+00	-1.470919e+01	4.089056e+06	1.953472e-15	2.089503e+00	3.822850e-09
6.620851e+00	-1.476266e+01	4.176872e+06	1.727181e-15	2.134377e+00	3.380009e-09
6.629887e+00	-1.481516e+01	4.264687e+06	1.530533e-15	2.179251e+00	2.995179e-09
6.639115e+00	-1.486891e+01	4.356275e+06	1.352356e-15	2.226052e+00	2.646495e-09
6.648151e+00	-1.492168e+01	4.447863e+06	1.197621e-15	2.272853e+00	2.343686e-09
6.657379e+00	-1.497571e+01	4.543384e+06	1.057512e-15	2.321664e+00	2.069500e-09
6.666416e+00	-1.502876e+01	4.638905e+06	9.359174e-16	2.370476e+00	1.831545e-09
6.675644e+00	-1.508308e+01	4.738529e+06	8.258882e-16	2.421383e+00	1.616223e-09
6.684680e+00	-1.513640e+01	4.838154e+06	7.304608e-16	2.472291e+00	1.429476e-09
6.693908e+00	-1.519100e+01	4.942057e+06	6.441668e-16	2.525386e+00	1.260603e-09
6.702944e+00	-1.524460e+01	5.045960e+06	5.693739e-16	2.578480e+00	1.114237e-09
6.712172e+00	-1.529948e+01	5.154326e+06	5.017839e-16	2.633855e+00	9.819666e-10
6.721208e+00	-1.535336e+01	5.262692e+06	4.432406e-16	2.689230e+00	8.674003e-10
6.730436e+00	-1.540852e+01	5.375713e+06	3.903699e-16	2.746983e+00	7.639350e-10
6.739472e+00	-1.546268e+01	5.488733e+06	3.446060e-16	2.804737e+00	6.743771e-10
6.748700e+00	-1.551812e+01	5.606608e+06	3.033035e-16	2.864971e+00	5.935501e-10
6.757736e+00	-1.557255e+01	5.724483e+06	2.675761e-16	2.925205e+00	5.236335e-10
6.766964e+00	-1.562828e+01	5.847421e+06	2.353529e-16	2.988026e+00	4.605743e-10
6.776000e+00	-1.568299e+01	5.970359e+06	2.074977e-16	3.050847e+00	4.060628e-10
6.785229e+00	-1.573900e+01	6.098577e+06	1.823909e-16	3.116366e+00	3.569302e-10
6.794265e+00	-1.579398e+01	6.226795e+06	1.607017e-16	3.181885e+00	3.144854e-10
6.803493e+00	-1.585027e+01	6.360520e+06	1.411653e-16	3.250219e+00	2.762537e-10
6.812529e+00	-1.590553e+01	6.494246e+06	1.242994e-16	3.318553e+00	2.432478e-10
6.821757e+00	-1.596211e+01	6.633715e+06	1.091175e-16	3.389821e+00	2.135376e-10
6.830793e+00	-1.601764e+01	6.773184e+06	9.601932e-17	3.461090e+00	1.879051e-10
6.840021e+00	-1.607450e+01	6.918644e+06	8.423678e-17	3.535419e+00	1.648473e-10
6.849057e+00	-1.613031e+01	7.064103e+06	7.407808e-17	3.609749e+00	1.449672e-10
6.858285e+00	-1.618745e+01	7.215810e+06	6.494572e-17	3.687271e+00	1.270956e-10
6.867321e+00	-1.624354e+01	7.367518e+06	5.707712e-17	3.764793e+00	1.116971e-10
6.876549e+00	-1.630096e+01	7.525741e+06	5.000813e-17	3.845645e+00	9.786348e-11
6.885585e+00	-1.635732e+01	7.683964e+06	4.392135e-17	3.926497e+00	8.595195e-11
6.894813e+00	-1.641503e+01	7.848983e+06	3.845670e-17	4.010822e+00	7.525789e-11
6.903849e+00	-1.647167e+01	8.014003e+06	3.375442e-17	4.095147e+00	6.605576e-11
6.913078e+00	-1.652966e+01	8.186110e+06	2.953552e-17	4.183093e+00	5.779958e-11
6.922114e+00	-1.658657e+01	8.358217e+06	2.590759e-17	4.271040e+00	5.069989e-11
6.931342e+00	-1.664484e+01	8.537716e+06	2.265472e-17	4.362764e+00	4.433418e-11
6.940378e+00	-1.670204e+01	8.717216e+06	1.985933e-17	4.454488e+00	3.886374e-11
6.949606e+00	-1.676059e+01	8.904425e+06	1.735457e-17	4.550151e+00	3.396205e-11
6.958642e+00	-1.681806e+01	9.091634e+06	1.520349e-17	4.645815e+00	2.975250e-11
6.967870e+00	-1.687689e+01	9.286884e+06	1.327732e-17	4.745588e+00	2.598307e-11
6.976906e+00	-1.693464e+01	9.482134e+06	1.162421e-17	4.845360e+00	2.274802e-11
6.986134e+00	-1.699375e+01	9.685770e+06	1.014491e-17	4.949418e+00	1.985310e-11
6.995170e+00	-1.705177e+01	9.889407e+06	8.876158e-18	5.053476e+00	1.737021e-11
7.004398e+00	-1.711117e+01	1.010179e+07	7.741544e-18	5.162004e+00	1.514982e-11
7.013434e+00	-1.716947e+01	1.031417e+07	6.769051e-18	5.270531e+00	1.324670e-11
7.022662e+00	-1.722915e+01	1.053568e+07	5.899946e-18	5.383720e+00	1.154591e-11
7.031699e+00	-1.728773e+01	1.075718e+07	5.155513e-18	5.496909e+00	1.008909e-11
7.040927e+00	-1.734769e+01	1.098820e+07	4.490656e-18	5.614959e+00	8.787996e-12
7.049963e+00	-1.740654e+01	1.121922e+07	3.921545e-18	5.733010e+00	7.674273e-12
7.059191e+00	-1.746679e+01	1.146016e+07	3.413602e-18	5.856131e+00	6.680253e-12
7.068227e+00	-1.752592e+01	1.170110e+07	2.979092e-18	5.979252e+00	5.829938e-12
7.077455e+00	-1.758644e+01	1.195239e+07	2.591536e-18	6.107661e+00	5.071510e-12
7.086491e+00	-1.764585e+01	1.220369e+07	2.260226e-18	6.236070e+00	4.423152e-12
7.095719e+00	-1.770666e+01	1.246577e+07	1.964911e-18	6.369995e+00	3.845236e-12
7.104755e+00	-1.776634e+01	1.272785e+07	1.712620e-18	6.503919e+00	3.351515e-12
7.113983e+00	-1.782743e+01	1.300119e+07	1.487887e-18	6.643596e+00	2.911722e-12
7.123019e+00	-1.788739e+01	1.327453e+07	1.296020e-18	6.783273e+00	2.536248e-12
7.132247e+00	-1.794876e+01	1.355962e+07	1.125222e-18	6.928949e+00	2.202005e-12
7.141283e+00	-1.800900e+01	1.384470e+07	9.794980e-19	7.074625e+00	1.916830e-12
7.150512e+00	-1.807065e+01	1.414202e+07	8.498608e-19	7.226558e+00	1.663136e-12
7.159548e+00	-1.813116e+01	1.443935e+07	7.393273e-19	7.378492e+00	1.446828e-12
7.168776e+00	-1.819310e+01	1.474945e+07	6.410600e-19	7.536951e+00	1.254523e-12
7.177812e+00	-1.825389e+01	1.505954e+07	5.573284e-19	7.695410e+00	1.090665e-12
7.187040e+00	-1.831611e+01	1.538296e+07	4.829374e-19	7.860675e+00	9.450851e-13
7.196076e+00	-1.837717e+01	1.570637e+07	4.195918e-19	8.025940e+00	8.211207e-13
7.205304e+00	-1.843968e+01	1.604368e+07	3.633493e-19	8.198303e+00	7.110569e-13
7.214340e+00	-1.850102e+01	1.638099e+07	3.154889e-19	8.370667e+00	6.173964e-13
7.223568e+00	-1.856380e+01	1.673278e+07	2.730229e-19	8.550433e+00	5.342926e-13
7.232604e+00	-1.862542e+01	1.708458e+07	2.369095e-19	8.730200e+00	4.636203e-13
7.241832e+00	-1.868848e+01	1.745148e+07	2.048874e-19	8.917688e+00	4.009546e-13
7.250868e+00	-1.875038e+01	1.781839e+07	1.776733e-19	9.105176e+00	3.476979e-13
7.260096e+00	-1.881373e+01	1.820105e+07	1.535581e-19	9.300717e+00	3.005056e-13
7.269133e+00	-1.887590e+01	1.858371e+07	1.330770e-19	9.496258e+00	2.604252e-13
7.278361e+00	-1.893953e+01	1.898281e+07	1.149400e-19	9.700198e+00	2.249320e-13
7.287397e+00	-1.900197e+01	1.938191e+07	9.954634e-20	9.904137e+00	1.948074e-13
7.296625e+00	-1.906589e+01	1.979816e+07	8.592336e-20	1.011684e+01	1.681478e-13
7.305661e+00	-1.912861e+01	2.021440e+07	7.436848e-20	1.032954e+01	1.455355e-13
7.314889e+00	-1.919281e+01	2.064852e+07	6.414939e-20	1.055137e+01	1.255372e-13
7.323925e+00	-1.925581e+01	2.108264e+07	5.548732e-20	1.077321e+01	1.085860e-13
7.333153e+00	-1.932028e+01	2.153541e+07	4.783162e-20	1.100457e+01	9.360416e-14
7.342189e+00	-1.938356e+01	2.198817e+07	4.134661e-20	1.123593e+01	8.091331e-14
7.351417e+00	-1.944832e+01	2.246039e+07	3.561878e-20	1.147723e+01	6.970422e-14
7.360453e+00	-1.951187e+01	2.293260e+07	3.076999e-20	1.171853e+01	6.021538e-14
7.369681e+00	-1.957692e+01	2.342510e+07	2.649014e-20	1.197020e+01	5.183991e-14
7.378717e+00	-1.964074e+01	2.391759e+07	2.286947e-20	1.222186e+01	4.475445e-14
7.387946e+00	-1.970607e+01	2.443124e+07	1.967572e-20	1.248434e+01	3.850443e-14
7.396982e+00	-1.977017e+01	2.494489e+07	1.697564e-20	1.274681e+01	3.322051e-14
7.406210e+00	-1.983578e+01	2.548060e+07	1.459548e-20	1.302056e+01	2.856265e-14
7.415246e+00	-1.990016e+01	2.601631e+07	1.258455e-20	1.329431e+01	2.462735e-14
7.424474e+00	-1.996605e+01	2.657503e+07	1.081303e-20	1.357981e+01	2.116058e-14
7.433510e+00	-2.003071e+01	2.713375e+07	9.317304e-21	1.386532e+01	1.823351e-14
7.442738e+00	-2.009688e+01	2.771647e+07	8.000515e-21	1.416309e+01	1.565662e-14
7.451774e+00	-2.016182e+01	2.829919e+07	6.889445e-21	1.446086e+01	1.348231e-14
7.461002e+00	-2.022827e+01	2.890694e+07	5.911935e-21	1.477142e+01	1.156937e-14
7.470038e+00	-2.029348e+01	2.951469e+07	5.087677e-21	1.508197e+01	9.956336e-15
7.479266e+00	-2.036022e+01	3.014854e+07	4.362974e-21	1.540587e+01	8.538127e-15
7.488302e+00	-2.042570e+01	3.078239e+07	3.752287e-21	1.572977e+01	7.343044e-15
7.497530e+00	-2.049272e+01	3.144347e+07	3.215710e-21	1.606758e+01	6.292988e-15
7.506567e+00	-2.055849e+01	3.210454e+07	2.763847e-21	1.640539e+01	5.408714e-15
7.515795e+00	-2.062579e+01	3.279401e+07	2.367077e-21	1.675771e+01	4.632255e-15
7.524831e+00	-2.069183e+01	3.348349e+07	2.033167e-21	1.711002e+01	3.978810e-15
7.534059e+00	-2.075941e+01	3.420257e+07	1.740161e-21	1.747748e+01	3.405410e-15
7.543095e+00	-2.082573e+01	3.492165e+07	1.493735e-21	1.784493e+01	2.923167e-15
7.552323e+00	-2.089359e+01	3.567162e+07	1.277637e-21	1.822816e+01	2.500274e-15
7.561359e+00	-2.096018e+01	3.642159e+07	1.096012e-21	1.861140e+01	2.144842e-15
7.570587e+00	-2.102833e+01	3.720378e+07	9.368435e-22	1.901109e+01	1.833357e-15
7.579623e+00	-2.109520e+01	3.798596e+07	8.031533e-22	1.941078e+01	1.571732e-15
7.588851e+00	-2.116363e+01	3.880174e+07	6.860690e-22	1.982765e+01	1.342604e-15
7.597887e+00	-2.123078e+01	3.961752e+07	5.877908e-22	2.024451e+01	1.150278e-15
7.607115e+00	-2.129949e+01	4.046834e+07	5.017760e-22	2.067928e+01	9.819512e-16
7.616151e+00	-2.136691e+01	4.131915e+07	4.296240e-22	2.111404e+01	8.407532e-16
7.625379e+00	-2.143591e+01	4.220652e+07	3.665163e-22	2.156748e+01	7.172545e-16
7.634416e+00	-2.150360e+01	4.309388e+07	3.136140e-22	2.202092e+01	6.137274e-16
7.643644e+00	-2.157288e+01	4.401935e+07	2.673733e-22	2.249384e+01	5.232365e-16
7.652680e+00	-2.164086e+01	4.494483e+07	2.286355e-22	2.296676e+01	4.474286e-16
7.661908e+00	-2.171042e+01	4.591005e+07	1.947978e-22	2.345999e+01	3.812097e-16
7.670944e+00	-2.177867e+01	4.687528e+07	1.664690e-22	2.395322e+01	3.257717e-16
7.680172e+00	-2.184851e+01	4.788196e+07	1.417396e-22	2.446763e+01	2.773775e-16
7.689208e+00	-2.191704e+01	4.888865e+07	1.210498e-22	2.498205e+01	2.368886e-16
7.698436e+00	-2.198716e+01	4.993857e+07	1.030006e-22	2.551856e+01	2.015672e-16
7.707472e+00	-2.205596e+01	5.098849e+07	8.790961e-23	2.605506e+01	1.720348e-16
7.716700e+00	-2.212637e+01	5.208351e+07	7.475319e-23	2.661462e+01	1.462883e-16
7.725736e+00	-2.219545e+01	5.317853e+07	6.376022e-23	2.717417e+01	1.247757e-16
7.734964e+00	-2.226614e+01	5.432058e+07	5.418273e-23	2.775776e+01	1.060330e-16
7.744000e+00	-2.233550e+01	5.546263e+07	4.618539e-23	2.834134e+01	9.038256e-17
7.753229e+00	-2.240647e+01	5.665374e+07	3.922233e-23	2.895000e+01	7.675619e-17
7.762265e+00	-2.247610e+01	5.784484e+07	3.341186e-23	2.955865e+01	6.538539e-17
7.771493e+00	-2.254735e+01	5.908711e+07	2.835614e-23	3.019345e+01	5.549159e-17
7.780529e+00	-2.261726e+01	6.032937e+07	2.414004e-23	3.082824e+01	4.724089e-17
7.789757e+00	-2.268880e+01	6.162499e+07	2.047398e-23	3.149030e+01	4.006658e-17
7.798793e+00	-2.275898e+01	6.292061e+07	1.741874e-23	3.215236e+01	3.408762e-17
7.808021e+00	-2.283080e+01	6.427188e+07	1.476382e-23	3.284286e+01	2.889207e-17
7.817057e+00	-2.290126e+01	6.562315e+07	1.255269e-23	3.353336e+01	2.456500e-17
7.826285e+00	-2.297336e+01	6.703246e+07	1.063252e-23	3.425351e+01	2.080733e-17
7.835321e+00	-2.304410e+01	6.844177e+07	9.034372e-24	3.497367e+01	1.767983e-17
7.844549e+00	-2.311648e+01	6.991161e+07	7.647427e-24	3.572476e+01	1.496564e-17
7.853585e+00	-2.318750e+01	7.138145e+07	6.493824e-24	3.647585e+01	1.270810e-17
7.862813e+00	-2.326016e+01	7.291443e+07	5.493329e-24	3.725919e+01	1.075018e-17
7.871850e+00	-2.333146e+01	7.444740e+07	4.661701e-24	3.804254e+01	9.122722e-18
7.881078e+00	-2.340440e+01	7.604622e+07	3.940916e-24	3.885953e+01	7.712181e-18
7.890114e+00	-2.347597e+01	7.764504e+07	3.342178e-24	3.967653e+01	6.540480e-18
7.899342e+00	-2.354920e+01	7.931253e+07	2.823580e-24	4.052861e+01	5.525608e-18
7.908378e+00	-2.362104e+01	8.098001e+07	2.393074e-24	4.138070e+01	4.683129e-18
7.917606e+00	-2.369456e+01	8.271912e+07	2.020432e-24	4.226938e+01	3.953887e-18
7.926642e+00	-2.376668e+01	8.445823e+07	1.711291e-24	4.315807e+01	3.348913e-18
7.935870e+00	-2.384047e+01	8.627204e+07	1.443876e-24	4.408492e+01	2.825594e-18
7.944906e+00	-2.391287e+01	8.808585e+07	1.222174e-24	4.501177e+01	2.391734e-18
7.954134e+00	-2.398694e+01	8.997756e+07	1.030520e-24	4.597844e+01	2.016678e-18
7.963170e+00	-2.405962e+01	9.186928e+07	8.717326e-25	4.694510e+01	1.705938e-18
7.972398e+00	-2.413398e+01	9.384224e+07	7.345555e-25	4.795328e+01	1.437489e-18
7.981434e+00	-2.420693e+01	9.581521e+07	6.209762e-25	4.896147e+01	1.215220e-18
7.990663e+00	-2.428157e+01	9.787292e+07	5.229185e-25	5.001295e+01	1.023326e-18
7.999699e+00	-2.435479e+01	9.993063e+07	4.417819e-25	5.106444e+01	8.645457e-19
8.008927e+00	-2.442972e+01	1.020767e+08	3.717789e-25	5.216109e+01	7.275532e-19
8.017963e+00	-2.450322e+01	1.042228e+08	3.138934e-25	5.325774e+01	6.142741e-19
8.027191e+00	-2.457842e+01	1.064611e+08	2.639834e-25	5.440149e+01	5.166028e-19
8.036227e+00	-2.465220e+01	1.086993e+08	2.227398e-25	5.554525e+01	4.358909e-19
8.045455e+00	-2.472769e+01	1.110337e+08	1.872018e-25	5.673812e+01	3.663448e-19
8.054491e+00	-2.480175e+01	1.133682e+08	1.578537e-25	5.793100e+01	3.089119e-19
8.063719e+00	-2.487752e+01	1.158028e+08	1.325820e-25	5.917512e+01	2.594565e-19
8.072755e+00	-2.495185e+01	1.182375e+08	1.117256e-25	6.041923e+01	2.186416e-19
8.081983e+00	-2.502790e+01	1.207767e+08	9.377789e-26	6.171678e+01	1.835188e-19
8.091019e+00	-2.510251e+01	1.233160e+08	7.897549e-26	6.301433e+01	1.545512e-19
8.100247e+00	-2.517884e+01	1.259643e+08	6.624569e-26	6.436762e+01	1.296396e-19
8.109284e+00	-2.525373e+01	1.286126e+08	5.575362e-26	6.572090e+01	1.091071e-19
8.118512e+00	-2.533034e+01	1.313747e+08	4.673649e-26	6.713231e+01	9.146105e-20
8.127548e+00	-2.540550e+01	1.341367e+08	3.930929e-26	6.854372e+01	7.692636e-20
8.136776e+00	-2.548240e+01	1.370174e+08	3.293032e-26	7.001575e+01	6.444303e-20
8.145812e+00	-2.555784e+01	1.398981e+08	2.767952e-26	7.148778e+01	5.416747e-20
8.155040e+00	-2.563502e+01	1.429025e+08	2.317272e-26	7.302304e+01	4.534789e-20
8.164076e+00	-2.571074e+01	1.459069e+08	1.946539e-26	7.455829e+01	3.809283e-20
8.173304e+00	-2.578820e+01	1.490404e+08	1.628544e-26	7.615949e+01	3.186981e-20
8.182340e+00	-2.586419e+01	1.521739e+08	1.367128e-26	7.776069e+01	2.675403e-20
8.191568e+00	-2.594194e+01	1.554419e+08	1.143044e-26	7.943066e+01	2.236882e-20
8.200604e+00	-2.601820e+01	1.587100e+08	9.589511e-27	8.110064e+01	1.876621e-20
8.209832e+00	-2.609623e+01	1.621184e+08	8.012501e-27	8.284234e+01	1.568007e-20
8.218868e+00	-2.617277e+01	1.655268e+08	6.717769e-27	8.458404e+01	1.314635e-20
8.228097e+00	-2.625109e+01	1.690817e+08	5.609374e-27	8.640055e+01	1.097727e-20
8.237133e+00	-2.632791e+01	1.726365e+08	4.699968e-27	8.821706e+01	9.197609e-21
8.246361e+00	-2.640650e+01	1.763440e+08	3.921949e-27	9.011159e+01	7.675064e-21
8.255397e+00	-2.648359e+01	1.800515e+08	3.284022e-27	9.200612e+01	6.426672e-21
8.264625e+00	-2.656247e+01	1.839182e+08	2.738614e-27	9.398202e+01	5.359335e-21
8.273661e+00	-2.663984e+01	1.877850e+08	2.291704e-27	9.595793e+01	4.484754e-21
8.282889e+00	-2.671900e+01	1.918178e+08	1.909858e-27	9.801870e+01	3.737499e-21
8.291925e+00	-2.679665e+01	1.958507e+08	1.597174e-27	1.000795e+02	3.125593e-21
8.301153e+00	-2.687609e+01	2.000567e+08	1.330187e-27	1.022288e+02	2.603110e-21
8.310189e+00	-2.695401e+01	2.042628e+08	1.111700e-27	1.043780e+02	2.175542e-21
8.319417e+00	-2.703373e+01	2.086495e+08	9.252633e-28	1.066196e+02	1.810695e-21
8.328453e+00	-2.711194e+01	2.130362e+08	7.727941e-28	1.088613e+02	1.512320e-21
8.337681e+00	-2.719194e+01	2.176113e+08	6.427757e-28	1.111991e+02	1.257881e-21
8.346717e+00	-2.727042e+01	2.221864e+08	5.365145e-28	1.135370e+02	1.049933e-21
8.355946e+00	-2.735071e+01	2.269580e+08	4.459589e-28	1.159753e+02	8.727198e-22
8.364982e+00	-2.742946e+01	2.317297e+08	3.719979e-28	1.184136e+02	7.279817e-22
8.374210e+00	-2.751003e+01	2.367063e+08	3.090093e-28	1.209566e+02	6.047161e-22
8.383246e+00	-2.758906e+01	2.416828e+08	2.575970e-28	1.234997e+02	5.041047e-22
8.392474e+00	-2.766991e+01	2.468732e+08	2.138403e-28	1.261519e+02	4.184750e-22
8.401510e+00	-2.774922e+01	2.520635e+08	1.781486e-28	1.288042e+02	3.486281e-22
8.410738e+00	-2.783035e+01	2.574768e+08	1.477913e-28	1.315703e+02	2.892203e-22
8.419774e+00	-2.790993e+01	2.628900e+08	1.230453e-28	1.343365e+02	2.407938e-22
8.429002e+00	-2.799135e+01	2.685358e+08	1.020116e-28	1.372215e+02	1.996317e-22
8.438038e+00	-2.807121e+01	2.741816e+08	8.487687e-29	1.401065e+02	1.660999e-22
8.447266e+00	-2.815291e+01	2.800698e+08	7.032201e-29	1.431154e+02	1.376167e-22
8.456302e+00	-2.823305e+01	2.859581e+08	5.847293e-29	1.461243e+02	1.144287e-22
8.465530e+00	-2.831503e+01	2.920993e+08	4.841439e-29	1.492624e+02	9.474460e-23
8.474567e+00	-2.839544e+01	2.982405e+08	4.023107e-29	1.524006e+02	7.873026e-23
8.483795e+00	-2.847770e+01	3.046454e+08	3.328886e-29	1.556735e+02	6.514468e-23
8.492831e+00	-2.855839e+01	3.110504e+08	2.764456e-29	1.589464e+02	5.409906e-23
8.502059e+00	-2.864094e+01	3.177304e+08	2.285940e-29	1.623599e+02	4.473472e-23
8.511095e+00	-2.872190e+01	3.244105e+08	1.897139e-29	1.657734e+02	3.712608e-23
8.520323e+00	-2.880473e+01	3.313774e+08	1.567732e-29	1.693335e+02	3.067975e-23
8.529359e+00	-2.888597e+01	3.383444e+08	1.300259e-29	1.728936e+02	2.544543e-23
8.538587e+00	-2.896908e+01	3.456106e+08	1.073792e-29	1.766067e+02	2.101359e-23
8.547623e+00	-2.905060e+01	3.528769e+08	8.900241e-30	1.803197e+02	1.741734e-23
8.556851e+00	-2.913399e+01	3.604552e+08	7.345306e-30	1.841922e+02	1.437441e-23
8.565887e+00	-2.921578e+01	3.680335e+08	6.084362e-30	1.880647e+02	1.190680e-23
8.575115e+00	-2.929946e+01	3.759373e+08	5.018119e-30	1.921035e+02	9.820214e-24
8.584151e+00	-2.938153e+01	3.838411e+08	4.154030e-30	1.961424e+02	8.129234e-24
8.593380e+00	-2.946549e+01	3.920844e+08	3.423838e-30	2.003547e+02	6.700284e-24
8.602416e+00	-2.954783e+01	4.003277e+08	2.832471e-30	2.045670e+02	5.543008e-24
8.611644e+00	-2.963207e+01	4.089250e+08	2.333065e-30	2.089603e+02	4.565694e-24
8.620680e+00	-2.971470e+01	4.175224e+08	1.928869e-30	2.133535e+02	3.774702e-24
8.629908e+00	-2.979922e+01	4.264890e+08	1.587748e-30	2.179354e+02	3.107146e-24
8.638944e+00	-2.988212e+01	4.354557e+08	1.311841e-30	2.225174e+02	2.567209e-24
8.648172e+00	-2.996692e+01	4.448074e+08	1.079140e-30	2.272961e+02	2.111825e-24
8.657208e+00	-3.005010e+01	4.541592e+08	8.910476e-31	2.320748e+02	1.743737e-24
8.666436e+00	-3.013518e+01	4.639126e+08	7.325131e-31	2.370588e+02	1.433492e-24
8.675472e+00	-3.021864e+01	4.736660e+08	6.044523e-31	2.420428e+02	1.182884e-24
8.684700e+00	-3.030401e+01	4.838384e+08	4.965857e-31	2.472409e+02	9.717940e-25
8.693736e+00	-3.038774e+01	4.940107e+08	4.095099e-31	2.524389e+02	8.013909e-25
8.702964e+00	-3.047339e+01	5.046200e+08	3.362128e-31	2.578603e+02	6.579521e-25
8.712001e+00	-3.055739e+01	5.152293e+08	2.770818e-31	2.632816e+02	5.422357e-25
8.721229e+00	-3.064332e+01	5.262942e+08	2.273399e-31	2.689358e+02	4.448931e-25
8.730265e+00	-3.072761e+01	5.373592e+08	1.872376e-31	2.745900e+02	3.664149e-25
8.739493e+00	-3.081382e+01	5.488994e+08	1.535247e-31	2.804870e+02	3.004404e-25
8.748529e+00	-3.089838e+01	5.604396e+08	1.263628e-31	2.863840e+02	2.472859e-25
8.757757e+00	-3.098488e+01	5.724755e+08	1.035434e-31	2.925344e+02	2.026294e-25
8.766793e+00	-3.106971e+01	5.845114e+08	8.517005e-32	2.986847e+02	1.666736e-25
8.776021e+00	-3.115649e+01	5.970643e+08	6.974413e-32	3.050992e+02	1.364859e-25
8.785057e+00	-3.124160e+01	6.096171e+08	5.733183e-32	3.115137e+02	1.121956e-25
8.794285e+00	-3.132867e+01	6.227091e+08	4.691743e-32	3.182037e+02	9.181513e-26
