########################################################################
#_src is in the AGN rest frame:cosmo                 
#nu_src  nuFnu_somma_src  nuFnu_Sync_src nuFnu_SSC_src nu_Fnu_Disk_src  nu_Fnu_DT_src nu_Fnu_Star_src nu_Fnu_EC_Disk_src nu_Fnu_EC_BLR_src nu_Fnu_EC_DT_src nu_Fnu_EC_Star_src nu_Fnu_EC_CMB_src  
########################################################################
6.0144e+00	 -6.5596e+01	 -6.5596e+01	 -6.5596e+01	 -6.5596e+01	 -6.5596e+01	 -6.5596e+01	 -6.5596e+01	 -6.5596e+01	 -6.5596e+01	 -6.5596e+01	 -6.5596e+01	 -6.5596e+01
6.1344e+00	 -6.5596e+01	 -6.5596e+01	 -6.5596e+01	 -6.5596e+01	 -6.5596e+01	 -6.5596e+01	 -6.5596e+01	 -6.5596e+01	 -6.5596e+01	 -6.5596e+01	 -6.5596e+01	 -6.5596e+01
6.2544e+00	 -6.5596e+01	 -6.5596e+01	 -6.5596e+01	 -6.5596e+01	 -6.5596e+01	 -6.5596e+01	 -6.5596e+01	 -6.5596e+01	 -6.5596e+01	 -6.5596e+01	 -6.5596e+01	 -6.5596e+01
6.3744e+00	 -6.5596e+01	 -6.5596e+01	 -6.5596e+01	 -6.5596e+01	 -6.5596e+01	 -6.5596e+01	 -6.5596e+01	 -6.5596e+01	 -6.5596e+01	 -6.5596e+01	 -6.5596e+01	 -6.5596e+01
6.4944e+00	 -6.5596e+01	 -6.5596e+01	 -6.5596e+01	 -6.5596e+01	 -6.5596e+01	 -6.5596e+01	 -6.5596e+01	 -6.5596e+01	 -6.5596e+01	 -6.5596e+01	 -6.5596e+01	 -6.5596e+01
6.6144e+00	 -6.5596e+01	 -6.5596e+01	 -6.5596e+01	 -6.5596e+01	 -6.5596e+01	 -6.5596e+01	 -6.5596e+01	 -6.5596e+01	 -6.5596e+01	 -6.5596e+01	 -6.5596e+01	 -6.5596e+01
6.7344e+00	 -6.5596e+01	 -6.5596e+01	 -6.5596e+01	 -6.5596e+01	 -6.5596e+01	 -6.5596e+01	 -6.5596e+01	 -6.5596e+01	 -6.5596e+01	 -6.5596e+01	 -6.5596e+01	 -6.5596e+01
6.8544e+00	 -6.5596e+01	 -6.5596e+01	 -6.5596e+01	 -6.5596e+01	 -6.5596e+01	 -6.5596e+01	 -6.5596e+01	 -6.5596e+01	 -6.5596e+01	 -6.5596e+01	 -6.5596e+01	 -6.5596e+01
6.9744e+00	 -6.5596e+01	 -6.5596e+01	 -6.5596e+01	 -6.5596e+01	 -6.5596e+01	 -6.5596e+01	 -6.5596e+01	 -6.5596e+01	 -6.5596e+01	 -6.5596e+01	 -6.5596e+01	 -6.5596e+01
7.0944e+00	 -6.5596e+01	 -6.5596e+01	 -6.5596e+01	 -6.5596e+01	 -6.5596e+01	 -6.5596e+01	 -6.5596e+01	 -6.5596e+01	 -6.5596e+01	 -6.5596e+01	 -6.5596e+01	 -6.5596e+01
7.2144e+00	 -6.5596e+01	 -6.5596e+01	 -6.5596e+01	 -6.5596e+01	 -6.5596e+01	 -6.5596e+01	 -6.5596e+01	 -6.5596e+01	 -6.5596e+01	 -6.5596e+01	 -6.5596e+01	 -6.5596e+01
7.3344e+00	 -6.5596e+01	 -6.5596e+01	 -6.5596e+01	 -6.5596e+01	 -6.5596e+01	 -6.5596e+01	 -6.5596e+01	 -6.5596e+01	 -6.5596e+01	 -6.5596e+01	 -6.5596e+01	 -6.5596e+01
7.4544e+00	 3.2376e+01	 3.2376e+01	 -6.5596e+01	 -6.5596e+01	 -6.5596e+01	 -6.5596e+01	 -6.5596e+01	 -6.5596e+01	 -6.5596e+01	 -6.5596e+01	 -6.5596e+01	 -6.5596e+01
7.5744e+00	 3.2736e+01	 3.2736e+01	 -6.5596e+01	 -6.5596e+01	 -6.5596e+01	 -6.5596e+01	 -6.5596e+01	 -6.5596e+01	 -6.5596e+01	 -6.5596e+01	 -6.5596e+01	 -6.5596e+01
7.6944e+00	 3.3096e+01	 3.3096e+01	 -6.5596e+01	 -6.5596e+01	 -6.5596e+01	 -6.5596e+01	 -6.5596e+01	 -6.5596e+01	 -6.5596e+01	 -6.5596e+01	 -6.5596e+01	 -6.5596e+01
7.8144e+00	 3.3456e+01	 3.3456e+01	 -6.5596e+01	 -6.5596e+01	 -6.5596e+01	 -6.5596e+01	 -6.5596e+01	 -6.5596e+01	 -6.5596e+01	 -6.5596e+01	 -6.5596e+01	 -6.5596e+01
7.9344e+00	 3.3816e+01	 3.3816e+01	 -6.5596e+01	 -6.5596e+01	 -6.5596e+01	 -6.5596e+01	 -6.5596e+01	 -6.5596e+01	 -6.5596e+01	 -6.5596e+01	 -6.5596e+01	 -6.5596e+01
8.0544e+00	 3.4176e+01	 3.4176e+01	 -6.5596e+01	 -6.5596e+01	 -6.5596e+01	 -6.5596e+01	 -6.5596e+01	 -6.5596e+01	 -6.5596e+01	 -6.5596e+01	 -6.5596e+01	 -6.5596e+01
8.1744e+00	 3.4536e+01	 3.4536e+01	 -6.5596e+01	 -6.5596e+01	 -6.5596e+01	 -6.5596e+01	 -6.5596e+01	 -6.5596e+01	 -6.5596e+01	 -6.5596e+01	 -6.5596e+01	 -6.5596e+01
8.2944e+00	 3.4896e+01	 3.4896e+01	 -6.5596e+01	 -6.5596e+01	 -6.5596e+01	 -6.5596e+01	 -6.5596e+01	 -6.5596e+01	 -6.5596e+01	 -6.5596e+01	 -6.5596e+01	 -6.5596e+01
8.4144e+00	 3.5256e+01	 3.5256e+01	 -6.5596e+01	 -6.5596e+01	 -6.5596e+01	 -6.5596e+01	 -6.5596e+01	 -6.5596e+01	 -6.5596e+01	 -6.5596e+01	 -6.5596e+01	 -6.5596e+01
8.5344e+00	 3.5616e+01	 3.5616e+01	 -6.5596e+01	 -6.5596e+01	 -6.5596e+01	 -6.5596e+01	 -6.5596e+01	 -6.5596e+01	 -6.5596e+01	 -6.5596e+01	 -6.5596e+01	 -6.5596e+01
8.6544e+00	 3.5976e+01	 3.5976e+01	 -6.5596e+01	 -6.5596e+01	 -6.5596e+01	 -6.5596e+01	 -6.5596e+01	 -6.5596e+01	 -6.5596e+01	 -6.5596e+01	 -6.5596e+01	 -6.5596e+01
8.7744e+00	 3.6336e+01	 3.6336e+01	 -6.5596e+01	 -6.5596e+01	 -6.5596e+01	 -6.5596e+01	 -6.5596e+01	 -6.5596e+01	 -6.5596e+01	 -6.5596e+01	 -6.5596e+01	 -6.5596e+01
8.8944e+00	 3.6696e+01	 3.6696e+01	 -6.5596e+01	 -6.5596e+01	 -6.5596e+01	 -6.5596e+01	 -6.5596e+01	 -6.5596e+01	 -6.5596e+01	 -6.5596e+01	 -6.5596e+01	 -6.5596e+01
9.0144e+00	 3.7056e+01	 3.7056e+01	 -6.5596e+01	 -6.5596e+01	 -6.5596e+01	 -6.5596e+01	 -6.5596e+01	 -6.5596e+01	 -6.5596e+01	 -6.5596e+01	 -6.5596e+01	 -6.5596e+01
9.1344e+00	 3.7416e+01	 3.7416e+01	 -6.5596e+01	 -6.5596e+01	 -6.5596e+01	 -6.5596e+01	 -6.5596e+01	 -6.5596e+01	 -6.5596e+01	 -6.5596e+01	 -6.5596e+01	 -6.5596e+01
9.2544e+00	 3.7776e+01	 3.7776e+01	 -6.5596e+01	 -6.5596e+01	 -6.5596e+01	 -6.5596e+01	 -6.5596e+01	 -6.5596e+01	 -6.5596e+01	 -6.5596e+01	 -6.5596e+01	 -6.5596e+01
9.3744e+00	 3.8134e+01	 3.8134e+01	 -6.5596e+01	 -6.5596e+01	 -6.5596e+01	 -6.5596e+01	 -6.5596e+01	 -6.5596e+01	 -6.5596e+01	 -6.5596e+01	 -6.5596e+01	 -6.5596e+01
9.4944e+00	 3.8492e+01	 3.8492e+01	 -6.5596e+01	 -6.5596e+01	 -6.5596e+01	 -6.5596e+01	 -6.5596e+01	 -6.5596e+01	 -6.5596e+01	 -6.5596e+01	 -6.5596e+01	 -6.5596e+01
9.6144e+00	 3.8843e+01	 3.8843e+01	 -6.5596e+01	 -6.5596e+01	 -6.5596e+01	 -6.5596e+01	 -6.5596e+01	 -6.5596e+01	 -6.5596e+01	 -6.5596e+01	 -6.5596e+01	 -6.5596e+01
9.7344e+00	 3.9182e+01	 3.9182e+01	 -6.5596e+01	 -6.5596e+01	 -6.5596e+01	 -6.5596e+01	 -6.5596e+01	 -6.5596e+01	 -6.5596e+01	 -6.5596e+01	 -6.5596e+01	 -6.5596e+01
9.8544e+00	 3.9499e+01	 3.9499e+01	 -6.5596e+01	 -6.5596e+01	 -6.5596e+01	 -6.5596e+01	 -6.5596e+01	 -6.5596e+01	 -6.5596e+01	 -6.5596e+01	 -6.5596e+01	 -6.5596e+01
9.9744e+00	 3.9786e+01	 3.9786e+01	 -6.5596e+01	 -6.5596e+01	 -6.5596e+01	 -6.5596e+01	 -6.5596e+01	 -6.5596e+01	 -6.5596e+01	 -6.5596e+01	 -6.5596e+01	 -6.5596e+01
1.0094e+01	 4.0042e+01	 4.0042e+01	 -6.5596e+01	 -6.5596e+01	 -6.5596e+01	 -6.5596e+01	 -6.5596e+01	 -6.5596e+01	 -6.5596e+01	 -6.5596e+01	 -6.5596e+01	 -6.5596e+01
1.0214e+01	 4.0268e+01	 4.0268e+01	 -6.5596e+01	 -6.5596e+01	 -6.5596e+01	 -6.5596e+01	 -6.5596e+01	 -6.5596e+01	 -6.5596e+01	 -6.5596e+01	 -6.5596e+01	 -6.5596e+01
1.0334e+01	 4.0470e+01	 4.0470e+01	 -6.5596e+01	 -6.5596e+01	 -6.5596e+01	 -6.5596e+01	 -6.5596e+01	 -6.5596e+01	 -6.5596e+01	 -6.5596e+01	 -6.5596e+01	 -6.5596e+01
1.0454e+01	 4.0655e+01	 4.0655e+01	 -6.5596e+01	 -6.5596e+01	 -6.5596e+01	 -6.5596e+01	 -6.5596e+01	 -6.5596e+01	 -6.5596e+01	 -6.5596e+01	 -6.5596e+01	 -6.5596e+01
1.0574e+01	 4.0829e+01	 4.0829e+01	 -6.5596e+01	 -6.5596e+01	 -6.5596e+01	 -6.5596e+01	 -6.5596e+01	 -6.5596e+01	 -6.5596e+01	 -6.5596e+01	 -6.5596e+01	 -6.5596e+01
1.0694e+01	 4.0996e+01	 4.0996e+01	 -6.5596e+01	 -6.5596e+01	 -6.5596e+01	 -6.5596e+01	 -6.5596e+01	 -6.5596e+01	 -6.5596e+01	 -6.5596e+01	 -6.5596e+01	 -6.5596e+01
1.0814e+01	 4.1157e+01	 4.1157e+01	 -6.5596e+01	 -6.5596e+01	 -6.5596e+01	 -6.5596e+01	 -6.5596e+01	 -6.5596e+01	 -6.5596e+01	 -6.5596e+01	 -6.5596e+01	 -6.5596e+01
1.0934e+01	 4.1314e+01	 4.1314e+01	 -6.5596e+01	 -6.5596e+01	 -6.5596e+01	 -6.5596e+01	 -6.5596e+01	 -6.5596e+01	 -6.5596e+01	 -6.5596e+01	 -6.5596e+01	 -6.5596e+01
1.1054e+01	 4.1467e+01	 4.1467e+01	 -6.5596e+01	 -6.5596e+01	 -6.5596e+01	 -6.5596e+01	 -6.5596e+01	 -6.5596e+01	 -6.5596e+01	 -6.5596e+01	 -6.5596e+01	 -6.5596e+01
1.1174e+01	 4.1616e+01	 4.1616e+01	 -6.5596e+01	 -6.5596e+01	 -6.5596e+01	 -6.5596e+01	 -6.5596e+01	 -6.5596e+01	 -6.5596e+01	 -6.5596e+01	 -6.5596e+01	 -6.5596e+01
1.1294e+01	 4.1762e+01	 4.1762e+01	 -6.5596e+01	 -6.5596e+01	 -6.5596e+01	 -6.5596e+01	 -6.5596e+01	 -6.5596e+01	 -6.5596e+01	 -6.5596e+01	 -6.5596e+01	 -6.5596e+01
1.1414e+01	 4.1905e+01	 4.1905e+01	 -6.5596e+01	 -6.5596e+01	 -6.5596e+01	 -6.5596e+01	 -6.5596e+01	 -6.5596e+01	 -6.5596e+01	 -6.5596e+01	 -6.5596e+01	 -6.5596e+01
1.1534e+01	 4.2042e+01	 4.2042e+01	 -6.5596e+01	 -6.5596e+01	 -6.5596e+01	 -6.5596e+01	 -6.5596e+01	 -6.5596e+01	 -6.5596e+01	 -6.5596e+01	 -6.5596e+01	 -6.5596e+01
1.1654e+01	 4.2175e+01	 4.2175e+01	 -6.5596e+01	 -6.5596e+01	 -6.5596e+01	 -6.5596e+01	 -6.5596e+01	 -6.5596e+01	 -6.5596e+01	 -6.5596e+01	 -6.5596e+01	 -6.5596e+01
1.1774e+01	 4.2302e+01	 4.2302e+01	 -6.5596e+01	 -6.5596e+01	 -6.5596e+01	 -6.5596e+01	 -6.5596e+01	 -6.5596e+01	 -6.5596e+01	 -6.5596e+01	 -6.5596e+01	 -6.5596e+01
1.1894e+01	 4.2422e+01	 4.2422e+01	 -6.5596e+01	 -6.5596e+01	 -6.5596e+01	 -6.5596e+01	 -6.5596e+01	 -6.5596e+01	 -6.5596e+01	 -6.5596e+01	 -6.5596e+01	 -6.5596e+01
1.2014e+01	 4.2532e+01	 4.2532e+01	 -6.5596e+01	 -6.5596e+01	 -6.5596e+01	 -6.5596e+01	 -6.5596e+01	 -6.5596e+01	 -6.5596e+01	 -6.5596e+01	 -6.5596e+01	 -6.5596e+01
1.2134e+01	 4.2632e+01	 4.2632e+01	 -6.5596e+01	 -6.5596e+01	 -6.5596e+01	 -6.5596e+01	 -6.5596e+01	 -6.5596e+01	 -6.5596e+01	 -6.5596e+01	 -6.5596e+01	 -6.5596e+01
1.2254e+01	 4.2721e+01	 4.2721e+01	 -6.5596e+01	 -6.5596e+01	 -6.5596e+01	 -6.5596e+01	 -6.5596e+01	 -6.5596e+01	 -6.5596e+01	 -6.5596e+01	 -6.5596e+01	 -6.5596e+01
1.2374e+01	 4.2798e+01	 4.2798e+01	 -6.5596e+01	 -6.5596e+01	 -6.5596e+01	 -6.5596e+01	 -6.5596e+01	 -6.5596e+01	 -6.5596e+01	 -6.5596e+01	 -6.5596e+01	 -6.5596e+01
1.2494e+01	 4.2865e+01	 4.2865e+01	 -6.5596e+01	 -6.5596e+01	 -6.5596e+01	 -6.5596e+01	 -6.5596e+01	 -6.5596e+01	 -6.5596e+01	 -6.5596e+01	 -6.5596e+01	 -6.5596e+01
1.2614e+01	 4.2923e+01	 4.2923e+01	 -6.5596e+01	 -6.5596e+01	 -6.5596e+01	 -6.5596e+01	 -6.5596e+01	 -6.5596e+01	 -6.5596e+01	 -6.5596e+01	 -6.5596e+01	 -6.5596e+01
1.2734e+01	 4.2974e+01	 4.2974e+01	 -6.5596e+01	 -6.5596e+01	 -6.5596e+01	 -6.5596e+01	 -6.5596e+01	 -6.5596e+01	 -6.5596e+01	 -6.5596e+01	 -6.5596e+01	 -6.5596e+01
1.2854e+01	 4.3021e+01	 4.3021e+01	 -6.5596e+01	 -6.5596e+01	 -6.5596e+01	 -6.5596e+01	 -6.5596e+01	 -6.5596e+01	 -6.5596e+01	 -6.5596e+01	 -6.5596e+01	 -6.5596e+01
1.2974e+01	 4.3067e+01	 4.3067e+01	 -6.5596e+01	 -6.5596e+01	 -6.5596e+01	 -6.5596e+01	 -6.5596e+01	 -6.5596e+01	 -6.5596e+01	 -6.5596e+01	 -6.5596e+01	 -6.5596e+01
1.3094e+01	 4.3112e+01	 4.3112e+01	 -6.5596e+01	 -6.5596e+01	 -6.5596e+01	 -6.5596e+01	 -6.5596e+01	 -6.5596e+01	 -6.5596e+01	 -6.5596e+01	 -6.5596e+01	 -6.5596e+01
1.3214e+01	 4.3156e+01	 4.3156e+01	 -6.5596e+01	 -6.5596e+01	 -6.5596e+01	 -6.5596e+01	 -6.5596e+01	 -6.5596e+01	 -6.5596e+01	 -6.5596e+01	 -6.5596e+01	 -6.5596e+01
1.3334e+01	 4.3201e+01	 4.3201e+01	 -6.5596e+01	 -6.5596e+01	 -6.5596e+01	 -6.5596e+01	 -6.5596e+01	 -6.5596e+01	 -6.5596e+01	 -6.5596e+01	 -6.5596e+01	 -6.5596e+01
1.3454e+01	 4.3246e+01	 4.3246e+01	 -6.5596e+01	 -6.5596e+01	 -6.5596e+01	 -6.5596e+01	 -6.5596e+01	 -6.5596e+01	 -6.5596e+01	 -6.5596e+01	 -6.5596e+01	 -6.5596e+01
1.3574e+01	 4.3290e+01	 4.3290e+01	 -6.5596e+01	 -6.5596e+01	 -6.5596e+01	 -6.5596e+01	 -6.5596e+01	 -6.5596e+01	 -6.5596e+01	 -6.5596e+01	 -6.5596e+01	 -6.5596e+01
1.3694e+01	 4.3335e+01	 4.3335e+01	 -6.5596e+01	 -6.5596e+01	 -6.5596e+01	 -6.5596e+01	 -6.5596e+01	 -6.5596e+01	 -6.5596e+01	 -6.5596e+01	 -6.5596e+01	 -6.5596e+01
1.3814e+01	 4.3379e+01	 4.3379e+01	 -6.5596e+01	 -6.5596e+01	 -6.5596e+01	 -6.5596e+01	 -6.5596e+01	 -6.5596e+01	 -6.5596e+01	 -6.5596e+01	 -6.5596e+01	 -6.5596e+01
1.3934e+01	 4.3423e+01	 4.3423e+01	 -6.5596e+01	 -6.5596e+01	 -6.5596e+01	 -6.5596e+01	 -6.5596e+01	 -6.5596e+01	 -6.5596e+01	 -6.5596e+01	 -6.5596e+01	 -6.5596e+01
1.4054e+01	 4.3466e+01	 4.3466e+01	 -6.5596e+01	 -6.5596e+01	 -6.5596e+01	 -6.5596e+01	 -6.5596e+01	 -6.5596e+01	 -6.5596e+01	 -6.5596e+01	 -6.5596e+01	 -6.5596e+01
1.4174e+01	 4.3510e+01	 4.3510e+01	 -6.5596e+01	 -6.5596e+01	 -6.5596e+01	 -6.5596e+01	 -6.5596e+01	 -6.5596e+01	 -6.5596e+01	 -6.5596e+01	 -6.5596e+01	 -6.5596e+01
1.4294e+01	 4.3553e+01	 4.3553e+01	 -6.5596e+01	 -6.5596e+01	 -6.5596e+01	 -6.5596e+01	 -6.5596e+01	 -6.5596e+01	 -6.5596e+01	 -6.5596e+01	 -6.5596e+01	 -6.5596e+01
1.4414e+01	 4.3595e+01	 4.3595e+01	 -6.5596e+01	 -6.5596e+01	 -6.5596e+01	 -6.5596e+01	 -6.5596e+01	 -6.5596e+01	 -6.5596e+01	 -6.5596e+01	 -6.5596e+01	 -6.5596e+01
1.4534e+01	 4.3637e+01	 4.3637e+01	 -6.5596e+01	 -6.5596e+01	 -6.5596e+01	 -6.5596e+01	 -6.5596e+01	 -6.5596e+01	 -6.5596e+01	 -6.5596e+01	 -6.5596e+01	 -6.5596e+01
1.4654e+01	 4.3677e+01	 4.3677e+01	 -6.5596e+01	 -6.5596e+01	 -6.5596e+01	 -6.5596e+01	 -6.5596e+01	 -6.5596e+01	 -6.5596e+01	 -6.5596e+01	 -6.5596e+01	 -6.5596e+01
1.4774e+01	 4.3717e+01	 4.3717e+01	 -6.5596e+01	 -6.5596e+01	 -6.5596e+01	 -6.5596e+01	 -6.5596e+01	 -6.5596e+01	 -6.5596e+01	 -6.5596e+01	 -6.5596e+01	 -6.5596e+01
1.4894e+01	 4.3756e+01	 4.3756e+01	 -6.5596e+01	 -6.5596e+01	 -6.5596e+01	 -6.5596e+01	 -6.5596e+01	 -6.5596e+01	 -6.5596e+01	 -6.5596e+01	 -6.5596e+01	 -6.5596e+01
1.5014e+01	 4.3793e+01	 4.3793e+01	 -6.5596e+01	 -6.5596e+01	 -6.5596e+01	 -6.5596e+01	 -6.5596e+01	 -6.5596e+01	 -6.5596e+01	 -6.5596e+01	 -6.5596e+01	 -6.5596e+01
1.5134e+01	 4.3828e+01	 4.3828e+01	 -6.5596e+01	 -6.5596e+01	 -6.5596e+01	 -6.5596e+01	 -6.5596e+01	 -6.5596e+01	 -6.5596e+01	 -6.5596e+01	 -6.5596e+01	 -6.5596e+01
1.5254e+01	 4.3862e+01	 4.3862e+01	 -6.5596e+01	 -6.5596e+01	 -6.5596e+01	 -6.5596e+01	 -6.5596e+01	 -6.5596e+01	 -6.5596e+01	 -6.5596e+01	 -6.5596e+01	 -6.5596e+01
1.5374e+01	 4.3894e+01	 4.3894e+01	 -6.5596e+01	 -6.5596e+01	 -6.5596e+01	 -6.5596e+01	 -6.5596e+01	 -6.5596e+01	 -6.5596e+01	 -6.5596e+01	 -6.5596e+01	 -6.5596e+01
1.5494e+01	 4.3924e+01	 4.3924e+01	 -6.5596e+01	 -6.5596e+01	 -6.5596e+01	 -6.5596e+01	 -6.5596e+01	 -6.5596e+01	 -6.5596e+01	 -6.5596e+01	 -6.5596e+01	 -6.5596e+01
1.5614e+01	 4.3951e+01	 4.3951e+01	 -6.5596e+01	 -6.5596e+01	 -6.5596e+01	 -6.5596e+01	 -6.5596e+01	 -6.5596e+01	 -6.5596e+01	 -6.5596e+01	 -6.5596e+01	 -6.5596e+01
1.5734e+01	 4.3976e+01	 4.3976e+01	 -6.5596e+01	 -6.5596e+01	 -6.5596e+01	 -6.5596e+01	 -6.5596e+01	 -6.5596e+01	 -6.5596e+01	 -6.5596e+01	 -6.5596e+01	 -6.5596e+01
1.5854e+01	 4.4000e+01	 4.4000e+01	 -6.5596e+01	 -6.5596e+01	 -6.5596e+01	 -6.5596e+01	 -6.5596e+01	 -6.5596e+01	 -6.5596e+01	 -6.5596e+01	 -6.5596e+01	 -6.5596e+01
1.5974e+01	 4.4021e+01	 4.4021e+01	 -6.5596e+01	 -6.5596e+01	 -6.5596e+01	 -6.5596e+01	 -6.5596e+01	 -6.5596e+01	 -6.5596e+01	 -6.5596e+01	 -6.5596e+01	 -6.5596e+01
1.6094e+01	 4.4039e+01	 4.4039e+01	 -6.5596e+01	 -6.5596e+01	 -6.5596e+01	 -6.5596e+01	 -6.5596e+01	 -6.5596e+01	 -6.5596e+01	 -6.5596e+01	 -6.5596e+01	 -6.5596e+01
1.6214e+01	 4.4056e+01	 4.4056e+01	 -6.5596e+01	 -6.5596e+01	 -6.5596e+01	 -6.5596e+01	 -6.5596e+01	 -6.5596e+01	 -6.5596e+01	 -6.5596e+01	 -6.5596e+01	 -6.5596e+01
1.6334e+01	 4.4070e+01	 4.4070e+01	 -6.5596e+01	 -6.5596e+01	 -6.5596e+01	 -6.5596e+01	 -6.5596e+01	 -6.5596e+01	 -6.5596e+01	 -6.5596e+01	 -6.5596e+01	 -6.5596e+01
1.6454e+01	 4.4082e+01	 4.4082e+01	 -6.5596e+01	 -6.5596e+01	 -6.5596e+01	 -6.5596e+01	 -6.5596e+01	 -6.5596e+01	 -6.5596e+01	 -6.5596e+01	 -6.5596e+01	 -6.5596e+01
1.6574e+01	 4.4092e+01	 4.4092e+01	 -6.5596e+01	 -6.5596e+01	 -6.5596e+01	 -6.5596e+01	 -6.5596e+01	 -6.5596e+01	 -6.5596e+01	 -6.5596e+01	 -6.5596e+01	 -6.5596e+01
1.6694e+01	 4.4100e+01	 4.4100e+01	 -6.5596e+01	 -6.5596e+01	 -6.5596e+01	 -6.5596e+01	 -6.5596e+01	 -6.5596e+01	 -6.5596e+01	 -6.5596e+01	 -6.5596e+01	 -6.5596e+01
1.6814e+01	 4.4105e+01	 4.4105e+01	 -6.5596e+01	 -6.5596e+01	 -6.5596e+01	 -6.5596e+01	 -6.5596e+01	 -6.5596e+01	 -6.5596e+01	 -6.5596e+01	 -6.5596e+01	 -6.5596e+01
1.6934e+01	 4.4109e+01	 4.4109e+01	 -6.5596e+01	 -6.5596e+01	 -6.5596e+01	 -6.5596e+01	 -6.5596e+01	 -6.5596e+01	 -6.5596e+01	 -6.5596e+01	 -6.5596e+01	 -6.5596e+01
1.7054e+01	 4.4109e+01	 4.4109e+01	 -6.5596e+01	 -6.5596e+01	 -6.5596e+01	 -6.5596e+01	 -6.5596e+01	 -6.5596e+01	 -6.5596e+01	 -6.5596e+01	 -6.5596e+01	 -6.5596e+01
1.7174e+01	 4.4108e+01	 4.4108e+01	 4.0438e+01	 -6.5596e+01	 -6.5596e+01	 -6.5596e+01	 -6.5596e+01	 -6.5596e+01	 -6.5596e+01	 -6.5596e+01	 -6.5596e+01	 -6.5596e+01
1.7294e+01	 4.4104e+01	 4.4104e+01	 4.0541e+01	 -6.5596e+01	 -6.5596e+01	 -6.5596e+01	 -6.5596e+01	 -6.5596e+01	 -6.5596e+01	 -6.5596e+01	 -6.5596e+01	 -6.5596e+01
1.7414e+01	 4.4098e+01	 4.4098e+01	 4.0653e+01	 -6.5596e+01	 -6.5596e+01	 -6.5596e+01	 -6.5596e+01	 -6.5596e+01	 -6.5596e+01	 -6.5596e+01	 -6.5596e+01	 -6.5596e+01
1.7534e+01	 4.4090e+01	 4.4090e+01	 4.0772e+01	 -6.5596e+01	 -6.5596e+01	 -6.5596e+01	 -6.5596e+01	 -6.5596e+01	 -6.5596e+01	 -6.5596e+01	 -6.5596e+01	 -6.5596e+01
1.7654e+01	 4.4080e+01	 4.4080e+01	 4.0886e+01	 -6.5596e+01	 -6.5596e+01	 -6.5596e+01	 -6.5596e+01	 -6.5596e+01	 -6.5596e+01	 -6.5596e+01	 -6.5596e+01	 -6.5596e+01
1.7774e+01	 4.4068e+01	 4.4067e+01	 4.0981e+01	 -6.5596e+01	 -6.5596e+01	 -6.5596e+01	 -6.5596e+01	 -6.5596e+01	 -6.5596e+01	 -6.5596e+01	 -6.5596e+01	 -6.5596e+01
1.7894e+01	 4.4052e+01	 4.4052e+01	 4.1077e+01	 -6.5596e+01	 -6.5596e+01	 -6.5596e+01	 -6.5596e+01	 -6.5596e+01	 -6.5596e+01	 -6.5596e+01	 -6.5596e+01	 -6.5596e+01
1.8014e+01	 4.4035e+01	 4.4034e+01	 4.1170e+01	 -6.5596e+01	 -6.5596e+01	 -6.5596e+01	 -6.5596e+01	 -6.5596e+01	 -6.5596e+01	 -6.5596e+01	 -6.5596e+01	 -6.5596e+01
1.8134e+01	 4.4014e+01	 4.4013e+01	 4.1264e+01	 -6.5596e+01	 -6.5596e+01	 -6.5596e+01	 -6.5596e+01	 -6.5596e+01	 -6.5596e+01	 -6.5596e+01	 -6.5596e+01	 -6.5596e+01
1.8254e+01	 4.3991e+01	 4.3990e+01	 4.1344e+01	 -6.5596e+01	 -6.5596e+01	 -6.5596e+01	 -6.5596e+01	 -6.5596e+01	 -6.5596e+01	 -6.5596e+01	 -6.5596e+01	 -6.5596e+01
1.8374e+01	 4.3965e+01	 4.3964e+01	 4.1415e+01	 -6.5596e+01	 -6.5596e+01	 -6.5596e+01	 -6.5596e+01	 -6.5596e+01	 -6.5596e+01	 -6.5596e+01	 -6.5596e+01	 -6.5596e+01
1.8494e+01	 4.3936e+01	 4.3935e+01	 4.1487e+01	 -6.5596e+01	 -6.5596e+01	 -6.5596e+01	 -6.5596e+01	 -6.5596e+01	 -6.5596e+01	 -6.5596e+01	 -6.5596e+01	 -6.5596e+01
1.8614e+01	 4.3904e+01	 4.3902e+01	 4.1566e+01	 -6.5596e+01	 -6.5596e+01	 -6.5596e+01	 -6.5596e+01	 -6.5596e+01	 -6.5596e+01	 -6.5596e+01	 -6.5596e+01	 -6.5596e+01
1.8734e+01	 4.3865e+01	 4.3863e+01	 4.1644e+01	 -6.5596e+01	 -6.5596e+01	 -6.5596e+01	 -6.5596e+01	 -6.5596e+01	 -6.5596e+01	 -6.5596e+01	 -6.5596e+01	 -6.5596e+01
1.8854e+01	 4.3821e+01	 4.3818e+01	 4.1717e+01	 -6.5596e+01	 -6.5596e+01	 -6.5596e+01	 -6.5596e+01	 -6.5596e+01	 -6.5596e+01	 -6.5596e+01	 -6.5596e+01	 -6.5596e+01
1.8974e+01	 4.3770e+01	 4.3765e+01	 4.1789e+01	 -6.5596e+01	 -6.5596e+01	 -6.5596e+01	 -6.5596e+01	 -6.5596e+01	 -6.5596e+01	 -6.5596e+01	 -6.5596e+01	 -6.5596e+01
1.9094e+01	 4.3709e+01	 4.3702e+01	 4.1859e+01	 -6.5596e+01	 -6.5596e+01	 -6.5596e+01	 -6.5596e+01	 -6.5596e+01	 -6.5596e+01	 -6.5596e+01	 -6.5596e+01	 -6.5596e+01
1.9214e+01	 4.3635e+01	 4.3627e+01	 4.1927e+01	 -6.5596e+01	 -6.5596e+01	 -6.5596e+01	 -6.5596e+01	 -6.5596e+01	 -6.5596e+01	 -6.5596e+01	 -6.5596e+01	 -6.5596e+01
1.9334e+01	 4.3546e+01	 4.3534e+01	 4.1994e+01	 -6.5596e+01	 -6.5596e+01	 -6.5596e+01	 -6.5596e+01	 -6.5596e+01	 -6.5596e+01	 -6.5596e+01	 -6.5596e+01	 -6.5596e+01
1.9454e+01	 4.3437e+01	 4.3418e+01	 4.2059e+01	 -6.5596e+01	 -6.5596e+01	 -6.5596e+01	 -6.5596e+01	 -6.5596e+01	 -6.5596e+01	 -6.5596e+01	 -6.5596e+01	 -6.5596e+01
1.9574e+01	 4.3295e+01	 4.3265e+01	 4.2124e+01	 -6.5596e+01	 -6.5596e+01	 -6.5596e+01	 -6.5596e+01	 -6.5596e+01	 -6.5596e+01	 -6.5596e+01	 -6.5596e+01	 -6.5596e+01
1.9694e+01	 4.3121e+01	 4.3067e+01	 4.2186e+01	 -6.5596e+01	 -6.5596e+01	 -6.5596e+01	 -6.5596e+01	 -6.5596e+01	 -6.5596e+01	 -6.5596e+01	 -6.5596e+01	 -6.5596e+01
1.9814e+01	 4.2915e+01	 4.2810e+01	 4.2248e+01	 -6.5596e+01	 -6.5596e+01	 -6.5596e+01	 -6.5596e+01	 -6.5596e+01	 -6.5596e+01	 -6.5596e+01	 -6.5596e+01	 -6.5596e+01
1.9934e+01	 4.2702e+01	 4.2475e+01	 4.2311e+01	 -6.5596e+01	 -6.5596e+01	 -6.5596e+01	 -6.5596e+01	 -6.5596e+01	 -6.5596e+01	 -6.5596e+01	 -6.5596e+01	 -6.5596e+01
2.0054e+01	 4.2539e+01	 4.2039e+01	 4.2374e+01	 -6.5596e+01	 -6.5596e+01	 -6.5596e+01	 -6.5596e+01	 -6.5596e+01	 -6.5596e+01	 -6.5596e+01	 -6.5596e+01	 -6.5596e+01
2.0174e+01	 4.2480e+01	 4.1472e+01	 4.2435e+01	 -6.5596e+01	 -6.5596e+01	 -6.5596e+01	 -6.5596e+01	 -6.5596e+01	 -6.5596e+01	 -6.5596e+01	 -6.5596e+01	 -6.5596e+01
2.0294e+01	 4.2497e+01	 4.0736e+01	 4.2489e+01	 -6.5596e+01	 -6.5596e+01	 -6.5596e+01	 -6.5596e+01	 -6.5596e+01	 -6.5596e+01	 -6.5596e+01	 -6.5596e+01	 -6.5596e+01
2.0414e+01	 4.2544e+01	 3.9716e+01	 4.2543e+01	 -6.5596e+01	 -6.5596e+01	 -6.5596e+01	 -6.5596e+01	 -6.5596e+01	 -6.5596e+01	 -6.5596e+01	 -6.5596e+01	 -6.5596e+01
2.0534e+01	 4.2598e+01	 3.8370e+01	 4.2598e+01	 -6.5596e+01	 -6.5596e+01	 -6.5596e+01	 -6.5596e+01	 -6.5596e+01	 -6.5596e+01	 -6.5596e+01	 -6.5596e+01	 -6.5596e+01
2.0654e+01	 4.2652e+01	 3.6595e+01	 4.2652e+01	 -6.5596e+01	 -6.5596e+01	 -6.5596e+01	 -6.5596e+01	 -6.5596e+01	 -6.5596e+01	 -6.5596e+01	 -6.5596e+01	 -6.5596e+01
2.0774e+01	 4.2706e+01	 3.4257e+01	 4.2706e+01	 -6.5596e+01	 -6.5596e+01	 -6.5596e+01	 -6.5596e+01	 -6.5596e+01	 -6.5596e+01	 -6.5596e+01	 -6.5596e+01	 -6.5596e+01
2.0894e+01	 4.2759e+01	 3.1187e+01	 4.2759e+01	 -6.5596e+01	 -6.5596e+01	 -6.5596e+01	 -6.5596e+01	 -6.5596e+01	 -6.5596e+01	 -6.5596e+01	 -6.5596e+01	 -6.5596e+01
2.1014e+01	 4.2811e+01	 2.7166e+01	 4.2811e+01	 -6.5596e+01	 -6.5596e+01	 -6.5596e+01	 -6.5596e+01	 -6.5596e+01	 -6.5596e+01	 -6.5596e+01	 -6.5596e+01	 -6.5596e+01
2.1134e+01	 4.2859e+01	 2.1899e+01	 4.2859e+01	 -6.5596e+01	 -6.5596e+01	 -6.5596e+01	 -6.5596e+01	 -6.5596e+01	 -6.5596e+01	 -6.5596e+01	 -6.5596e+01	 -6.5596e+01
2.1254e+01	 4.2907e+01	 -6.5596e+01	 4.2907e+01	 -6.5596e+01	 -6.5596e+01	 -6.5596e+01	 -6.5596e+01	 -6.5596e+01	 -6.5596e+01	 -6.5596e+01	 -6.5596e+01	 -6.5596e+01
2.1374e+01	 4.2955e+01	 -6.5596e+01	 4.2955e+01	 -6.5596e+01	 -6.5596e+01	 -6.5596e+01	 -6.5596e+01	 -6.5596e+01	 -6.5596e+01	 -6.5596e+01	 -6.5596e+01	 -6.5596e+01
2.1494e+01	 4.3003e+01	 -6.5596e+01	 4.3003e+01	 -6.5596e+01	 -6.5596e+01	 -6.5596e+01	 -6.5596e+01	 -6.5596e+01	 -6.5596e+01	 -6.5596e+01	 -6.5596e+01	 -6.5596e+01
2.1614e+01	 4.3050e+01	 -6.5596e+01	 4.3050e+01	 -6.5596e+01	 -6.5596e+01	 -6.5596e+01	 -6.5596e+01	 -6.5596e+01	 -6.5596e+01	 -6.5596e+01	 -6.5596e+01	 -6.5596e+01
2.1734e+01	 4.3096e+01	 -6.5596e+01	 4.3096e+01	 -6.5596e+01	 -6.5596e+01	 -6.5596e+01	 -6.5596e+01	 -6.5596e+01	 -6.5596e+01	 -6.5596e+01	 -6.5596e+01	 -6.5596e+01
2.1854e+01	 4.3140e+01	 -6.5596e+01	 4.3140e+01	 -6.5596e+01	 -6.5596e+01	 -6.5596e+01	 -6.5596e+01	 -6.5596e+01	 -6.5596e+01	 -6.5596e+01	 -6.5596e+01	 -6.5596e+01
2.1974e+01	 4.3182e+01	 -6.5596e+01	 4.3182e+01	 -6.5596e+01	 -6.5596e+01	 -6.5596e+01	 -6.5596e+01	 -6.5596e+01	 -6.5596e+01	 -6.5596e+01	 -6.5596e+01	 -6.5596e+01
2.2094e+01	 4.3223e+01	 -6.5596e+01	 4.3223e+01	 -6.5596e+01	 -6.5596e+01	 -6.5596e+01	 -6.5596e+01	 -6.5596e+01	 -6.5596e+01	 -6.5596e+01	 -6.5596e+01	 -6.5596e+01
2.2214e+01	 4.3264e+01	 -6.5596e+01	 4.3264e+01	 -6.5596e+01	 -6.5596e+01	 -6.5596e+01	 -6.5596e+01	 -6.5596e+01	 -6.5596e+01	 -6.5596e+01	 -6.5596e+01	 -6.5596e+01
2.2334e+01	 4.3305e+01	 -6.5596e+01	 4.3305e+01	 -6.5596e+01	 -6.5596e+01	 -6.5596e+01	 -6.5596e+01	 -6.5596e+01	 -6.5596e+01	 -6.5596e+01	 -6.5596e+01	 -6.5596e+01
2.2454e+01	 4.3343e+01	 -6.5596e+01	 4.3343e+01	 -6.5596e+01	 -6.5596e+01	 -6.5596e+01	 -6.5596e+01	 -6.5596e+01	 -6.5596e+01	 -6.5596e+01	 -6.5596e+01	 -6.5596e+01
2.2574e+01	 4.3381e+01	 -6.5596e+01	 4.3381e+01	 -6.5596e+01	 -6.5596e+01	 -6.5596e+01	 -6.5596e+01	 -6.5596e+01	 -6.5596e+01	 -6.5596e+01	 -6.5596e+01	 -6.5596e+01
2.2694e+01	 4.3417e+01	 -6.5596e+01	 4.3417e+01	 -6.5596e+01	 -6.5596e+01	 -6.5596e+01	 -6.5596e+01	 -6.5596e+01	 -6.5596e+01	 -6.5596e+01	 -6.5596e+01	 -6.5596e+01
2.2814e+01	 4.3452e+01	 -6.5596e+01	 4.3452e+01	 -6.5596e+01	 -6.5596e+01	 -6.5596e+01	 -6.5596e+01	 -6.5596e+01	 -6.5596e+01	 -6.5596e+01	 -6.5596e+01	 -6.5596e+01
2.2934e+01	 4.3486e+01	 -6.5596e+01	 4.3486e+01	 -6.5596e+01	 -6.5596e+01	 -6.5596e+01	 -6.5596e+01	 -6.5596e+01	 -6.5596e+01	 -6.5596e+01	 -6.5596e+01	 -6.5596e+01
2.3054e+01	 4.3519e+01	 -6.5596e+01	 4.3519e+01	 -6.5596e+01	 -6.5596e+01	 -6.5596e+01	 -6.5596e+01	 -6.5596e+01	 -6.5596e+01	 -6.5596e+01	 -6.5596e+01	 -6.5596e+01
2.3174e+01	 4.3551e+01	 -6.5596e+01	 4.3551e+01	 -6.5596e+01	 -6.5596e+01	 -6.5596e+01	 -6.5596e+01	 -6.5596e+01	 -6.5596e+01	 -6.5596e+01	 -6.5596e+01	 -6.5596e+01
2.3294e+01	 4.3581e+01	 -6.5596e+01	 4.3581e+01	 -6.5596e+01	 -6.5596e+01	 -6.5596e+01	 -6.5596e+01	 -6.5596e+01	 -6.5596e+01	 -6.5596e+01	 -6.5596e+01	 -6.5596e+01
2.3414e+01	 4.3610e+01	 -6.5596e+01	 4.3610e+01	 -6.5596e+01	 -6.5596e+01	 -6.5596e+01	 -6.5596e+01	 -6.5596e+01	 -6.5596e+01	 -6.5596e+01	 -6.5596e+01	 -6.5596e+01
2.3534e+01	 4.3638e+01	 -6.5596e+01	 4.3638e+01	 -6.5596e+01	 -6.5596e+01	 -6.5596e+01	 -6.5596e+01	 -6.5596e+01	 -6.5596e+01	 -6.5596e+01	 -6.5596e+01	 -6.5596e+01
2.3654e+01	 4.3664e+01	 -6.5596e+01	 4.3664e+01	 -6.5596e+01	 -6.5596e+01	 -6.5596e+01	 -6.5596e+01	 -6.5596e+01	 -6.5596e+01	 -6.5596e+01	 -6.5596e+01	 -6.5596e+01
2.3774e+01	 4.3689e+01	 -6.5596e+01	 4.3689e+01	 -6.5596e+01	 -6.5596e+01	 -6.5596e+01	 -6.5596e+01	 -6.5596e+01	 -6.5596e+01	 -6.5596e+01	 -6.5596e+01	 -6.5596e+01
2.3894e+01	 4.3710e+01	 -6.5596e+01	 4.3710e+01	 -6.5596e+01	 -6.5596e+01	 -6.5596e+01	 -6.5596e+01	 -6.5596e+01	 -6.5596e+01	 -6.5596e+01	 -6.5596e+01	 -6.5596e+01
2.4014e+01	 4.3732e+01	 -6.5596e+01	 4.3732e+01	 -6.5596e+01	 -6.5596e+01	 -6.5596e+01	 -6.5596e+01	 -6.5596e+01	 -6.5596e+01	 -6.5596e+01	 -6.5596e+01	 -6.5596e+01
2.4134e+01	 4.3750e+01	 -6.5596e+01	 4.3750e+01	 -6.5596e+01	 -6.5596e+01	 -6.5596e+01	 -6.5596e+01	 -6.5596e+01	 -6.5596e+01	 -6.5596e+01	 -6.5596e+01	 -6.5596e+01
2.4254e+01	 4.3768e+01	 -6.5596e+01	 4.3768e+01	 -6.5596e+01	 -6.5596e+01	 -6.5596e+01	 -6.5596e+01	 -6.5596e+01	 -6.5596e+01	 -6.5596e+01	 -6.5596e+01	 -6.5596e+01
2.4374e+01	 4.3783e+01	 -6.5596e+01	 4.3783e+01	 -6.5596e+01	 -6.5596e+01	 -6.5596e+01	 -6.5596e+01	 -6.5596e+01	 -6.5596e+01	 -6.5596e+01	 -6.5596e+01	 -6.5596e+01
2.4494e+01	 4.3795e+01	 -6.5596e+01	 4.3795e+01	 -6.5596e+01	 -6.5596e+01	 -6.5596e+01	 -6.5596e+01	 -6.5596e+01	 -6.5596e+01	 -6.5596e+01	 -6.5596e+01	 -6.5596e+01
2.4614e+01	 4.3805e+01	 -6.5596e+01	 4.3805e+01	 -6.5596e+01	 -6.5596e+01	 -6.5596e+01	 -6.5596e+01	 -6.5596e+01	 -6.5596e+01	 -6.5596e+01	 -6.5596e+01	 -6.5596e+01
2.4734e+01	 4.3811e+01	 -6.5596e+01	 4.3811e+01	 -6.5596e+01	 -6.5596e+01	 -6.5596e+01	 -6.5596e+01	 -6.5596e+01	 -6.5596e+01	 -6.5596e+01	 -6.5596e+01	 -6.5596e+01
2.4854e+01	 4.3817e+01	 -6.5596e+01	 4.3817e+01	 -6.5596e+01	 -6.5596e+01	 -6.5596e+01	 -6.5596e+01	 -6.5596e+01	 -6.5596e+01	 -6.5596e+01	 -6.5596e+01	 -6.5596e+01
2.4974e+01	 4.3814e+01	 -6.5596e+01	 4.3814e+01	 -6.5596e+01	 -6.5596e+01	 -6.5596e+01	 -6.5596e+01	 -6.5596e+01	 -6.5596e+01	 -6.5596e+01	 -6.5596e+01	 -6.5596e+01
2.5094e+01	 4.3811e+01	 -6.5596e+01	 4.3811e+01	 -6.5596e+01	 -6.5596e+01	 -6.5596e+01	 -6.5596e+01	 -6.5596e+01	 -6.5596e+01	 -6.5596e+01	 -6.5596e+01	 -6.5596e+01
2.5214e+01	 4.3801e+01	 -6.5596e+01	 4.3801e+01	 -6.5596e+01	 -6.5596e+01	 -6.5596e+01	 -6.5596e+01	 -6.5596e+01	 -6.5596e+01	 -6.5596e+01	 -6.5596e+01	 -6.5596e+01
2.5334e+01	 4.3788e+01	 -6.5596e+01	 4.3788e+01	 -6.5596e+01	 -6.5596e+01	 -6.5596e+01	 -6.5596e+01	 -6.5596e+01	 -6.5596e+01	 -6.5596e+01	 -6.5596e+01	 -6.5596e+01
2.5454e+01	 4.3770e+01	 -6.5596e+01	 4.3770e+01	 -6.5596e+01	 -6.5596e+01	 -6.5596e+01	 -6.5596e+01	 -6.5596e+01	 -6.5596e+01	 -6.5596e+01	 -6.5596e+01	 -6.5596e+01
2.5574e+01	 4.3744e+01	 -6.5596e+01	 4.3744e+01	 -6.5596e+01	 -6.5596e+01	 -6.5596e+01	 -6.5596e+01	 -6.5596e+01	 -6.5596e+01	 -6.5596e+01	 -6.5596e+01	 -6.5596e+01
2.5694e+01	 4.3717e+01	 -6.5596e+01	 4.3717e+01	 -6.5596e+01	 -6.5596e+01	 -6.5596e+01	 -6.5596e+01	 -6.5596e+01	 -6.5596e+01	 -6.5596e+01	 -6.5596e+01	 -6.5596e+01
2.5814e+01	 4.3676e+01	 -6.5596e+01	 4.3676e+01	 -6.5596e+01	 -6.5596e+01	 -6.5596e+01	 -6.5596e+01	 -6.5596e+01	 -6.5596e+01	 -6.5596e+01	 -6.5596e+01	 -6.5596e+01
2.5934e+01	 4.3635e+01	 -6.5596e+01	 4.3635e+01	 -6.5596e+01	 -6.5596e+01	 -6.5596e+01	 -6.5596e+01	 -6.5596e+01	 -6.5596e+01	 -6.5596e+01	 -6.5596e+01	 -6.5596e+01
2.6054e+01	 4.3582e+01	 -6.5596e+01	 4.3582e+01	 -6.5596e+01	 -6.5596e+01	 -6.5596e+01	 -6.5596e+01	 -6.5596e+01	 -6.5596e+01	 -6.5596e+01	 -6.5596e+01	 -6.5596e+01
2.6174e+01	 4.3523e+01	 -6.5596e+01	 4.3523e+01	 -6.5596e+01	 -6.5596e+01	 -6.5596e+01	 -6.5596e+01	 -6.5596e+01	 -6.5596e+01	 -6.5596e+01	 -6.5596e+01	 -6.5596e+01
2.6294e+01	 4.3457e+01	 -6.5596e+01	 4.3457e+01	 -6.5596e+01	 -6.5596e+01	 -6.5596e+01	 -6.5596e+01	 -6.5596e+01	 -6.5596e+01	 -6.5596e+01	 -6.5596e+01	 -6.5596e+01
2.6414e+01	 4.3377e+01	 -6.5596e+01	 4.3377e+01	 -6.5596e+01	 -6.5596e+01	 -6.5596e+01	 -6.5596e+01	 -6.5596e+01	 -6.5596e+01	 -6.5596e+01	 -6.5596e+01	 -6.5596e+01
2.6534e+01	 4.3296e+01	 -6.5596e+01	 4.3296e+01	 -6.5596e+01	 -6.5596e+01	 -6.5596e+01	 -6.5596e+01	 -6.5596e+01	 -6.5596e+01	 -6.5596e+01	 -6.5596e+01	 -6.5596e+01
2.6654e+01	 4.3189e+01	 -6.5596e+01	 4.3189e+01	 -6.5596e+01	 -6.5596e+01	 -6.5596e+01	 -6.5596e+01	 -6.5596e+01	 -6.5596e+01	 -6.5596e+01	 -6.5596e+01	 -6.5596e+01
2.6774e+01	 4.3081e+01	 -6.5596e+01	 4.3081e+01	 -6.5596e+01	 -6.5596e+01	 -6.5596e+01	 -6.5596e+01	 -6.5596e+01	 -6.5596e+01	 -6.5596e+01	 -6.5596e+01	 -6.5596e+01
2.6894e+01	 4.2943e+01	 -6.5596e+01	 4.2943e+01	 -6.5596e+01	 -6.5596e+01	 -6.5596e+01	 -6.5596e+01	 -6.5596e+01	 -6.5596e+01	 -6.5596e+01	 -6.5596e+01	 -6.5596e+01
2.7014e+01	 4.2793e+01	 -6.5596e+01	 4.2793e+01	 -6.5596e+01	 -6.5596e+01	 -6.5596e+01	 -6.5596e+01	 -6.5596e+01	 -6.5596e+01	 -6.5596e+01	 -6.5596e+01	 -6.5596e+01
2.7134e+01	 4.2607e+01	 -6.5596e+01	 4.2607e+01	 -6.5596e+01	 -6.5596e+01	 -6.5596e+01	 -6.5596e+01	 -6.5596e+01	 -6.5596e+01	 -6.5596e+01	 -6.5596e+01	 -6.5596e+01
2.7254e+01	 4.2363e+01	 -6.5596e+01	 4.2363e+01	 -6.5596e+01	 -6.5596e+01	 -6.5596e+01	 -6.5596e+01	 -6.5596e+01	 -6.5596e+01	 -6.5596e+01	 -6.5596e+01	 -6.5596e+01
2.7374e+01	 4.2088e+01	 -6.5596e+01	 4.2088e+01	 -6.5596e+01	 -6.5596e+01	 -6.5596e+01	 -6.5596e+01	 -6.5596e+01	 -6.5596e+01	 -6.5596e+01	 -6.5596e+01	 -6.5596e+01
2.7494e+01	 4.1395e+01	 -6.5596e+01	 4.1395e+01	 -6.5596e+01	 -6.5596e+01	 -6.5596e+01	 -6.5596e+01	 -6.5596e+01	 -6.5596e+01	 -6.5596e+01	 -6.5596e+01	 -6.5596e+01
2.7614e+01	 4.0702e+01	 -6.5596e+01	 4.0702e+01	 -6.5596e+01	 -6.5596e+01	 -6.5596e+01	 -6.5596e+01	 -6.5596e+01	 -6.5596e+01	 -6.5596e+01	 -6.5596e+01	 -6.5596e+01
2.7734e+01	 6.1928e+00	 -6.5596e+01	 6.1928e+00	 -6.5596e+01	 -6.5596e+01	 -6.5596e+01	 -6.5596e+01	 -6.5596e+01	 -6.5596e+01	 -6.5596e+01	 -6.5596e+01	 -6.5596e+01
2.7854e+01	 -3.9573e+01	 -6.5596e+01	 -3.9573e+01	 -6.5596e+01	 -6.5596e+01	 -6.5596e+01	 -6.5596e+01	 -6.5596e+01	 -6.5596e+01	 -6.5596e+01	 -6.5596e+01	 -6.5596e+01
2.7974e+01	 -6.5596e+01	 -6.5596e+01	 -6.5596e+01	 -6.5596e+01	 -6.5596e+01	 -6.5596e+01	 -6.5596e+01	 -6.5596e+01	 -6.5596e+01	 -6.5596e+01	 -6.5596e+01	 -6.5596e+01
2.8094e+01	 -6.5596e+01	 -6.5596e+01	 -6.5596e+01	 -6.5596e+01	 -6.5596e+01	 -6.5596e+01	 -6.5596e+01	 -6.5596e+01	 -6.5596e+01	 -6.5596e+01	 -6.5596e+01	 -6.5596e+01
2.8214e+01	 -6.5596e+01	 -6.5596e+01	 -6.5596e+01	 -6.5596e+01	 -6.5596e+01	 -6.5596e+01	 -6.5596e+01	 -6.5596e+01	 -6.5596e+01	 -6.5596e+01	 -6.5596e+01	 -6.5596e+01
2.8334e+01	 -6.5596e+01	 -6.5596e+01	 -6.5596e+01	 -6.5596e+01	 -6.5596e+01	 -6.5596e+01	 -6.5596e+01	 -6.5596e+01	 -6.5596e+01	 -6.5596e+01	 -6.5596e+01	 -6.5596e+01
2.8454e+01	 -6.5596e+01	 -6.5596e+01	 -6.5596e+01	 -6.5596e+01	 -6.5596e+01	 -6.5596e+01	 -6.5596e+01	 -6.5596e+01	 -6.5596e+01	 -6.5596e+01	 -6.5596e+01	 -6.5596e+01
2.8574e+01	 -6.5596e+01	 -6.5596e+01	 -6.5596e+01	 -6.5596e+01	 -6.5596e+01	 -6.5596e+01	 -6.5596e+01	 -6.5596e+01	 -6.5596e+01	 -6.5596e+01	 -6.5596e+01	 -6.5596e+01
2.8694e+01	 -6.5596e+01	 -6.5596e+01	 -6.5596e+01	 -6.5596e+01	 -6.5596e+01	 -6.5596e+01	 -6.5596e+01	 -6.5596e+01	 -6.5596e+01	 -6.5596e+01	 -6.5596e+01	 -6.5596e+01
2.8814e+01	 -6.5596e+01	 -6.5596e+01	 -6.5596e+01	 -6.5596e+01	 -6.5596e+01	 -6.5596e+01	 -6.5596e+01	 -6.5596e+01	 -6.5596e+01	 -6.5596e+01	 -6.5596e+01	 -6.5596e+01
2.8934e+01	 -6.5596e+01	 -6.5596e+01	 -6.5596e+01	 -6.5596e+01	 -6.5596e+01	 -6.5596e+01	 -6.5596e+01	 -6.5596e+01	 -6.5596e+01	 -6.5596e+01	 -6.5596e+01	 -6.5596e+01
2.9054e+01	 -6.5596e+01	 -6.5596e+01	 -6.5596e+01	 -6.5596e+01	 -6.5596e+01	 -6.5596e+01	 -6.5596e+01	 -6.5596e+01	 -6.5596e+01	 -6.5596e+01	 -6.5596e+01	 -6.5596e+01
2.9174e+01	 -6.5596e+01	 -6.5596e+01	 -6.5596e+01	 -6.5596e+01	 -6.5596e+01	 -6.5596e+01	 -6.5596e+01	 -6.5596e+01	 -6.5596e+01	 -6.5596e+01	 -6.5596e+01	 -6.5596e+01
2.9294e+01	 -6.5596e+01	 -6.5596e+01	 -6.5596e+01	 -6.5596e+01	 -6.5596e+01	 -6.5596e+01	 -6.5596e+01	 -6.5596e+01	 -6.5596e+01	 -6.5596e+01	 -6.5596e+01	 -6.5596e+01
2.9414e+01	 -6.5596e+01	 -6.5596e+01	 -6.5596e+01	 -6.5596e+01	 -6.5596e+01	 -6.5596e+01	 -6.5596e+01	 -6.5596e+01	 -6.5596e+01	 -6.5596e+01	 -6.5596e+01	 -6.5596e+01
2.9534e+01	 -6.5596e+01	 -6.5596e+01	 -6.5596e+01	 -6.5596e+01	 -6.5596e+01	 -6.5596e+01	 -6.5596e+01	 -6.5596e+01	 -6.5596e+01	 -6.5596e+01	 -6.5596e+01	 -6.5596e+01
2.9654e+01	 -6.5596e+01	 -6.5596e+01	 -6.5596e+01	 -6.5596e+01	 -6.5596e+01	 -6.5596e+01	 -6.5596e+01	 -6.5596e+01	 -6.5596e+01	 -6.5596e+01	 -6.5596e+01	 -6.5596e+01
2.9774e+01	 -6.5596e+01	 -6.5596e+01	 -6.5596e+01	 -6.5596e+01	 -6.5596e+01	 -6.5596e+01	 -6.5596e+01	 -6.5596e+01	 -6.5596e+01	 -6.5596e+01	 -6.5596e+01	 -6.5596e+01
2.9894e+01	 -6.5596e+01	 -6.5596e+01	 -6.5596e+01	 -6.5596e+01	 -6.5596e+01	 -6.5596e+01	 -6.5596e+01	 -6.5596e+01	 -6.5596e+01	 -6.5596e+01	 -6.5596e+01	 -6.5596e+01
