#################################################################
# log(gamma)     log(N(gamma))   gamma     N(gamma)  TeV N(TeV) # 
#################################################################
2.524105e+00	-1.008867e+00	3.342761e+02	9.797905e-02	1.708147e-04	1.917402e+05
2.542954e+00	-1.051284e+00	3.491032e+02	8.886193e-02	1.783914e-04	1.738985e+05
2.561018e+00	-1.091937e+00	3.639303e+02	8.092131e-02	1.859680e-04	1.583591e+05
2.579867e+00	-1.134355e+00	3.800727e+02	7.339145e-02	1.942168e-04	1.436235e+05
2.597931e+00	-1.175007e+00	3.962152e+02	6.683326e-02	2.024655e-04	1.307894e+05
2.616780e+00	-1.217425e+00	4.137896e+02	6.061431e-02	2.114460e-04	1.186193e+05
2.634844e+00	-1.258078e+00	4.313640e+02	5.519787e-02	2.204266e-04	1.080196e+05
2.653692e+00	-1.300495e+00	4.504975e+02	5.006162e-02	2.302038e-04	9.796815e+04
2.671757e+00	-1.341148e+00	4.696310e+02	4.558816e-02	2.399810e-04	8.921381e+04
2.690605e+00	-1.383565e+00	4.904619e+02	4.134610e-02	2.506255e-04	8.091231e+04
2.708670e+00	-1.424218e+00	5.112928e+02	3.765145e-02	2.612700e-04	7.368206e+04
2.727518e+00	-1.466636e+00	5.339716e+02	3.414792e-02	2.728589e-04	6.682583e+04
2.745583e+00	-1.507289e+00	5.566504e+02	3.109650e-02	2.844477e-04	6.085433e+04
2.764431e+00	-1.549706e+00	5.813411e+02	2.820292e-02	2.970646e-04	5.519174e+04
2.782495e+00	-1.590359e+00	6.060317e+02	2.568273e-02	3.096816e-04	5.025985e+04
2.801344e+00	-1.632776e+00	6.329128e+02	2.329291e-02	3.234177e-04	4.558309e+04
2.819408e+00	-1.673429e+00	6.597938e+02	2.121148e-02	3.371539e-04	4.150983e+04
2.838257e+00	-1.715847e+00	6.890595e+02	1.923771e-02	3.521086e-04	3.764727e+04
2.856321e+00	-1.756499e+00	7.183251e+02	1.751865e-02	3.670634e-04	3.428314e+04
2.875170e+00	-1.798917e+00	7.501870e+02	1.588851e-02	3.833448e-04	3.109304e+04
2.893234e+00	-1.839570e+00	7.820489e+02	1.446873e-02	3.996261e-04	2.831459e+04
2.912082e+00	-1.881987e+00	8.167373e+02	1.312239e-02	4.173519e-04	2.567987e+04
2.930147e+00	-1.922640e+00	8.514257e+02	1.194978e-02	4.350776e-04	2.338514e+04
2.948995e+00	-1.965057e+00	8.891914e+02	1.083784e-02	4.543758e-04	2.120912e+04
2.967060e+00	-2.005710e+00	9.269571e+02	9.869377e-03	4.736741e-04	1.931389e+04
2.985908e+00	-2.048128e+00	9.680730e+02	8.951015e-03	4.946843e-04	1.751670e+04
3.003972e+00	-2.088781e+00	1.009189e+03	8.151160e-03	5.156945e-04	1.595142e+04
3.022821e+00	-2.131198e+00	1.053952e+03	7.392681e-03	5.385685e-04	1.446712e+04
3.040885e+00	-2.171851e+00	1.098716e+03	6.732078e-03	5.614425e-04	1.317435e+04
3.059734e+00	-2.214268e+00	1.147450e+03	6.105647e-03	5.863458e-04	1.194845e+04
3.077798e+00	-2.254921e+00	1.196185e+03	5.560052e-03	6.112490e-04	1.088075e+04
3.096647e+00	-2.297339e+00	1.249242e+03	5.042680e-03	6.383615e-04	9.868279e+03
3.114711e+00	-2.337991e+00	1.302300e+03	4.592071e-03	6.654739e-04	8.986459e+03
3.133560e+00	-2.380409e+00	1.360065e+03	4.164771e-03	6.949915e-04	8.150254e+03
3.151624e+00	-2.421062e+00	1.417829e+03	3.792611e-03	7.245092e-04	7.421955e+03
3.170472e+00	-2.463479e+00	1.480718e+03	3.439702e-03	7.566453e-04	6.731330e+03
3.188537e+00	-2.504132e+00	1.543607e+03	3.132334e-03	7.887815e-04	6.129824e+03
3.207385e+00	-2.546549e+00	1.612075e+03	2.840865e-03	8.237686e-04	5.559434e+03
3.225450e+00	-2.587202e+00	1.680543e+03	2.587008e-03	8.587556e-04	5.062648e+03
3.244298e+00	-2.629620e+00	1.755085e+03	2.346282e-03	8.968464e-04	4.591560e+03
3.262362e+00	-2.670273e+00	1.829627e+03	2.136621e-03	9.349372e-04	4.181263e+03
3.281211e+00	-2.712690e+00	1.910781e+03	1.937805e-03	9.764071e-04	3.792189e+03
3.299275e+00	-2.753343e+00	1.991936e+03	1.764644e-03	1.017877e-03	3.453323e+03
3.318124e+00	-2.795760e+00	2.080290e+03	1.600441e-03	1.063026e-03	3.131985e+03
3.336188e+00	-2.836413e+00	2.168644e+03	1.457427e-03	1.108174e-03	2.852114e+03
3.355037e+00	-2.878831e+00	2.264835e+03	1.321811e-03	1.157328e-03	2.586720e+03
3.373101e+00	-2.919483e+00	2.361027e+03	1.203695e-03	1.206482e-03	2.355573e+03
3.391950e+00	-2.961901e+00	2.465753e+03	1.091689e-03	1.259997e-03	2.136383e+03
3.410014e+00	-3.002554e+00	2.570478e+03	9.941370e-04	1.313511e-03	1.945478e+03
3.428862e+00	-3.044971e+00	2.684494e+03	9.016309e-04	1.371773e-03	1.764448e+03
3.446927e+00	-3.085624e+00	2.798509e+03	8.210620e-04	1.430035e-03	1.606778e+03
3.465775e+00	-3.128041e+00	2.922639e+03	7.446608e-04	1.493466e-03	1.457265e+03
3.483840e+00	-3.168694e+00	3.046769e+03	6.781186e-04	1.556896e-03	1.327045e+03
3.502688e+00	-3.211112e+00	3.181911e+03	6.150186e-04	1.625953e-03	1.203561e+03
3.520752e+00	-3.251765e+00	3.317053e+03	5.600611e-04	1.695011e-03	1.096012e+03
3.539601e+00	-3.294182e+00	3.464184e+03	5.079465e-04	1.770194e-03	9.940265e+02
3.557665e+00	-3.334835e+00	3.611314e+03	4.625568e-04	1.845378e-03	9.052012e+02
3.576514e+00	-3.377252e+00	3.771497e+03	4.195152e-04	1.927231e-03	8.209707e+02
3.594578e+00	-3.417905e+00	3.931680e+03	3.820277e-04	2.009084e-03	7.476095e+02
3.613427e+00	-3.460323e+00	4.106073e+03	3.464794e-04	2.098199e-03	6.780432e+02
3.631491e+00	-3.500975e+00	4.280466e+03	3.155183e-04	2.187313e-03	6.174539e+02
3.650339e+00	-3.543393e+00	4.470329e+03	2.861588e-04	2.284333e-03	5.599988e+02
3.668404e+00	-3.584046e+00	4.660193e+03	2.605879e-04	2.381353e-03	5.099578e+02
3.687252e+00	-3.626463e+00	4.866899e+03	2.363398e-04	2.486980e-03	4.625054e+02
3.705317e+00	-3.667116e+00	5.073606e+03	2.152207e-04	2.592607e-03	4.211763e+02
3.724165e+00	-3.709534e+00	5.298650e+03	1.951940e-04	2.707604e-03	3.819852e+02
3.742230e+00	-3.750186e+00	5.523693e+03	1.777517e-04	2.822601e-03	3.478513e+02
3.761078e+00	-3.792604e+00	5.768701e+03	1.612116e-04	2.947800e-03	3.154832e+02
3.779142e+00	-3.833257e+00	6.013709e+03	1.468059e-04	3.072999e-03	2.872919e+02
3.797991e+00	-3.875674e+00	6.280452e+03	1.331453e-04	3.209304e-03	2.605589e+02
3.816055e+00	-3.916327e+00	6.547195e+03	1.212476e-04	3.345610e-03	2.372756e+02
3.834904e+00	-3.958744e+00	6.837601e+03	1.099653e-04	3.494007e-03	2.151967e+02
3.852968e+00	-3.999397e+00	7.128007e+03	1.001389e-04	3.642404e-03	1.959669e+02
3.871817e+00	-4.041815e+00	7.444176e+03	9.082080e-05	3.803966e-03	1.777319e+02
3.889881e+00	-4.082468e+00	7.760344e+03	8.270514e-05	3.965527e-03	1.618499e+02
3.908729e+00	-4.124885e+00	8.104561e+03	7.500929e-05	4.141422e-03	1.467895e+02
3.926794e+00	-4.165538e+00	8.448777e+03	6.830653e-05	4.317316e-03	1.336725e+02
3.945642e+00	-4.207955e+00	8.823529e+03	6.195049e-05	4.508814e-03	1.212341e+02
3.963707e+00	-4.248642e+00	9.198281e+03	5.641031e-05	4.700312e-03	1.103922e+02
3.982555e+00	-4.291305e+00	9.606279e+03	5.113228e-05	4.908798e-03	1.000634e+02
4.000620e+00	-4.332417e+00	1.001428e+04	4.651388e-05	5.117284e-03	9.102539e+01
4.019468e+00	-4.375549e+00	1.045847e+04	4.211642e-05	5.344265e-03	8.241978e+01
4.037532e+00	-4.417110e+00	1.090266e+04	3.827282e-05	5.571247e-03	7.489804e+01
4.056381e+00	-4.460708e+00	1.138625e+04	3.461717e-05	5.818364e-03	6.774412e+01
4.074445e+00	-4.502718e+00	1.186985e+04	3.142550e-05	6.065481e-03	6.149818e+01
4.093294e+00	-4.546784e+00	1.239635e+04	2.839328e-05	6.334520e-03	5.556426e+01
4.111358e+00	-4.589242e+00	1.292284e+04	2.574885e-05	6.603559e-03	5.038925e+01
4.130207e+00	-4.633777e+00	1.349605e+04	2.323932e-05	6.896466e-03	4.547821e+01
4.148271e+00	-4.676683e+00	1.406925e+04	2.105316e-05	7.189372e-03	4.120002e+01
4.167119e+00	-4.721685e+00	1.469330e+04	1.898082e-05	7.508262e-03	3.714455e+01
4.185184e+00	-4.765039e+00	1.531736e+04	1.717753e-05	7.827152e-03	3.361559e+01
4.204032e+00	-4.810509e+00	1.599677e+04	1.547001e-05	8.174332e-03	3.027406e+01
4.222097e+00	-4.854312e+00	1.667618e+04	1.398582e-05	8.521512e-03	2.736957e+01
4.240945e+00	-4.900250e+00	1.741587e+04	1.258201e-05	8.899490e-03	2.462238e+01
4.259010e+00	-4.944501e+00	1.815555e+04	1.136316e-05	9.277469e-03	2.223714e+01
4.277858e+00	-4.990907e+00	1.896086e+04	1.021159e-05	9.688978e-03	1.998358e+01
4.295922e+00	-5.035606e+00	1.976616e+04	9.212846e-06	1.010049e-02	1.802909e+01
4.314771e+00	-5.082480e+00	2.064291e+04	8.270282e-06	1.054850e-02	1.618454e+01
4.332835e+00	-5.127627e+00	2.151965e+04	7.453712e-06	1.099652e-02	1.458655e+01
4.351684e+00	-5.174969e+00	2.247417e+04	6.683920e-06	1.148428e-02	1.308011e+01
4.369748e+00	-5.220565e+00	2.342869e+04	6.017765e-06	1.197204e-02	1.177647e+01
4.388597e+00	-5.268374e+00	2.446789e+04	5.390463e-06	1.250307e-02	1.054887e+01
4.406661e+00	-5.314418e+00	2.550709e+04	4.848213e-06	1.303410e-02	9.487716e+00
4.425509e+00	-5.362695e+00	2.663848e+04	4.338152e-06	1.361223e-02	8.489552e+00
4.443574e+00	-5.409188e+00	2.776987e+04	3.897732e-06	1.419037e-02	7.627672e+00
4.462422e+00	-5.457933e+00	2.900162e+04	3.483913e-06	1.481980e-02	6.817847e+00
4.480487e+00	-5.504874e+00	3.023338e+04	3.126988e-06	1.544922e-02	6.119363e+00
4.499335e+00	-5.554086e+00	3.157440e+04	2.791988e-06	1.613449e-02	5.463786e+00
4.517400e+00	-5.601476e+00	3.291543e+04	2.503365e-06	1.681975e-02	4.898964e+00
4.536248e+00	-5.651156e+00	3.437542e+04	2.232769e-06	1.756580e-02	4.369421e+00
4.554312e+00	-5.698994e+00	3.583541e+04	1.999890e-06	1.831185e-02	3.913687e+00
4.573161e+00	-5.749142e+00	3.742492e+04	1.781796e-06	1.912409e-02	3.486888e+00
4.591225e+00	-5.797428e+00	3.901443e+04	1.594307e-06	1.993633e-02	3.119980e+00
4.610074e+00	-5.848044e+00	4.074494e+04	1.418913e-06	2.082062e-02	2.776744e+00
4.628138e+00	-5.896779e+00	4.247546e+04	1.268298e-06	2.170491e-02	2.481998e+00
4.646987e+00	-5.947862e+00	4.435949e+04	1.127555e-06	2.266765e-02	2.206570e+00
4.665051e+00	-5.997045e+00	4.624352e+04	1.006827e-06	2.363039e-02	1.970311e+00
4.683899e+00	-6.048597e+00	4.829469e+04	8.941354e-07	2.467854e-02	1.749779e+00
4.701964e+00	-6.098228e+00	5.034586e+04	7.975762e-07	2.572668e-02	1.560818e+00
4.720812e+00	-6.150247e+00	5.257899e+04	7.075429e-07	2.686781e-02	1.384627e+00
4.738877e+00	-6.200327e+00	5.481212e+04	6.304829e-07	2.800894e-02	1.233824e+00
4.757725e+00	-6.252814e+00	5.724336e+04	5.587096e-07	2.925129e-02	1.093368e+00
4.775789e+00	-6.303342e+00	5.967460e+04	4.973457e-07	3.049365e-02	9.732812e-01
4.794638e+00	-6.356297e+00	6.232151e+04	4.402540e-07	3.184622e-02	8.615557e-01
4.812702e+00	-6.407273e+00	6.496842e+04	3.914959e-07	3.319879e-02	7.661384e-01
4.831551e+00	-6.460696e+00	6.785015e+04	3.461819e-07	3.467135e-02	6.774612e-01
4.849615e+00	-6.512120e+00	7.073188e+04	3.075246e-07	3.614391e-02	6.018107e-01
4.868464e+00	-6.566011e+00	7.386925e+04	2.716373e-07	3.774711e-02	5.315809e-01
4.886528e+00	-6.617884e+00	7.700662e+04	2.410552e-07	3.935030e-02	4.717333e-01
4.905377e+00	-6.672242e+00	8.042231e+04	2.126954e-07	4.109571e-02	4.162346e-01
4.923441e+00	-6.724563e+00	8.383800e+04	1.885545e-07	4.284113e-02	3.689920e-01
4.942289e+00	-6.779389e+00	8.755670e+04	1.661922e-07	4.474138e-02	3.252301e-01
4.960354e+00	-6.832159e+00	9.127540e+04	1.471774e-07	4.664163e-02	2.880191e-01
4.979202e+00	-6.887453e+00	9.532400e+04	1.295828e-07	4.871046e-02	2.535871e-01
4.997267e+00	-6.940671e+00	9.937259e+04	1.146382e-07	5.077929e-02	2.243414e-01
5.016115e+00	-6.996432e+00	1.037803e+05	1.008248e-07	5.303164e-02	1.973093e-01
5.034179e+00	-7.050099e+00	1.081881e+05	8.910485e-08	5.528400e-02	1.743738e-01
5.053028e+00	-7.106328e+00	1.129869e+05	7.828377e-08	5.773616e-02	1.531975e-01
5.071092e+00	-7.160443e+00	1.177856e+05	6.911259e-08	6.018833e-02	1.352500e-01
5.089941e+00	-7.217140e+00	1.230101e+05	6.065405e-08	6.285803e-02	1.186970e-01
5.108005e+00	-7.271703e+00	1.282346e+05	5.349299e-08	6.552773e-02	1.046832e-01
5.126854e+00	-7.328868e+00	1.339225e+05	4.689555e-08	6.843427e-02	9.177232e-02
5.144918e+00	-7.383880e+00	1.396105e+05	4.131621e-08	7.134080e-02	8.085380e-02
5.163767e+00	-7.441513e+00	1.458030e+05	3.618157e-08	7.450518e-02	7.080557e-02
5.181831e+00	-7.496972e+00	1.519956e+05	3.184402e-08	7.766956e-02	6.231719e-02
5.200679e+00	-7.555073e+00	1.587374e+05	2.785653e-08	8.111466e-02	5.451387e-02
5.218744e+00	-7.610981e+00	1.654793e+05	2.449171e-08	8.455975e-02	4.792908e-02
5.237592e+00	-7.669550e+00	1.728193e+05	2.140181e-08	8.831047e-02	4.188230e-02
5.255657e+00	-7.725906e+00	1.801593e+05	1.879725e-08	9.206119e-02	3.678530e-02
5.274505e+00	-7.784942e+00	1.881504e+05	1.640808e-08	9.614463e-02	3.210982e-02
5.292569e+00	-7.841747e+00	1.961415e+05	1.439638e-08	1.002281e-01	2.817301e-02
5.311418e+00	-7.901251e+00	2.048415e+05	1.255304e-08	1.046738e-01	2.456569e-02
5.329482e+00	-7.958504e+00	2.135415e+05	1.100262e-08	1.091195e-01	2.153159e-02
5.348331e+00	-8.018476e+00	2.230133e+05	9.583497e-09	1.139596e-01	1.875444e-02
5.366395e+00	-8.076177e+00	2.324851e+05	8.391173e-09	1.187996e-01	1.642112e-02
5.385244e+00	-8.136617e+00	2.427972e+05	7.301009e-09	1.240691e-01	1.428772e-02
5.403308e+00	-8.194767e+00	2.531092e+05	6.386064e-09	1.293385e-01	1.249722e-02
5.422156e+00	-8.255674e+00	2.643361e+05	5.550417e-09	1.350755e-01	1.086190e-02
5.440221e+00	-8.314272e+00	2.755630e+05	4.849842e-09	1.408124e-01	9.490906e-03
5.459069e+00	-8.375648e+00	2.877858e+05	4.210680e-09	1.470582e-01	8.240095e-03
5.477134e+00	-8.434694e+00	3.000086e+05	3.675411e-09	1.533041e-01	7.192600e-03
5.495982e+00	-8.496537e+00	3.133157e+05	3.187591e-09	1.601040e-01	6.237961e-03
5.514047e+00	-8.556032e+00	3.266229e+05	2.779508e-09	1.669039e-01	5.439362e-03
5.532895e+00	-8.618343e+00	3.411105e+05	2.408002e-09	1.743071e-01	4.712344e-03
5.550959e+00	-8.678286e+00	3.555981e+05	2.097558e-09	1.817102e-01	4.104818e-03
5.569808e+00	-8.741065e+00	3.713709e+05	1.815244e-09	1.897701e-01	3.552345e-03
5.587872e+00	-8.801456e+00	3.871438e+05	1.579588e-09	1.978300e-01	3.091176e-03
5.606721e+00	-8.864703e+00	4.043158e+05	1.365517e-09	2.066050e-01	2.672250e-03
5.624785e+00	-8.925543e+00	4.214879e+05	1.187018e-09	2.153799e-01	2.322937e-03
5.643634e+00	-8.989257e+00	4.401834e+05	1.025045e-09	2.249332e-01	2.005963e-03
5.661698e+00	-9.050545e+00	4.588788e+05	8.901330e-10	2.344866e-01	1.741947e-03
5.680546e+00	-9.114727e+00	4.792327e+05	7.678434e-10	2.448874e-01	1.502632e-03
5.698611e+00	-9.176464e+00	4.995867e+05	6.660952e-10	2.552882e-01	1.303516e-03
5.717459e+00	-9.241114e+00	5.217462e+05	5.739661e-10	2.666118e-01	1.123224e-03
5.735524e+00	-9.303298e+00	5.439058e+05	4.973951e-10	2.779353e-01	9.733780e-04
5.754372e+00	-9.368416e+00	5.680312e+05	4.281379e-10	2.902633e-01	8.378450e-04
5.772437e+00	-9.431049e+00	5.921566e+05	3.706385e-10	3.025914e-01	7.253216e-04
5.791285e+00	-9.496635e+00	6.184221e+05	3.186874e-10	3.160130e-01	6.236558e-04
5.809349e+00	-9.559716e+00	6.446877e+05	2.756027e-10	3.294347e-01	5.393411e-04
5.828198e+00	-9.625770e+00	6.732834e+05	2.367173e-10	3.440471e-01	4.632443e-04
5.846262e+00	-9.689300e+00	7.018790e+05	2.045033e-10	3.586594e-01	4.002030e-04
5.865111e+00	-9.755821e+00	7.330114e+05	1.754604e-10	3.745680e-01	3.433674e-04
5.883175e+00	-9.819799e+00	7.641438e+05	1.514262e-10	3.904767e-01	2.963337e-04
5.902024e+00	-9.886788e+00	7.980380e+05	1.297812e-10	4.077966e-01	2.539755e-04
5.920088e+00	-9.951215e+00	8.319323e+05	1.118885e-10	4.251165e-01	2.189603e-04
5.938936e+00	-1.001867e+01	8.688333e+05	9.579185e-11	4.439729e-01	1.874600e-04
5.957001e+00	-1.008355e+01	9.057343e+05	8.249997e-11	4.628292e-01	1.614484e-04
5.975849e+00	-1.015147e+01	9.459089e+05	7.055521e-11	4.833584e-01	1.380731e-04
5.993914e+00	-1.021679e+01	9.860834e+05	6.070242e-11	5.038876e-01	1.187917e-04
6.012762e+00	-1.028519e+01	1.029822e+06	5.185773e-11	5.262379e-01	1.014831e-04
6.030827e+00	-1.035096e+01	1.073560e+06	4.456994e-11	5.485882e-01	8.722121e-05
6.049675e+00	-1.041982e+01	1.121179e+06	3.803486e-11	5.729213e-01	7.443236e-05
6.067739e+00	-1.048604e+01	1.168798e+06	3.265592e-11	5.972544e-01	6.390605e-05
6.086588e+00	-1.055537e+01	1.220641e+06	2.783773e-11	6.237461e-01	5.447709e-05
6.104652e+00	-1.062203e+01	1.272484e+06	2.387623e-11	6.502378e-01	4.672462e-05
6.123501e+00	-1.069183e+01	1.328926e+06	2.033152e-11	6.790796e-01	3.978780e-05
6.141565e+00	-1.075895e+01	1.385368e+06	1.742021e-11	7.079214e-01	3.409050e-05
6.160414e+00	-1.082921e+01	1.446817e+06	1.481800e-11	7.393219e-01	2.899811e-05
6.178478e+00	-1.089678e+01	1.508266e+06	1.268308e-11	7.707223e-01	2.482018e-05
6.197326e+00	-1.096751e+01	1.575166e+06	1.077689e-11	8.049083e-01	2.108984e-05
6.215391e+00	-2.000000e+02	1.642067e+06	1.000000e-200	8.390943e-01	1.956951e-194
