#################################################################
# log(gamma)     log(N(gamma))   gamma     N(gamma)  TeV N(TeV) # 
#################################################################
2.524119e+00	-1.959169e+00	3.342864e+02	1.098578e-02	1.708200e-04	2.149864e+04
2.543184e+00	-2.001300e+00	3.492884e+02	9.970110e-03	1.784860e-04	1.951102e+04
2.561448e+00	-2.041659e+00	3.642905e+02	9.085333e-03	1.861521e-04	1.777955e+04
2.580513e+00	-2.083790e+00	3.806391e+02	8.245362e-03	1.945062e-04	1.613577e+04
2.598777e+00	-2.124149e+00	3.969877e+02	7.513645e-03	2.028603e-04	1.470384e+04
2.617843e+00	-2.166280e+00	4.148037e+02	6.818982e-03	2.119642e-04	1.334442e+04
2.636106e+00	-2.206640e+00	4.326197e+02	6.213846e-03	2.210682e-04	1.216019e+04
2.655172e+00	-2.248771e+00	4.520348e+02	5.639354e-03	2.309893e-04	1.103594e+04
2.673435e+00	-2.289130e+00	4.714498e+02	5.138902e-03	2.409104e-04	1.005658e+04
2.692501e+00	-2.331261e+00	4.926075e+02	4.663792e-03	2.517219e-04	9.126814e+03
2.710765e+00	-2.371620e+00	5.137652e+02	4.249914e-03	2.625335e-04	8.316874e+03
2.729830e+00	-2.413751e+00	5.368219e+02	3.856994e-03	2.743154e-04	7.547950e+03
2.748094e+00	-2.454110e+00	5.598787e+02	3.514713e-03	2.860974e-04	6.878123e+03
2.767159e+00	-2.496241e+00	5.850048e+02	3.189766e-03	2.989368e-04	6.242217e+03
2.785423e+00	-2.536600e+00	6.101310e+02	2.906697e-03	3.117763e-04	5.688264e+03
2.804489e+00	-2.578731e+00	6.375124e+02	2.637963e-03	3.257682e-04	5.162364e+03
2.822752e+00	-2.619090e+00	6.648939e+02	2.403862e-03	3.397600e-04	4.704241e+03
2.841818e+00	-2.661222e+00	6.947329e+02	2.181617e-03	3.550078e-04	4.269318e+03
2.860082e+00	-2.701581e+00	7.245720e+02	1.988014e-03	3.702555e-04	3.890446e+03
2.879147e+00	-2.743712e+00	7.570893e+02	1.804215e-03	3.868718e-04	3.530761e+03
2.897411e+00	-2.784071e+00	7.896065e+02	1.644104e-03	4.034881e-04	3.217431e+03
2.916476e+00	-2.826202e+00	8.250424e+02	1.492100e-03	4.215958e-04	2.919968e+03
2.934740e+00	-2.866561e+00	8.604783e+02	1.359687e-03	4.397035e-04	2.660842e+03
2.953805e+00	-2.908692e+00	8.990948e+02	1.233979e-03	4.594365e-04	2.414837e+03
2.972069e+00	-2.949051e+00	9.377113e+02	1.124472e-03	4.791695e-04	2.200538e+03
2.991135e+00	-2.991182e+00	9.797938e+02	1.020511e-03	5.006736e-04	1.997090e+03
3.009398e+00	-3.031541e+00	1.021876e+03	9.299479e-04	5.221777e-04	1.819863e+03
3.028464e+00	-3.073673e+00	1.067736e+03	8.439710e-04	5.456120e-04	1.651610e+03
3.046728e+00	-3.114032e+00	1.113596e+03	7.690745e-04	5.690462e-04	1.505041e+03
3.065793e+00	-3.156163e+00	1.163572e+03	6.979709e-04	5.945838e-04	1.365895e+03
3.084057e+00	-3.196522e+00	1.213547e+03	6.360309e-04	6.201214e-04	1.244682e+03
3.103122e+00	-3.238653e+00	1.268009e+03	5.772276e-04	6.479512e-04	1.129606e+03
3.121386e+00	-3.279012e+00	1.322470e+03	5.260028e-04	6.757810e-04	1.029362e+03
3.140452e+00	-3.321143e+00	1.381820e+03	4.773720e-04	7.061086e-04	9.341938e+02
3.158715e+00	-3.361502e+00	1.441170e+03	4.350086e-04	7.364363e-04	8.512907e+02
3.177781e+00	-3.403633e+00	1.505847e+03	3.947906e-04	7.694860e-04	7.725859e+02
3.196044e+00	-3.443992e+00	1.570523e+03	3.597557e-04	8.025357e-04	7.040244e+02
3.215110e+00	-3.486123e+00	1.641005e+03	3.264950e-04	8.385518e-04	6.389349e+02
3.233374e+00	-3.526483e+00	1.711487e+03	2.975209e-04	8.745680e-04	5.822339e+02
3.252439e+00	-3.568614e+00	1.788295e+03	2.700141e-04	9.138168e-04	5.284044e+02
3.270703e+00	-3.608973e+00	1.865103e+03	2.460522e-04	9.530656e-04	4.815122e+02
3.289768e+00	-3.651104e+00	1.948805e+03	2.233038e-04	9.958372e-04	4.369947e+02
3.308032e+00	-3.691463e+00	2.032507e+03	2.034872e-04	1.038609e-03	3.982146e+02
3.327098e+00	-3.733594e+00	2.123722e+03	1.846741e-04	1.085219e-03	3.613982e+02
3.345361e+00	-3.773953e+00	2.214936e+03	1.682856e-04	1.131830e-03	3.293267e+02
3.364427e+00	-3.816084e+00	2.314338e+03	1.527270e-04	1.182624e-03	2.988793e+02
3.382690e+00	-3.856443e+00	2.413740e+03	1.391736e-04	1.233418e-03	2.723559e+02
3.401756e+00	-3.898574e+00	2.522063e+03	1.263065e-04	1.288772e-03	2.471756e+02
3.420020e+00	-3.938933e+00	2.630387e+03	1.150977e-04	1.344125e-03	2.252405e+02
3.439085e+00	-3.981065e+00	2.748433e+03	1.044565e-04	1.404446e-03	2.044163e+02
3.457349e+00	-4.021424e+00	2.866480e+03	9.518672e-05	1.464768e-03	1.862758e+02
3.476414e+00	-4.063555e+00	2.995121e+03	8.638638e-05	1.530504e-03	1.690539e+02
3.494678e+00	-4.103914e+00	3.123763e+03	7.872020e-05	1.596239e-03	1.540516e+02
3.513744e+00	-4.146045e+00	3.263951e+03	7.144224e-05	1.667875e-03	1.398090e+02
3.532007e+00	-4.186404e+00	3.404139e+03	6.510225e-05	1.739511e-03	1.274019e+02
3.551073e+00	-4.228535e+00	3.556909e+03	5.908332e-05	1.817577e-03	1.156232e+02
3.569336e+00	-4.268894e+00	3.709680e+03	5.384009e-05	1.895642e-03	1.053624e+02
3.588402e+00	-4.311025e+00	3.876163e+03	4.886239e-05	1.980715e-03	9.562132e+01
3.606666e+00	-4.351384e+00	4.042646e+03	4.452620e-05	2.065787e-03	8.713560e+01
3.625731e+00	-4.393515e+00	4.224071e+03	4.040960e-05	2.158496e-03	7.907961e+01
3.643995e+00	-4.433875e+00	4.405497e+03	3.682353e-05	2.251204e-03	7.206186e+01
3.663060e+00	-4.476006e+00	4.603206e+03	3.341907e-05	2.352233e-03	6.539949e+01
3.681324e+00	-4.516365e+00	4.800916e+03	3.045336e-05	2.453263e-03	5.959575e+01
3.700390e+00	-4.558496e+00	5.016371e+03	2.763784e-05	2.563360e-03	5.408591e+01
3.718653e+00	-4.598855e+00	5.231826e+03	2.518518e-05	2.673457e-03	4.928617e+01
3.737719e+00	-4.640986e+00	5.466619e+03	2.285672e-05	2.793437e-03	4.472949e+01
3.755982e+00	-4.681345e+00	5.701413e+03	2.082835e-05	2.913416e-03	4.076007e+01
3.775048e+00	-4.723476e+00	5.957281e+03	1.890270e-05	3.044164e-03	3.699166e+01
3.793312e+00	-4.763835e+00	6.213148e+03	1.722522e-05	3.174912e-03	3.370891e+01
3.812377e+00	-4.805966e+00	6.491981e+03	1.563268e-05	3.317395e-03	3.059240e+01
3.830641e+00	-4.846326e+00	6.770814e+03	1.424539e-05	3.459879e-03	2.787754e+01
3.849706e+00	-4.888457e+00	7.074675e+03	1.292836e-05	3.615151e-03	2.530017e+01
3.867970e+00	-4.928816e+00	7.378535e+03	1.178106e-05	3.770423e-03	2.305496e+01
3.887036e+00	-4.970947e+00	7.709668e+03	1.069186e-05	3.939632e-03	2.092345e+01
3.905299e+00	-5.011306e+00	8.040801e+03	9.743032e-06	4.108841e-03	1.906664e+01
3.924365e+00	-5.053437e+00	8.401656e+03	8.842254e-06	4.293237e-03	1.730386e+01
3.942629e+00	-5.093796e+00	8.762510e+03	8.057567e-06	4.477633e-03	1.576827e+01
3.961694e+00	-5.135927e+00	9.155753e+03	7.312617e-06	4.678580e-03	1.431044e+01
3.979958e+00	-5.176286e+00	9.548997e+03	6.663674e-06	4.879527e-03	1.304049e+01
3.999023e+00	-5.218417e+00	9.977536e+03	6.047594e-06	5.098510e-03	1.183485e+01
4.017287e+00	-5.258776e+00	1.040607e+04	5.510913e-06	5.317493e-03	1.078459e+01
4.036352e+00	-5.300908e+00	1.087308e+04	5.001410e-06	5.556131e-03	9.787516e+00
4.054616e+00	-5.341267e+00	1.134008e+04	4.557570e-06	5.794769e-03	8.918943e+00
4.073682e+00	-5.383398e+00	1.184900e+04	4.136207e-06	6.054826e-03	8.094356e+00
4.091945e+00	-5.423757e+00	1.235792e+04	3.769148e-06	6.314883e-03	7.376039e+00
4.111011e+00	-5.465888e+00	1.291252e+04	3.420677e-06	6.598282e-03	6.694098e+00
4.129275e+00	-5.506247e+00	1.346711e+04	3.117116e-06	6.881681e-03	6.100045e+00
4.148340e+00	-5.548378e+00	1.407149e+04	2.828928e-06	7.190517e-03	5.536074e+00
4.166604e+00	-5.588737e+00	1.467587e+04	2.577881e-06	7.499352e-03	5.044787e+00
4.185669e+00	-5.630868e+00	1.533449e+04	2.339547e-06	7.835907e-03	4.578379e+00
4.203933e+00	-5.671227e+00	1.599311e+04	2.131928e-06	8.172463e-03	4.172080e+00
4.222999e+00	-5.713358e+00	1.671085e+04	1.934824e-06	8.539226e-03	3.786357e+00
4.241262e+00	-5.753718e+00	1.742859e+04	1.763122e-06	8.905989e-03	3.450344e+00
4.260328e+00	-5.795849e+00	1.821075e+04	1.600115e-06	9.305671e-03	3.131348e+00
4.278591e+00	-5.836208e+00	1.899290e+04	1.458117e-06	9.705354e-03	2.853463e+00
4.297657e+00	-5.878339e+00	1.984527e+04	1.323309e-06	1.014091e-02	2.589650e+00
4.315921e+00	-5.918698e+00	2.069763e+04	1.205874e-06	1.057647e-02	2.359837e+00
4.334986e+00	-5.960829e+00	2.162650e+04	1.094387e-06	1.105112e-02	2.141662e+00
4.353250e+00	-6.001188e+00	2.255536e+04	9.972680e-07	1.152577e-02	1.951605e+00
4.372315e+00	-6.043319e+00	2.356760e+04	9.050670e-07	1.204302e-02	1.771172e+00
4.390579e+00	-6.083678e+00	2.457984e+04	8.247488e-07	1.256027e-02	1.613993e+00
4.409645e+00	-6.125809e+00	2.568293e+04	7.484979e-07	1.312395e-02	1.464774e+00
4.427908e+00	-6.166169e+00	2.678602e+04	6.820740e-07	1.368763e-02	1.334786e+00
4.446974e+00	-6.208300e+00	2.798812e+04	6.190139e-07	1.430190e-02	1.211380e+00
4.465237e+00	-6.248659e+00	2.919022e+04	5.640808e-07	1.491617e-02	1.103879e+00
4.484303e+00	-6.290790e+00	3.050022e+04	5.119295e-07	1.558558e-02	1.001821e+00
4.502567e+00	-6.331149e+00	3.181022e+04	4.664994e-07	1.625499e-02	9.129167e-01
4.521632e+00	-6.373280e+00	3.323779e+04	4.233699e-07	1.698448e-02	8.285143e-01
4.539896e+00	-6.413639e+00	3.466537e+04	3.857989e-07	1.771397e-02	7.549896e-01
4.558961e+00	-6.455770e+00	3.622108e+04	3.501304e-07	1.850893e-02	6.851881e-01
4.577225e+00	-6.496129e+00	3.777679e+04	3.190588e-07	1.930390e-02	6.243826e-01
4.596291e+00	-6.538260e+00	3.947213e+04	2.895607e-07	2.017022e-02	5.666562e-01
4.614554e+00	-6.578619e+00	4.116748e+04	2.638643e-07	2.103654e-02	5.163695e-01
4.633620e+00	-6.620751e+00	4.301499e+04	2.394691e-07	2.198061e-02	4.686293e-01
4.651883e+00	-6.661110e+00	4.486250e+04	2.182179e-07	2.292469e-02	4.270418e-01
4.670949e+00	-6.703241e+00	4.687583e+04	1.980429e-07	2.395350e-02	3.875603e-01
4.689213e+00	-6.743600e+00	4.888917e+04	1.804680e-07	2.498231e-02	3.531671e-01
4.708278e+00	-6.785731e+00	5.108322e+04	1.637831e-07	2.610347e-02	3.205155e-01
4.726542e+00	-6.826090e+00	5.327726e+04	1.492485e-07	2.722462e-02	2.920721e-01
4.745607e+00	-6.868221e+00	5.566823e+04	1.354500e-07	2.844641e-02	2.650690e-01
4.763871e+00	-6.908580e+00	5.805920e+04	1.234297e-07	2.966819e-02	2.415460e-01
4.782937e+00	-6.950711e+00	6.066478e+04	1.120182e-07	3.099964e-02	2.192142e-01
4.801200e+00	-6.991075e+00	6.327036e+04	1.020762e-07	3.233108e-02	1.997582e-01
4.820266e+00	-7.033815e+00	6.610980e+04	9.250923e-08	3.378204e-02	1.810361e-01
4.838529e+00	-7.075707e+00	6.894924e+04	8.400266e-08	3.523299e-02	1.643891e-01
4.857595e+00	-7.120430e+00	7.204354e+04	7.578265e-08	3.681417e-02	1.483030e-01
4.875859e+00	-7.164223e+00	7.513784e+04	6.851371e-08	3.839535e-02	1.340780e-01
4.894924e+00	-7.210930e+00	7.850987e+04	6.152767e-08	4.011846e-02	1.204066e-01
4.913188e+00	-7.256622e+00	8.188190e+04	5.538316e-08	4.184156e-02	1.083822e-01
4.932253e+00	-7.305313e+00	8.555659e+04	4.950932e-08	4.371932e-02	9.688733e-02
4.950517e+00	-7.352906e+00	8.923128e+04	4.437046e-08	4.559709e-02	8.683083e-02
4.969583e+00	-7.403581e+00	9.323579e+04	3.948383e-08	4.764339e-02	7.726794e-02
4.987846e+00	-7.453074e+00	9.724031e+04	3.523108e-08	4.968969e-02	6.894550e-02
5.006912e+00	-7.505732e+00	1.016043e+05	3.120812e-08	5.191966e-02	6.107276e-02
5.025176e+00	-7.557126e+00	1.059682e+05	2.772514e-08	5.414963e-02	5.425676e-02
5.044241e+00	-7.611768e+00	1.107238e+05	2.444734e-08	5.657975e-02	4.784226e-02
5.062505e+00	-7.665062e+00	1.154795e+05	2.162408e-08	5.900988e-02	4.231727e-02
5.081570e+00	-7.721688e+00	1.206619e+05	1.898067e-08	6.165812e-02	3.714426e-02
5.099834e+00	-7.776883e+00	1.258444e+05	1.671542e-08	6.430636e-02	3.271126e-02
5.118899e+00	-7.835493e+00	1.314921e+05	1.460520e-08	6.719229e-02	2.858166e-02
5.137163e+00	-7.892587e+00	1.371397e+05	1.280598e-08	7.007823e-02	2.506067e-02
5.156229e+00	-7.953181e+00	1.432942e+05	1.113831e-08	7.322320e-02	2.179713e-02
5.174492e+00	-8.012176e+00	1.494488e+05	9.723533e-09	7.636816e-02	1.902848e-02
5.193558e+00	-8.074753e+00	1.561557e+05	8.418734e-09	7.979541e-02	1.647505e-02
5.211822e+00	-8.135649e+00	1.628627e+05	7.317308e-09	8.322265e-02	1.431962e-02
5.230887e+00	-8.200210e+00	1.701716e+05	6.306527e-09	8.695751e-02	1.234157e-02
5.249151e+00	-8.263006e+00	1.774806e+05	5.457509e-09	9.069237e-02	1.068008e-02
5.268216e+00	-8.329550e+00	1.854455e+05	4.682196e-09	9.476245e-02	9.162829e-03
5.286480e+00	-8.394247e+00	1.934105e+05	4.034163e-09	9.883254e-02	7.894660e-03
5.305546e+00	-8.462775e+00	2.020903e+05	3.445282e-09	1.032679e-01	6.742249e-03
5.323809e+00	-8.529372e+00	2.107702e+05	2.955482e-09	1.077033e-01	5.783734e-03
5.342875e+00	-8.599884e+00	2.202291e+05	2.512556e-09	1.125368e-01	4.916951e-03
5.361138e+00	-8.668381e+00	2.296880e+05	2.145947e-09	1.173703e-01	4.199514e-03
5.380204e+00	-8.740877e+00	2.399960e+05	1.816029e-09	1.226377e-01	3.553880e-03
5.398468e+00	-8.811274e+00	2.503039e+05	1.544278e-09	1.279050e-01	3.022077e-03
5.417533e+00	-8.885754e+00	2.615370e+05	1.300905e-09	1.336451e-01	2.545808e-03
5.435797e+00	-8.958052e+00	2.727701e+05	1.101407e-09	1.393852e-01	2.155401e-03
5.454862e+00	-9.034516e+00	2.850115e+05	9.236006e-10	1.456406e-01	1.807442e-03
5.473126e+00	-9.108714e+00	2.972528e+05	7.785497e-10	1.518959e-01	1.523584e-03
5.492192e+00	-9.187161e+00	3.105929e+05	6.498884e-10	1.587126e-01	1.271800e-03
5.510455e+00	-9.263259e+00	3.239330e+05	5.454319e-10	1.655294e-01	1.067384e-03
5.529521e+00	-9.343691e+00	3.384705e+05	4.532201e-10	1.729580e-01	8.869297e-04
5.547784e+00	-9.421689e+00	3.530079e+05	3.787133e-10	1.803867e-01	7.411236e-04
5.566850e+00	-9.504105e+00	3.688502e+05	3.132532e-10	1.884820e-01	6.130212e-04
5.585114e+00	-9.584003e+00	3.846924e+05	2.606133e-10	1.965774e-01	5.100075e-04
5.604179e+00	-9.668402e+00	4.019566e+05	2.145841e-10	2.053994e-01	4.199307e-04
5.622443e+00	-9.750202e+00	4.192208e+05	1.777454e-10	2.142214e-01	3.478391e-04
5.641508e+00	-9.836584e+00	4.380346e+05	1.456853e-10	2.238352e-01	2.850990e-04
5.659772e+00	-9.920284e+00	4.568483e+05	1.201479e-10	2.334490e-01	2.351235e-04
5.678838e+00	-1.000865e+01	4.773507e+05	9.802786e-11	2.439257e-01	1.918357e-04
5.697101e+00	-1.009425e+01	4.978531e+05	8.049141e-11	2.544024e-01	1.575178e-04
5.716167e+00	-1.018460e+01	5.201958e+05	6.537313e-11	2.658195e-01	1.279320e-04
5.734430e+00	-1.027210e+01	5.425384e+05	5.344400e-11	2.772365e-01	1.045873e-04
5.753496e+00	-1.036444e+01	5.668864e+05	4.320807e-11	2.896783e-01	8.455610e-05
5.771760e+00	-1.045384e+01	5.912344e+05	3.516934e-11	3.021201e-01	6.882469e-05
5.790825e+00	-1.054815e+01	6.177677e+05	2.830391e-11	3.156786e-01	5.538937e-05
5.809089e+00	-1.063945e+01	6.443011e+05	2.293746e-11	3.292372e-01	4.488750e-05
5.828154e+00	-1.073576e+01	6.732160e+05	1.837569e-11	3.440126e-01	3.596034e-05
5.846418e+00	-1.082896e+01	7.021309e+05	1.482663e-11	3.587881e-01	2.901499e-05
5.865484e+00	-1.092724e+01	7.336411e+05	1.182380e-11	3.748898e-01	2.313860e-05
5.883747e+00	-1.102234e+01	7.651512e+05	9.498506e-12	3.909915e-01	1.858811e-05
5.902813e+00	-1.112261e+01	7.994896e+05	7.540256e-12	4.085383e-01	1.475591e-05
5.921076e+00	-1.121962e+01	8.338280e+05	6.030927e-12	4.260852e-01	1.180223e-05
5.940142e+00	-1.132187e+01	8.712485e+05	4.765748e-12	4.452070e-01	9.326337e-06
5.958406e+00	-1.142077e+01	9.086690e+05	3.795148e-12	4.643289e-01	7.426920e-06
5.977471e+00	-1.152501e+01	9.494482e+05	2.985327e-12	4.851670e-01	5.842140e-06
5.995735e+00	-1.162581e+01	9.902273e+05	2.366951e-12	5.060051e-01	4.632007e-06
6.014800e+00	-1.173203e+01	1.034667e+06	1.853398e-12	5.287135e-01	3.627009e-06
6.033064e+00	-1.183473e+01	1.079106e+06	1.463072e-12	5.514220e-01	2.863160e-06
6.052130e+00	-1.194294e+01	1.127534e+06	1.140411e-12	5.761687e-01	2.231728e-06
6.070393e+00	-1.204754e+01	1.175962e+06	8.963091e-13	6.009154e-01	1.754033e-06
6.089459e+00	-1.215773e+01	1.228737e+06	6.954560e-13	6.278832e-01	1.360974e-06
6.107723e+00	-1.226423e+01	1.281512e+06	5.442092e-13	6.548510e-01	1.064991e-06
6.126788e+00	-1.237641e+01	1.339023e+06	4.203335e-13	6.842394e-01	8.225722e-07
6.145052e+00	-1.248481e+01	1.396535e+06	3.274838e-13	7.136277e-01	6.408700e-07
6.164117e+00	-1.259897e+01	1.459208e+06	2.517875e-13	7.456539e-01	4.927359e-07
6.182381e+00	-1.270927e+01	1.521882e+06	1.953124e-13	7.776800e-01	3.822168e-07
6.201446e+00	-1.282541e+01	1.590181e+06	1.494825e-13	8.125806e-01	2.925299e-07
6.219710e+00	-1.293761e+01	1.658480e+06	1.154477e-13	8.474813e-01	2.259256e-07
6.238776e+00	-1.305574e+01	1.732909e+06	8.795534e-14	8.855145e-01	1.721243e-07
6.257039e+00	-2.000000e+02	1.807338e+06	1.000000e-200	9.235477e-01	1.956951e-194
