#################################################################
# log(gamma)     log(N(gamma))   gamma     N(gamma)  TeV N(TeV) # 
#################################################################
3.230318e+00	-4.045164e+00	1.699486e+03	9.012299e-05	8.684355e-04	1.763663e+02
3.248249e+00	-4.085516e+00	1.771125e+03	8.212657e-05	9.050428e-04	1.607177e+02
3.265470e+00	-4.124269e+00	1.842763e+03	7.511574e-05	9.416500e-04	1.469978e+02
3.283401e+00	-4.164623e+00	1.920441e+03	6.845051e-05	9.813435e-04	1.339543e+02
3.300621e+00	-4.203378e+00	1.998120e+03	6.260681e-05	1.021037e-03	1.225185e+02
3.318553e+00	-4.243735e+00	2.082347e+03	5.705120e-05	1.064077e-03	1.116464e+02
3.335773e+00	-4.282493e+00	2.166574e+03	5.218037e-05	1.107117e-03	1.021144e+02
3.353705e+00	-4.322852e+00	2.257901e+03	4.754969e-05	1.153785e-03	9.305242e+01
3.370925e+00	-4.361613e+00	2.349229e+03	4.348979e-05	1.200454e-03	8.510739e+01
3.388857e+00	-4.401975e+00	2.448256e+03	3.963006e-05	1.251056e-03	7.755411e+01
3.406077e+00	-4.440739e+00	2.547284e+03	3.624611e-05	1.301659e-03	7.093187e+01
3.424009e+00	-4.481104e+00	2.654660e+03	3.302902e-05	1.356528e-03	6.463618e+01
3.441229e+00	-4.519871e+00	2.762036e+03	3.020849e-05	1.411397e-03	5.911655e+01
3.459161e+00	-4.560240e+00	2.878464e+03	2.752706e-05	1.470892e-03	5.386912e+01
3.476381e+00	-4.599010e+00	2.994892e+03	2.517617e-05	1.530387e-03	4.926855e+01
3.494313e+00	-4.639383e+00	3.121136e+03	2.294123e-05	1.594897e-03	4.489487e+01
3.511533e+00	-4.678157e+00	3.247380e+03	2.098180e-05	1.659408e-03	4.106037e+01
3.529465e+00	-4.718534e+00	3.384267e+03	1.911902e-05	1.729357e-03	3.741499e+01
3.546685e+00	-4.757312e+00	3.521155e+03	1.748589e-05	1.799306e-03	3.421903e+01
3.564617e+00	-4.797694e+00	3.669582e+03	1.593331e-05	1.875152e-03	3.118071e+01
3.581837e+00	-4.836476e+00	3.818010e+03	1.457215e-05	1.950999e-03	2.851698e+01
3.599769e+00	-4.876863e+00	3.978951e+03	1.327813e-05	2.033239e-03	2.598466e+01
3.616989e+00	-4.915650e+00	4.139892e+03	1.214366e-05	2.115480e-03	2.376456e+01
3.634920e+00	-4.956042e+00	4.314401e+03	1.106517e-05	2.204654e-03	2.165400e+01
3.652141e+00	-4.994835e+00	4.488910e+03	1.011965e-05	2.293828e-03	1.980366e+01
3.670072e+00	-5.035232e+00	4.678132e+03	9.220788e-06	2.390520e-03	1.804463e+01
3.687293e+00	-5.074030e+00	4.867353e+03	8.432761e-06	2.487212e-03	1.650250e+01
3.705224e+00	-5.114434e+00	5.072527e+03	7.683626e-06	2.592056e-03	1.503648e+01
3.722445e+00	-5.153238e+00	5.277701e+03	7.026867e-06	2.696900e-03	1.375124e+01
3.740376e+00	-5.193649e+00	5.500173e+03	6.402528e-06	2.810582e-03	1.252944e+01
3.757597e+00	-5.232460e+00	5.722644e+03	5.855181e-06	2.924265e-03	1.145831e+01
3.775528e+00	-5.272877e+00	5.963871e+03	5.334858e-06	3.047532e-03	1.044006e+01
3.792749e+00	-5.311696e+00	6.205098e+03	4.878704e-06	3.170799e-03	9.547385e+00
3.810680e+00	-5.352121e+00	6.466663e+03	4.445074e-06	3.304458e-03	8.698794e+00
3.827901e+00	-5.390947e+00	6.728227e+03	4.064927e-06	3.438116e-03	7.954864e+00
3.845832e+00	-5.431381e+00	7.011842e+03	3.703555e-06	3.583044e-03	7.247677e+00
3.863053e+00	-5.470216e+00	7.295458e+03	3.386757e-06	3.727971e-03	6.627718e+00
3.880984e+00	-5.510659e+00	7.602984e+03	3.085609e-06	3.885117e-03	6.038386e+00
3.898204e+00	-5.549503e+00	7.910510e+03	2.821609e-06	4.042262e-03	5.521751e+00
3.916136e+00	-5.589956e+00	8.243963e+03	2.570654e-06	4.212656e-03	5.030644e+00
3.933356e+00	-5.628811e+00	8.577415e+03	2.350658e-06	4.383050e-03	4.600124e+00
3.951288e+00	-5.669275e+00	8.938980e+03	2.141536e-06	4.567809e-03	4.190882e+00
3.968508e+00	-5.708140e+00	9.300545e+03	1.958215e-06	4.752568e-03	3.832132e+00
3.986440e+00	-5.748615e+00	9.692591e+03	1.783958e-06	4.952904e-03	3.491118e+00
4.003660e+00	-5.787492e+00	1.008464e+04	1.631202e-06	5.153239e-03	3.192183e+00
4.021592e+00	-5.827981e+00	1.050974e+04	1.486001e-06	5.370464e-03	2.908031e+00
4.038812e+00	-5.866870e+00	1.093484e+04	1.358719e-06	5.587689e-03	2.658946e+00
4.056744e+00	-5.907373e+00	1.139577e+04	1.237733e-06	5.823228e-03	2.422183e+00
4.073964e+00	-5.946276e+00	1.185671e+04	1.131680e-06	6.058766e-03	2.214642e+00
4.091896e+00	-5.986794e+00	1.235651e+04	1.030875e-06	6.314162e-03	2.017372e+00
4.109116e+00	-6.025713e+00	1.285630e+04	9.425133e-07	6.569558e-03	1.844453e+00
4.127048e+00	-6.066246e+00	1.339824e+04	8.585262e-07	6.846485e-03	1.680094e+00
4.144268e+00	-6.105181e+00	1.394017e+04	7.849081e-07	7.123412e-03	1.536027e+00
4.162200e+00	-6.145733e+00	1.452779e+04	7.149361e-07	7.423686e-03	1.399095e+00
4.179420e+00	-6.184685e+00	1.511541e+04	6.536041e-07	7.723960e-03	1.279071e+00
4.197352e+00	-6.225256e+00	1.575257e+04	5.953112e-07	8.049549e-03	1.164995e+00
4.214572e+00	-6.264228e+00	1.638974e+04	5.442174e-07	8.375137e-03	1.065007e+00
4.232503e+00	-6.304819e+00	1.708061e+04	4.956566e-07	8.728175e-03	9.699758e-01
4.249724e+00	-6.343812e+00	1.777149e+04	4.530941e-07	9.081214e-03	8.866832e-01
4.267655e+00	-6.384426e+00	1.852062e+04	4.126429e-07	9.464015e-03	8.075221e-01
4.284876e+00	-6.423441e+00	1.926974e+04	3.771894e-07	9.846816e-03	7.381412e-01
4.302807e+00	-6.464079e+00	2.008202e+04	3.434954e-07	1.026189e-02	6.722037e-01
4.320028e+00	-6.503118e+00	2.089430e+04	3.139652e-07	1.067696e-02	6.144146e-01
4.337959e+00	-6.543784e+00	2.177506e+04	2.859015e-07	1.112703e-02	5.594954e-01
4.355180e+00	-6.582849e+00	2.265582e+04	2.613067e-07	1.157710e-02	5.113646e-01
4.373111e+00	-6.623543e+00	2.361083e+04	2.379342e-07	1.206511e-02	4.656256e-01
4.390332e+00	-6.662638e+00	2.456584e+04	2.174514e-07	1.255312e-02	4.255418e-01
4.408263e+00	-6.703363e+00	2.560137e+04	1.979873e-07	1.308227e-02	3.874515e-01
4.425484e+00	-6.742488e+00	2.663690e+04	1.809304e-07	1.361142e-02	3.540720e-01
4.443415e+00	-6.783247e+00	2.775972e+04	1.647225e-07	1.418519e-02	3.223538e-01
4.460636e+00	-6.822407e+00	2.888255e+04	1.505197e-07	1.475895e-02	2.945597e-01
4.478567e+00	-6.863202e+00	3.010004e+04	1.370244e-07	1.538109e-02	2.681501e-01
4.495788e+00	-6.902398e+00	3.131753e+04	1.251992e-07	1.600322e-02	2.450088e-01
4.513719e+00	-6.943233e+00	3.263766e+04	1.139637e-07	1.667781e-02	2.230215e-01
4.530939e+00	-6.982469e+00	3.395779e+04	1.041192e-07	1.735239e-02	2.037562e-01
4.548871e+00	-7.023347e+00	3.538922e+04	9.476601e-08	1.808385e-02	1.854525e-01
4.566091e+00	-7.062626e+00	3.682064e+04	8.657123e-08	1.881531e-02	1.694157e-01
4.584023e+00	-7.103551e+00	3.837275e+04	7.878595e-08	1.960843e-02	1.541803e-01
4.601243e+00	-7.142877e+00	3.992485e+04	7.196529e-08	2.040156e-02	1.408326e-01
4.619175e+00	-7.183852e+00	4.160781e+04	6.548587e-08	2.126155e-02	1.281527e-01
4.636395e+00	-7.223229e+00	4.329077e+04	5.980965e-08	2.212153e-02	1.170446e-01
4.654327e+00	-7.264259e+00	4.511561e+04	5.441779e-08	2.305403e-02	1.064930e-01
4.671547e+00	-7.303690e+00	4.694045e+04	4.969465e-08	2.398652e-02	9.725002e-02
4.689479e+00	-7.344780e+00	4.891913e+04	4.520846e-08	2.499762e-02	8.847076e-02
4.706699e+00	-7.384271e+00	5.089782e+04	4.127898e-08	2.600873e-02	8.078096e-02
4.724631e+00	-7.425426e+00	5.304332e+04	3.754694e-08	2.710508e-02	7.347753e-02
4.741851e+00	-7.464981e+00	5.518882e+04	3.427829e-08	2.820143e-02	6.708095e-02
4.759783e+00	-7.506205e+00	5.751520e+04	3.117416e-08	2.939020e-02	6.100630e-02
4.777003e+00	-7.545831e+00	5.984158e+04	2.845571e-08	3.057898e-02	5.568643e-02
4.794935e+00	-7.587131e+00	6.236409e+04	2.587432e-08	3.186798e-02	5.063479e-02
4.812155e+00	-7.626832e+00	6.488659e+04	2.361390e-08	3.315698e-02	4.621126e-02
4.830087e+00	-7.668215e+00	6.762176e+04	2.146768e-08	3.455465e-02	4.201120e-02
4.847307e+00	-7.707998e+00	7.035694e+04	1.958852e-08	3.595232e-02	3.833377e-02
4.865238e+00	-7.749470e+00	7.332270e+04	1.780449e-08	3.746782e-02	3.484253e-02
4.882459e+00	-7.789343e+00	7.628846e+04	1.624265e-08	3.898332e-02	3.178608e-02
4.900390e+00	-7.830912e+00	7.950426e+04	1.476006e-08	4.062659e-02	2.888473e-02
4.917611e+00	-7.870881e+00	8.272005e+04	1.346228e-08	4.226986e-02	2.634503e-02
4.935542e+00	-7.912555e+00	8.620696e+04	1.223053e-08	4.405166e-02	2.393454e-02
4.952763e+00	-7.952629e+00	8.969387e+04	1.115246e-08	4.583347e-02	2.182482e-02
4.970694e+00	-7.994417e+00	9.347474e+04	1.012939e-08	4.776549e-02	1.982272e-02
4.987915e+00	-8.034605e+00	9.725561e+04	9.234111e-09	4.969751e-02	1.807071e-02
5.005846e+00	-8.076516e+00	1.013552e+05	8.384640e-09	5.179242e-02	1.640833e-02
5.023067e+00	-8.116827e+00	1.054549e+05	7.641398e-09	5.388732e-02	1.495384e-02
5.040998e+00	-8.158872e+00	1.099001e+05	6.936308e-09	5.615884e-02	1.357402e-02
5.058219e+00	-8.199317e+00	1.143454e+05	6.319505e-09	5.843036e-02	1.236696e-02
5.076150e+00	-8.241506e+00	1.191654e+05	5.734474e-09	6.089338e-02	1.122209e-02
5.093371e+00	-8.282097e+00	1.239854e+05	5.222798e-09	6.335640e-02	1.022076e-02
5.111302e+00	-8.324444e+00	1.292118e+05	4.737579e-09	6.602707e-02	9.271212e-03
5.128522e+00	-8.365191e+00	1.344381e+05	4.313292e-09	6.869774e-02	8.440903e-03
5.146454e+00	-8.407708e+00	1.401051e+05	3.911034e-09	7.159356e-02	7.653704e-03
5.163674e+00	-8.448626e+00	1.457721e+05	3.559373e-09	7.448938e-02	6.965520e-03
5.181606e+00	-8.491329e+00	1.519168e+05	3.226052e-09	7.762934e-02	6.313227e-03
5.198826e+00	-8.532432e+00	1.580616e+05	2.934731e-09	8.076930e-02	5.743126e-03
5.216758e+00	-8.575334e+00	1.647244e+05	2.658678e-09	8.417397e-02	5.202903e-03
5.233978e+00	-8.616638e+00	1.713872e+05	2.417476e-09	8.757865e-02	4.730884e-03
5.251910e+00	-8.659758e+00	1.786117e+05	2.188982e-09	9.127036e-02	4.283732e-03
5.269130e+00	-8.701279e+00	1.858362e+05	1.989397e-09	9.496207e-02	3.893152e-03
5.287062e+00	-8.744634e+00	1.936697e+05	1.800386e-09	9.896502e-02	3.523268e-03
5.304282e+00	-8.786391e+00	2.015033e+05	1.635344e-09	1.029680e-01	3.200288e-03
5.322214e+00	-8.830002e+00	2.099973e+05	1.479101e-09	1.073084e-01	2.894528e-03
5.339434e+00	-8.872014e+00	2.184913e+05	1.342721e-09	1.116488e-01	2.627639e-03
5.357366e+00	-8.915903e+00	2.277014e+05	1.213661e-09	1.163551e-01	2.375075e-03
5.374586e+00	-8.958192e+00	2.369114e+05	1.101052e-09	1.210615e-01	2.154706e-03
5.392518e+00	-9.002381e+00	2.468980e+05	9.945327e-10	1.261646e-01	1.946252e-03
5.409738e+00	-9.044971e+00	2.568845e+05	9.016320e-10	1.312677e-01	1.764450e-03
5.427670e+00	-9.089485e+00	2.677130e+05	8.137942e-10	1.368011e-01	1.592556e-03
5.444890e+00	-9.132401e+00	2.785415e+05	7.372233e-10	1.423344e-01	1.442710e-03
5.462821e+00	-9.177269e+00	2.902829e+05	6.648613e-10	1.483342e-01	1.301101e-03
5.480042e+00	-9.220538e+00	3.020243e+05	6.018138e-10	1.543341e-01	1.177720e-03
5.497973e+00	-9.265789e+00	3.147555e+05	5.422644e-10	1.608397e-01	1.061185e-03
5.515194e+00	-9.309441e+00	3.274868e+05	4.904098e-10	1.673454e-01	9.597081e-04
5.533125e+00	-9.355107e+00	3.412914e+05	4.414614e-10	1.743995e-01	8.639184e-04
5.550346e+00	-9.399175e+00	3.550960e+05	3.988645e-10	1.814537e-01	7.805584e-04
5.568277e+00	-9.445291e+00	3.700644e+05	3.586812e-10	1.891025e-01	7.019216e-04
5.585498e+00	-9.489809e+00	3.850328e+05	3.237359e-10	1.967513e-01	6.335354e-04
5.603429e+00	-9.536414e+00	4.012631e+05	2.907942e-10	2.050450e-01	5.690700e-04
5.620650e+00	-9.581420e+00	4.174934e+05	2.621680e-10	2.133387e-01	5.130500e-04
5.638581e+00	-9.628555e+00	4.350921e+05	2.352041e-10	2.223316e-01	4.602830e-04
5.655802e+00	-9.674091e+00	4.526907e+05	2.117919e-10	2.313245e-01	4.144664e-04
5.673733e+00	-9.721800e+00	4.717730e+05	1.897582e-10	2.410755e-01	3.713475e-04
5.690954e+00	-9.767909e+00	4.908553e+05	1.706439e-10	2.508265e-01	3.339418e-04
5.708885e+00	-9.816241e+00	5.115464e+05	1.526720e-10	2.613997e-01	2.987716e-04
5.726105e+00	-9.862973e+00	5.322375e+05	1.370967e-10	2.719728e-01	2.682915e-04
5.744037e+00	-9.911980e+00	5.546729e+05	1.224674e-10	2.834373e-01	2.396627e-04
5.761257e+00	-9.959387e+00	5.771084e+05	1.098027e-10	2.949018e-01	2.148785e-04
5.779189e+00	-1.000913e+01	6.014353e+05	9.792070e-11	3.073328e-01	1.916261e-04
5.796409e+00	-1.005726e+01	6.257622e+05	8.764662e-11	3.197638e-01	1.715202e-04
5.814341e+00	-1.010780e+01	6.521400e+05	7.801947e-11	3.332428e-01	1.526803e-04
5.831561e+00	-1.015673e+01	6.785179e+05	6.970596e-11	3.467219e-01	1.364112e-04
5.849493e+00	-1.020812e+01	7.071195e+05	6.192659e-11	3.613373e-01	1.211873e-04
5.866713e+00	-1.025792e+01	7.357211e+05	5.521836e-11	3.759527e-01	1.080596e-04
5.884645e+00	-1.031024e+01	7.667340e+05	4.895055e-11	3.918003e-01	9.579384e-05
5.901865e+00	-1.036097e+01	7.977470e+05	4.355427e-11	4.076478e-01	8.523359e-05
5.919797e+00	-1.041431e+01	8.313745e+05	3.852060e-11	4.248315e-01	7.538294e-05
5.937017e+00	-1.046605e+01	8.650020e+05	3.419435e-11	4.420151e-01	6.691669e-05
5.954949e+00	-1.052048e+01	9.014645e+05	3.016612e-11	4.606474e-01	5.903364e-05
5.972169e+00	-1.057332e+01	9.379270e+05	2.671061e-11	4.792797e-01	5.227136e-05
5.990101e+00	-1.062894e+01	9.774636e+05	2.349953e-11	4.994828e-01	4.598745e-05
6.007321e+00	-1.068297e+01	1.017000e+06	2.075075e-11	5.196859e-01	4.060822e-05
6.025253e+00	-1.073988e+01	1.059870e+06	1.820202e-11	5.415923e-01	3.562046e-05
6.042473e+00	-1.079520e+01	1.102739e+06	1.602523e-11	5.634987e-01	3.136059e-05
6.060404e+00	-1.085351e+01	1.149223e+06	1.401171e-11	5.872519e-01	2.742023e-05
6.077625e+00	-1.091022e+01	1.195707e+06	1.229638e-11	6.110051e-01	2.406341e-05
6.095556e+00	-1.097005e+01	1.246110e+06	1.071390e-11	6.367609e-01	2.096658e-05
6.112777e+00	-1.102828e+01	1.296513e+06	9.369513e-12	6.625166e-01	1.833568e-05
6.130708e+00	-1.108976e+01	1.351165e+06	8.132854e-12	6.904438e-01	1.591560e-05
6.147929e+00	-1.114963e+01	1.405817e+06	7.085459e-12	7.183709e-01	1.386590e-05
6.165860e+00	-1.121289e+01	1.465076e+06	6.125067e-12	7.486525e-01	1.198646e-05
6.183081e+00	-1.127455e+01	1.524336e+06	5.314383e-12	7.789340e-01	1.039999e-05
6.201012e+00	-1.133974e+01	1.588591e+06	4.573643e-12	8.117685e-01	8.950398e-06
6.218233e+00	-1.140333e+01	1.652847e+06	3.950671e-12	8.446030e-01	7.731271e-06
6.236164e+00	-1.147062e+01	1.722520e+06	3.383639e-12	8.802056e-01	6.621616e-06
6.253385e+00	-1.153630e+01	1.792192e+06	2.908682e-12	9.158083e-01	5.692148e-06
6.271316e+00	-1.160586e+01	1.867739e+06	2.478199e-12	9.544124e-01	4.849714e-06
6.288537e+00	-1.167382e+01	1.943285e+06	2.119216e-12	9.930166e-01	4.147202e-06
6.306468e+00	-1.174585e+01	2.025201e+06	1.795355e-12	1.034875e+00	3.513423e-06
6.323688e+00	-1.181628e+01	2.107116e+06	1.526598e-12	1.076734e+00	2.987478e-06
6.341620e+00	-1.189097e+01	2.195938e+06	1.285367e-12	1.122122e+00	2.515402e-06
6.358840e+00	-1.196407e+01	2.284759e+06	1.086248e-12	1.167509e+00	2.125735e-06
6.376772e+00	-1.204167e+01	2.381069e+06	9.085185e-13	1.216724e+00	1.777927e-06
6.393992e+00	-1.211766e+01	2.477378e+06	7.626718e-13	1.265938e+00	1.492512e-06
6.411924e+00	-1.219840e+01	2.581808e+06	6.332865e-13	1.319301e+00	1.239311e-06
6.429144e+00	-1.227754e+01	2.686237e+06	5.277909e-13	1.372664e+00	1.032861e-06
6.447076e+00	-1.236168e+01	2.799470e+06	4.348279e-13	1.430526e+00	8.509370e-07
6.464296e+00	-1.244423e+01	2.912703e+06	3.595605e-13	1.488388e+00	7.036424e-07
6.482228e+00	-1.253207e+01	3.035483e+06	2.937197e-13	1.551128e+00	5.747953e-07
6.499448e+00	-1.261831e+01	3.158262e+06	2.408205e-13	1.613868e+00	4.712740e-07
6.517380e+00	-1.271015e+01	3.291393e+06	1.949166e-13	1.681898e+00	3.814423e-07
6.534600e+00	-1.280040e+01	3.424523e+06	1.583446e-13	1.749928e+00	3.098727e-07
6.552532e+00	-1.289658e+01	3.568877e+06	1.268864e-13	1.823692e+00	2.483106e-07
6.569752e+00	-1.299117e+01	3.713232e+06	1.020531e-13	1.897457e+00	1.997129e-07
6.587684e+00	-1.309207e+01	3.869756e+06	8.089624e-14	1.977441e+00	1.583100e-07
6.604904e+00	-1.319137e+01	4.026280e+06	6.436202e-14	2.057425e+00	1.259533e-07
6.622836e+00	-1.329737e+01	4.196000e+06	5.042259e-14	2.144152e+00	9.867455e-08
6.640056e+00	-1.340178e+01	4.365721e+06	3.964786e-14	2.230878e+00	7.758893e-08
6.657987e+00	-1.351332e+01	4.549749e+06	3.066747e-14	2.324917e+00	6.001474e-08
6.675208e+00	-1.362326e+01	4.733778e+06	2.380868e-14	2.418955e+00	4.659242e-08
6.693139e+00	-1.374081e+01	4.933321e+06	1.816307e-14	2.520922e+00	3.554425e-08
6.710360e+00	-1.385676e+01	5.132865e+06	1.390729e-14	2.622888e+00	2.721589e-08
6.728291e+00	-1.398081e+01	5.349231e+06	1.045169e-14	2.733451e+00	2.045344e-08
6.745512e+00	-2.000000e+02	5.565597e+06	1.000000e-200	2.844014e+00	1.956951e-194
