########################################################################
#_src is in the AGN rest frame:cosmo                 
#nu_src  nuFnu_somma_src  nuFnu_Sync_src nuFnu_SSC_src nu_Fnu_Disk_src  nu_Fnu_DT_src nu_Fnu_Star_src nu_Fnu_EC_Disk_src nu_Fnu_EC_BLR_src nu_Fnu_EC_DT_src nu_Fnu_EC_Star_src nu_Fnu_EC_CMB_src  
########################################################################
6.0144e+00	 -6.5596e+01	 -6.5596e+01	 -6.5596e+01	 -6.5596e+01	 -6.5596e+01	 -6.5596e+01	 -6.5596e+01	 -6.5596e+01	 -6.5596e+01	 -6.5596e+01	 -6.5596e+01	 -6.5596e+01
6.1344e+00	 -6.5596e+01	 -6.5596e+01	 -6.5596e+01	 -6.5596e+01	 -6.5596e+01	 -6.5596e+01	 -6.5596e+01	 -6.5596e+01	 -6.5596e+01	 -6.5596e+01	 -6.5596e+01	 -6.5596e+01
6.2544e+00	 -6.5596e+01	 -6.5596e+01	 -6.5596e+01	 -6.5596e+01	 -6.5596e+01	 -6.5596e+01	 -6.5596e+01	 -6.5596e+01	 -6.5596e+01	 -6.5596e+01	 -6.5596e+01	 -6.5596e+01
6.3744e+00	 -6.5596e+01	 -6.5596e+01	 -6.5596e+01	 -6.5596e+01	 -6.5596e+01	 -6.5596e+01	 -6.5596e+01	 -6.5596e+01	 -6.5596e+01	 -6.5596e+01	 -6.5596e+01	 -6.5596e+01
6.4944e+00	 -6.5596e+01	 -6.5596e+01	 -6.5596e+01	 -6.5596e+01	 -6.5596e+01	 -6.5596e+01	 -6.5596e+01	 -6.5596e+01	 -6.5596e+01	 -6.5596e+01	 -6.5596e+01	 -6.5596e+01
6.6144e+00	 -6.5596e+01	 -6.5596e+01	 -6.5596e+01	 -6.5596e+01	 -6.5596e+01	 -6.5596e+01	 -6.5596e+01	 -6.5596e+01	 -6.5596e+01	 -6.5596e+01	 -6.5596e+01	 -6.5596e+01
6.7344e+00	 -6.5596e+01	 -6.5596e+01	 -6.5596e+01	 -6.5596e+01	 -6.5596e+01	 -6.5596e+01	 -6.5596e+01	 -6.5596e+01	 -6.5596e+01	 -6.5596e+01	 -6.5596e+01	 -6.5596e+01
6.8544e+00	 -6.5596e+01	 -6.5596e+01	 -6.5596e+01	 -6.5596e+01	 -6.5596e+01	 -6.5596e+01	 -6.5596e+01	 -6.5596e+01	 -6.5596e+01	 -6.5596e+01	 -6.5596e+01	 -6.5596e+01
6.9744e+00	 -6.5596e+01	 -6.5596e+01	 -6.5596e+01	 -6.5596e+01	 -6.5596e+01	 -6.5596e+01	 -6.5596e+01	 -6.5596e+01	 -6.5596e+01	 -6.5596e+01	 -6.5596e+01	 -6.5596e+01
7.0944e+00	 -6.5596e+01	 -6.5596e+01	 -6.5596e+01	 -6.5596e+01	 -6.5596e+01	 -6.5596e+01	 -6.5596e+01	 -6.5596e+01	 -6.5596e+01	 -6.5596e+01	 -6.5596e+01	 -6.5596e+01
7.2144e+00	 -6.5596e+01	 -6.5596e+01	 -6.5596e+01	 -6.5596e+01	 -6.5596e+01	 -6.5596e+01	 -6.5596e+01	 -6.5596e+01	 -6.5596e+01	 -6.5596e+01	 -6.5596e+01	 -6.5596e+01
7.3344e+00	 -6.5596e+01	 -6.5596e+01	 -6.5596e+01	 -6.5596e+01	 -6.5596e+01	 -6.5596e+01	 -6.5596e+01	 -6.5596e+01	 -6.5596e+01	 -6.5596e+01	 -6.5596e+01	 -6.5596e+01
7.4544e+00	 3.5451e+01	 3.5451e+01	 -6.5596e+01	 -6.5596e+01	 -6.5596e+01	 -6.5596e+01	 -6.5596e+01	 -6.5596e+01	 -6.5596e+01	 -6.5596e+01	 -6.5596e+01	 -6.5596e+01
7.5744e+00	 3.5806e+01	 3.5806e+01	 -6.5596e+01	 -6.5596e+01	 -6.5596e+01	 -6.5596e+01	 -6.5596e+01	 -6.5596e+01	 -6.5596e+01	 -6.5596e+01	 -6.5596e+01	 -6.5596e+01
7.6944e+00	 3.6156e+01	 3.6156e+01	 -6.5596e+01	 -6.5596e+01	 -6.5596e+01	 -6.5596e+01	 -6.5596e+01	 -6.5596e+01	 -6.5596e+01	 -6.5596e+01	 -6.5596e+01	 -6.5596e+01
7.8144e+00	 3.6492e+01	 3.6492e+01	 -6.5596e+01	 -6.5596e+01	 -6.5596e+01	 -6.5596e+01	 -6.5596e+01	 -6.5596e+01	 -6.5596e+01	 -6.5596e+01	 -6.5596e+01	 -6.5596e+01
7.9344e+00	 3.6803e+01	 3.6803e+01	 -6.5596e+01	 -6.5596e+01	 -6.5596e+01	 -6.5596e+01	 -6.5596e+01	 -6.5596e+01	 -6.5596e+01	 -6.5596e+01	 -6.5596e+01	 -6.5596e+01
8.0544e+00	 3.7079e+01	 3.7079e+01	 -6.5596e+01	 -6.5596e+01	 -6.5596e+01	 -6.5596e+01	 -6.5596e+01	 -6.5596e+01	 -6.5596e+01	 -6.5596e+01	 -6.5596e+01	 -6.5596e+01
8.1744e+00	 3.7325e+01	 3.7325e+01	 -6.5596e+01	 -6.5596e+01	 -6.5596e+01	 -6.5596e+01	 -6.5596e+01	 -6.5596e+01	 -6.5596e+01	 -6.5596e+01	 -6.5596e+01	 -6.5596e+01
8.2944e+00	 3.7545e+01	 3.7545e+01	 -6.5596e+01	 -6.5596e+01	 -6.5596e+01	 -6.5596e+01	 -6.5596e+01	 -6.5596e+01	 -6.5596e+01	 -6.5596e+01	 -6.5596e+01	 -6.5596e+01
8.4144e+00	 3.7745e+01	 3.7745e+01	 -6.5596e+01	 -6.5596e+01	 -6.5596e+01	 -6.5596e+01	 -6.5596e+01	 -6.5596e+01	 -6.5596e+01	 -6.5596e+01	 -6.5596e+01	 -6.5596e+01
8.5344e+00	 3.7932e+01	 3.7932e+01	 -6.5596e+01	 -6.5596e+01	 -6.5596e+01	 -6.5596e+01	 -6.5596e+01	 -6.5596e+01	 -6.5596e+01	 -6.5596e+01	 -6.5596e+01	 -6.5596e+01
8.6544e+00	 3.8109e+01	 3.8109e+01	 -6.5596e+01	 -6.5596e+01	 -6.5596e+01	 -6.5596e+01	 -6.5596e+01	 -6.5596e+01	 -6.5596e+01	 -6.5596e+01	 -6.5596e+01	 -6.5596e+01
8.7744e+00	 3.8280e+01	 3.8280e+01	 -6.5596e+01	 -6.5596e+01	 -6.5596e+01	 -6.5596e+01	 -6.5596e+01	 -6.5596e+01	 -6.5596e+01	 -6.5596e+01	 -6.5596e+01	 -6.5596e+01
8.8944e+00	 3.8447e+01	 3.8447e+01	 -6.5596e+01	 -6.5596e+01	 -6.5596e+01	 -6.5596e+01	 -6.5596e+01	 -6.5596e+01	 -6.5596e+01	 -6.5596e+01	 -6.5596e+01	 -6.5596e+01
9.0144e+00	 3.8611e+01	 3.8611e+01	 -6.5596e+01	 -6.5596e+01	 -6.5596e+01	 -6.5596e+01	 -6.5596e+01	 -6.5596e+01	 -6.5596e+01	 -6.5596e+01	 -6.5596e+01	 -6.5596e+01
9.1344e+00	 3.8773e+01	 3.8773e+01	 -6.5596e+01	 -6.5596e+01	 -6.5596e+01	 -6.5596e+01	 -6.5596e+01	 -6.5596e+01	 -6.5596e+01	 -6.5596e+01	 -6.5596e+01	 -6.5596e+01
9.2544e+00	 3.8934e+01	 3.8934e+01	 -6.5596e+01	 -6.5596e+01	 -6.5596e+01	 -6.5596e+01	 -6.5596e+01	 -6.5596e+01	 -6.5596e+01	 -6.5596e+01	 -6.5596e+01	 -6.5596e+01
9.3744e+00	 3.9095e+01	 3.9095e+01	 -6.5596e+01	 -6.5596e+01	 -6.5596e+01	 -6.5596e+01	 -6.5596e+01	 -6.5596e+01	 -6.5596e+01	 -6.5596e+01	 -6.5596e+01	 -6.5596e+01
9.4944e+00	 3.9254e+01	 3.9254e+01	 -6.5596e+01	 -6.5596e+01	 -6.5596e+01	 -6.5596e+01	 -6.5596e+01	 -6.5596e+01	 -6.5596e+01	 -6.5596e+01	 -6.5596e+01	 -6.5596e+01
9.6144e+00	 3.9414e+01	 3.9414e+01	 -6.5596e+01	 -6.5596e+01	 -6.5596e+01	 -6.5596e+01	 -6.5596e+01	 -6.5596e+01	 -6.5596e+01	 -6.5596e+01	 -6.5596e+01	 -6.5596e+01
9.7344e+00	 3.9573e+01	 3.9573e+01	 -6.5596e+01	 -6.5596e+01	 -6.5596e+01	 -6.5596e+01	 -6.5596e+01	 -6.5596e+01	 -6.5596e+01	 -6.5596e+01	 -6.5596e+01	 -6.5596e+01
9.8544e+00	 3.9732e+01	 3.9732e+01	 -6.5596e+01	 -6.5596e+01	 -6.5596e+01	 -6.5596e+01	 -6.5596e+01	 -6.5596e+01	 -6.5596e+01	 -6.5596e+01	 -6.5596e+01	 -6.5596e+01
9.9744e+00	 3.9890e+01	 3.9890e+01	 -6.5596e+01	 -6.5596e+01	 -6.5596e+01	 -6.5596e+01	 -6.5596e+01	 -6.5596e+01	 -6.5596e+01	 -6.5596e+01	 -6.5596e+01	 -6.5596e+01
1.0094e+01	 4.0048e+01	 4.0048e+01	 -6.5596e+01	 -6.5596e+01	 -6.5596e+01	 -6.5596e+01	 -6.5596e+01	 -6.5596e+01	 -6.5596e+01	 -6.5596e+01	 -6.5596e+01	 -6.5596e+01
1.0214e+01	 4.0205e+01	 4.0205e+01	 -6.5596e+01	 -6.5596e+01	 -6.5596e+01	 -6.5596e+01	 -6.5596e+01	 -6.5596e+01	 -6.5596e+01	 -6.5596e+01	 -6.5596e+01	 -6.5596e+01
1.0334e+01	 4.0362e+01	 4.0362e+01	 -6.5596e+01	 -6.5596e+01	 -6.5596e+01	 -6.5596e+01	 -6.5596e+01	 -6.5596e+01	 -6.5596e+01	 -6.5596e+01	 -6.5596e+01	 -6.5596e+01
1.0454e+01	 4.0518e+01	 4.0518e+01	 -6.5596e+01	 -6.5596e+01	 -6.5596e+01	 -6.5596e+01	 -6.5596e+01	 -6.5596e+01	 -6.5596e+01	 -6.5596e+01	 -6.5596e+01	 -6.5596e+01
1.0574e+01	 4.0674e+01	 4.0674e+01	 -6.5596e+01	 -6.5596e+01	 -6.5596e+01	 -6.5596e+01	 -6.5596e+01	 -6.5596e+01	 -6.5596e+01	 -6.5596e+01	 -6.5596e+01	 -6.5596e+01
1.0694e+01	 4.0828e+01	 4.0828e+01	 -6.5596e+01	 -6.5596e+01	 -6.5596e+01	 -6.5596e+01	 -6.5596e+01	 -6.5596e+01	 -6.5596e+01	 -6.5596e+01	 -6.5596e+01	 -6.5596e+01
1.0814e+01	 4.0982e+01	 4.0982e+01	 -6.5596e+01	 -6.5596e+01	 -6.5596e+01	 -6.5596e+01	 -6.5596e+01	 -6.5596e+01	 -6.5596e+01	 -6.5596e+01	 -6.5596e+01	 -6.5596e+01
1.0934e+01	 4.1133e+01	 4.1133e+01	 -6.5596e+01	 -6.5596e+01	 -6.5596e+01	 -6.5596e+01	 -6.5596e+01	 -6.5596e+01	 -6.5596e+01	 -6.5596e+01	 -6.5596e+01	 -6.5596e+01
1.1054e+01	 4.1283e+01	 4.1283e+01	 -6.5596e+01	 -6.5596e+01	 -6.5596e+01	 -6.5596e+01	 -6.5596e+01	 -6.5596e+01	 -6.5596e+01	 -6.5596e+01	 -6.5596e+01	 -6.5596e+01
1.1174e+01	 4.1431e+01	 4.1431e+01	 -6.5596e+01	 -6.5596e+01	 -6.5596e+01	 -6.5596e+01	 -6.5596e+01	 -6.5596e+01	 -6.5596e+01	 -6.5596e+01	 -6.5596e+01	 -6.5596e+01
1.1294e+01	 4.1576e+01	 4.1576e+01	 -6.5596e+01	 -6.5596e+01	 -6.5596e+01	 -6.5596e+01	 -6.5596e+01	 -6.5596e+01	 -6.5596e+01	 -6.5596e+01	 -6.5596e+01	 -6.5596e+01
1.1414e+01	 4.1717e+01	 4.1717e+01	 -6.5596e+01	 -6.5596e+01	 -6.5596e+01	 -6.5596e+01	 -6.5596e+01	 -6.5596e+01	 -6.5596e+01	 -6.5596e+01	 -6.5596e+01	 -6.5596e+01
1.1534e+01	 4.1855e+01	 4.1855e+01	 -6.5596e+01	 -6.5596e+01	 -6.5596e+01	 -6.5596e+01	 -6.5596e+01	 -6.5596e+01	 -6.5596e+01	 -6.5596e+01	 -6.5596e+01	 -6.5596e+01
1.1654e+01	 4.1988e+01	 4.1988e+01	 -6.5596e+01	 -6.5596e+01	 -6.5596e+01	 -6.5596e+01	 -6.5596e+01	 -6.5596e+01	 -6.5596e+01	 -6.5596e+01	 -6.5596e+01	 -6.5596e+01
1.1774e+01	 4.2115e+01	 4.2115e+01	 -6.5596e+01	 -6.5596e+01	 -6.5596e+01	 -6.5596e+01	 -6.5596e+01	 -6.5596e+01	 -6.5596e+01	 -6.5596e+01	 -6.5596e+01	 -6.5596e+01
1.1894e+01	 4.2233e+01	 4.2233e+01	 -6.5596e+01	 -6.5596e+01	 -6.5596e+01	 -6.5596e+01	 -6.5596e+01	 -6.5596e+01	 -6.5596e+01	 -6.5596e+01	 -6.5596e+01	 -6.5596e+01
1.2014e+01	 4.2343e+01	 4.2343e+01	 -6.5596e+01	 -6.5596e+01	 -6.5596e+01	 -6.5596e+01	 -6.5596e+01	 -6.5596e+01	 -6.5596e+01	 -6.5596e+01	 -6.5596e+01	 -6.5596e+01
1.2134e+01	 4.2443e+01	 4.2443e+01	 -6.5596e+01	 -6.5596e+01	 -6.5596e+01	 -6.5596e+01	 -6.5596e+01	 -6.5596e+01	 -6.5596e+01	 -6.5596e+01	 -6.5596e+01	 -6.5596e+01
1.2254e+01	 4.2532e+01	 4.2532e+01	 -6.5596e+01	 -6.5596e+01	 -6.5596e+01	 -6.5596e+01	 -6.5596e+01	 -6.5596e+01	 -6.5596e+01	 -6.5596e+01	 -6.5596e+01	 -6.5596e+01
1.2374e+01	 4.2610e+01	 4.2610e+01	 -6.5596e+01	 -6.5596e+01	 -6.5596e+01	 -6.5596e+01	 -6.5596e+01	 -6.5596e+01	 -6.5596e+01	 -6.5596e+01	 -6.5596e+01	 -6.5596e+01
1.2494e+01	 4.2677e+01	 4.2677e+01	 -6.5596e+01	 -6.5596e+01	 -6.5596e+01	 -6.5596e+01	 -6.5596e+01	 -6.5596e+01	 -6.5596e+01	 -6.5596e+01	 -6.5596e+01	 -6.5596e+01
1.2614e+01	 4.2735e+01	 4.2735e+01	 -6.5596e+01	 -6.5596e+01	 -6.5596e+01	 -6.5596e+01	 -6.5596e+01	 -6.5596e+01	 -6.5596e+01	 -6.5596e+01	 -6.5596e+01	 -6.5596e+01
1.2734e+01	 4.2785e+01	 4.2785e+01	 -6.5596e+01	 -6.5596e+01	 -6.5596e+01	 -6.5596e+01	 -6.5596e+01	 -6.5596e+01	 -6.5596e+01	 -6.5596e+01	 -6.5596e+01	 -6.5596e+01
1.2854e+01	 4.2832e+01	 4.2832e+01	 -6.5596e+01	 -6.5596e+01	 -6.5596e+01	 -6.5596e+01	 -6.5596e+01	 -6.5596e+01	 -6.5596e+01	 -6.5596e+01	 -6.5596e+01	 -6.5596e+01
1.2974e+01	 4.2877e+01	 4.2877e+01	 -6.5596e+01	 -6.5596e+01	 -6.5596e+01	 -6.5596e+01	 -6.5596e+01	 -6.5596e+01	 -6.5596e+01	 -6.5596e+01	 -6.5596e+01	 -6.5596e+01
1.3094e+01	 4.2922e+01	 4.2922e+01	 -6.5596e+01	 -6.5596e+01	 -6.5596e+01	 -6.5596e+01	 -6.5596e+01	 -6.5596e+01	 -6.5596e+01	 -6.5596e+01	 -6.5596e+01	 -6.5596e+01
1.3214e+01	 4.2966e+01	 4.2966e+01	 -6.5596e+01	 -6.5596e+01	 -6.5596e+01	 -6.5596e+01	 -6.5596e+01	 -6.5596e+01	 -6.5596e+01	 -6.5596e+01	 -6.5596e+01	 -6.5596e+01
1.3334e+01	 4.3010e+01	 4.3010e+01	 -6.5596e+01	 -6.5596e+01	 -6.5596e+01	 -6.5596e+01	 -6.5596e+01	 -6.5596e+01	 -6.5596e+01	 -6.5596e+01	 -6.5596e+01	 -6.5596e+01
1.3454e+01	 4.3055e+01	 4.3055e+01	 -6.5596e+01	 -6.5596e+01	 -6.5596e+01	 -6.5596e+01	 -6.5596e+01	 -6.5596e+01	 -6.5596e+01	 -6.5596e+01	 -6.5596e+01	 -6.5596e+01
1.3574e+01	 4.3099e+01	 4.3099e+01	 -6.5596e+01	 -6.5596e+01	 -6.5596e+01	 -6.5596e+01	 -6.5596e+01	 -6.5596e+01	 -6.5596e+01	 -6.5596e+01	 -6.5596e+01	 -6.5596e+01
1.3694e+01	 4.3143e+01	 4.3143e+01	 -6.5596e+01	 -6.5596e+01	 -6.5596e+01	 -6.5596e+01	 -6.5596e+01	 -6.5596e+01	 -6.5596e+01	 -6.5596e+01	 -6.5596e+01	 -6.5596e+01
1.3814e+01	 4.3186e+01	 4.3186e+01	 -6.5596e+01	 -6.5596e+01	 -6.5596e+01	 -6.5596e+01	 -6.5596e+01	 -6.5596e+01	 -6.5596e+01	 -6.5596e+01	 -6.5596e+01	 -6.5596e+01
1.3934e+01	 4.3230e+01	 4.3230e+01	 -6.5596e+01	 -6.5596e+01	 -6.5596e+01	 -6.5596e+01	 -6.5596e+01	 -6.5596e+01	 -6.5596e+01	 -6.5596e+01	 -6.5596e+01	 -6.5596e+01
1.4054e+01	 4.3273e+01	 4.3273e+01	 -6.5596e+01	 -6.5596e+01	 -6.5596e+01	 -6.5596e+01	 -6.5596e+01	 -6.5596e+01	 -6.5596e+01	 -6.5596e+01	 -6.5596e+01	 -6.5596e+01
1.4174e+01	 4.3317e+01	 4.3317e+01	 -6.5596e+01	 -6.5596e+01	 -6.5596e+01	 -6.5596e+01	 -6.5596e+01	 -6.5596e+01	 -6.5596e+01	 -6.5596e+01	 -6.5596e+01	 -6.5596e+01
1.4294e+01	 4.3359e+01	 4.3359e+01	 -6.5596e+01	 -6.5596e+01	 -6.5596e+01	 -6.5596e+01	 -6.5596e+01	 -6.5596e+01	 -6.5596e+01	 -6.5596e+01	 -6.5596e+01	 -6.5596e+01
1.4414e+01	 4.3402e+01	 4.3402e+01	 -6.5596e+01	 -6.5596e+01	 -6.5596e+01	 -6.5596e+01	 -6.5596e+01	 -6.5596e+01	 -6.5596e+01	 -6.5596e+01	 -6.5596e+01	 -6.5596e+01
1.4534e+01	 4.3444e+01	 4.3444e+01	 -6.5596e+01	 -6.5596e+01	 -6.5596e+01	 -6.5596e+01	 -6.5596e+01	 -6.5596e+01	 -6.5596e+01	 -6.5596e+01	 -6.5596e+01	 -6.5596e+01
1.4654e+01	 4.3486e+01	 4.3486e+01	 -6.5596e+01	 -6.5596e+01	 -6.5596e+01	 -6.5596e+01	 -6.5596e+01	 -6.5596e+01	 -6.5596e+01	 -6.5596e+01	 -6.5596e+01	 -6.5596e+01
1.4774e+01	 4.3528e+01	 4.3528e+01	 -6.5596e+01	 -6.5596e+01	 -6.5596e+01	 -6.5596e+01	 -6.5596e+01	 -6.5596e+01	 -6.5596e+01	 -6.5596e+01	 -6.5596e+01	 -6.5596e+01
1.4894e+01	 4.3569e+01	 4.3569e+01	 -6.5596e+01	 -6.5596e+01	 -6.5596e+01	 -6.5596e+01	 -6.5596e+01	 -6.5596e+01	 -6.5596e+01	 -6.5596e+01	 -6.5596e+01	 -6.5596e+01
1.5014e+01	 4.3609e+01	 4.3609e+01	 -6.5596e+01	 -6.5596e+01	 -6.5596e+01	 -6.5596e+01	 -6.5596e+01	 -6.5596e+01	 -6.5596e+01	 -6.5596e+01	 -6.5596e+01	 -6.5596e+01
1.5134e+01	 4.3649e+01	 4.3649e+01	 -6.5596e+01	 -6.5596e+01	 -6.5596e+01	 -6.5596e+01	 -6.5596e+01	 -6.5596e+01	 -6.5596e+01	 -6.5596e+01	 -6.5596e+01	 -6.5596e+01
1.5254e+01	 4.3688e+01	 4.3688e+01	 -6.5596e+01	 -6.5596e+01	 -6.5596e+01	 -6.5596e+01	 -6.5596e+01	 -6.5596e+01	 -6.5596e+01	 -6.5596e+01	 -6.5596e+01	 -6.5596e+01
1.5374e+01	 4.3726e+01	 4.3726e+01	 -6.5596e+01	 -6.5596e+01	 -6.5596e+01	 -6.5596e+01	 -6.5596e+01	 -6.5596e+01	 -6.5596e+01	 -6.5596e+01	 -6.5596e+01	 -6.5596e+01
1.5494e+01	 4.3763e+01	 4.3763e+01	 -6.5596e+01	 -6.5596e+01	 -6.5596e+01	 -6.5596e+01	 -6.5596e+01	 -6.5596e+01	 -6.5596e+01	 -6.5596e+01	 -6.5596e+01	 -6.5596e+01
1.5614e+01	 4.3800e+01	 4.3800e+01	 -6.5596e+01	 -6.5596e+01	 -6.5596e+01	 -6.5596e+01	 -6.5596e+01	 -6.5596e+01	 -6.5596e+01	 -6.5596e+01	 -6.5596e+01	 -6.5596e+01
1.5734e+01	 4.3835e+01	 4.3835e+01	 -6.5596e+01	 -6.5596e+01	 -6.5596e+01	 -6.5596e+01	 -6.5596e+01	 -6.5596e+01	 -6.5596e+01	 -6.5596e+01	 -6.5596e+01	 -6.5596e+01
1.5854e+01	 4.3869e+01	 4.3869e+01	 -6.5596e+01	 -6.5596e+01	 -6.5596e+01	 -6.5596e+01	 -6.5596e+01	 -6.5596e+01	 -6.5596e+01	 -6.5596e+01	 -6.5596e+01	 -6.5596e+01
1.5974e+01	 4.3901e+01	 4.3901e+01	 -6.5596e+01	 -6.5596e+01	 -6.5596e+01	 -6.5596e+01	 -6.5596e+01	 -6.5596e+01	 -6.5596e+01	 -6.5596e+01	 -6.5596e+01	 -6.5596e+01
1.6094e+01	 4.3932e+01	 4.3932e+01	 -6.5596e+01	 -6.5596e+01	 -6.5596e+01	 -6.5596e+01	 -6.5596e+01	 -6.5596e+01	 -6.5596e+01	 -6.5596e+01	 -6.5596e+01	 -6.5596e+01
1.6214e+01	 4.3961e+01	 4.3961e+01	 -6.5596e+01	 -6.5596e+01	 -6.5596e+01	 -6.5596e+01	 -6.5596e+01	 -6.5596e+01	 -6.5596e+01	 -6.5596e+01	 -6.5596e+01	 -6.5596e+01
1.6334e+01	 4.3988e+01	 4.3988e+01	 -6.5596e+01	 -6.5596e+01	 -6.5596e+01	 -6.5596e+01	 -6.5596e+01	 -6.5596e+01	 -6.5596e+01	 -6.5596e+01	 -6.5596e+01	 -6.5596e+01
1.6454e+01	 4.4013e+01	 4.4013e+01	 -6.5596e+01	 -6.5596e+01	 -6.5596e+01	 -6.5596e+01	 -6.5596e+01	 -6.5596e+01	 -6.5596e+01	 -6.5596e+01	 -6.5596e+01	 -6.5596e+01
1.6574e+01	 4.4036e+01	 4.4036e+01	 -6.5596e+01	 -6.5596e+01	 -6.5596e+01	 -6.5596e+01	 -6.5596e+01	 -6.5596e+01	 -6.5596e+01	 -6.5596e+01	 -6.5596e+01	 -6.5596e+01
1.6694e+01	 4.4056e+01	 4.4056e+01	 -6.5596e+01	 -6.5596e+01	 -6.5596e+01	 -6.5596e+01	 -6.5596e+01	 -6.5596e+01	 -6.5596e+01	 -6.5596e+01	 -6.5596e+01	 -6.5596e+01
1.6814e+01	 4.4073e+01	 4.4073e+01	 -6.5596e+01	 -6.5596e+01	 -6.5596e+01	 -6.5596e+01	 -6.5596e+01	 -6.5596e+01	 -6.5596e+01	 -6.5596e+01	 -6.5596e+01	 -6.5596e+01
1.6934e+01	 4.4087e+01	 4.4087e+01	 -6.5596e+01	 -6.5596e+01	 -6.5596e+01	 -6.5596e+01	 -6.5596e+01	 -6.5596e+01	 -6.5596e+01	 -6.5596e+01	 -6.5596e+01	 -6.5596e+01
1.7054e+01	 4.4096e+01	 4.4096e+01	 -6.5596e+01	 -6.5596e+01	 -6.5596e+01	 -6.5596e+01	 -6.5596e+01	 -6.5596e+01	 -6.5596e+01	 -6.5596e+01	 -6.5596e+01	 -6.5596e+01
1.7174e+01	 4.4102e+01	 4.4102e+01	 -6.5596e+01	 -6.5596e+01	 -6.5596e+01	 -6.5596e+01	 -6.5596e+01	 -6.5596e+01	 -6.5596e+01	 -6.5596e+01	 -6.5596e+01	 -6.5596e+01
1.7294e+01	 4.4104e+01	 4.4104e+01	 3.9025e+01	 -6.5596e+01	 -6.5596e+01	 -6.5596e+01	 -6.5596e+01	 -6.5596e+01	 -6.5596e+01	 -6.5596e+01	 -6.5596e+01	 -6.5596e+01
1.7414e+01	 4.4100e+01	 4.4100e+01	 3.9173e+01	 -6.5596e+01	 -6.5596e+01	 -6.5596e+01	 -6.5596e+01	 -6.5596e+01	 -6.5596e+01	 -6.5596e+01	 -6.5596e+01	 -6.5596e+01
1.7534e+01	 4.4091e+01	 4.4091e+01	 3.9322e+01	 -6.5596e+01	 -6.5596e+01	 -6.5596e+01	 -6.5596e+01	 -6.5596e+01	 -6.5596e+01	 -6.5596e+01	 -6.5596e+01	 -6.5596e+01
1.7654e+01	 4.4077e+01	 4.4077e+01	 3.9484e+01	 -6.5596e+01	 -6.5596e+01	 -6.5596e+01	 -6.5596e+01	 -6.5596e+01	 -6.5596e+01	 -6.5596e+01	 -6.5596e+01	 -6.5596e+01
1.7774e+01	 4.4055e+01	 4.4055e+01	 3.9646e+01	 -6.5596e+01	 -6.5596e+01	 -6.5596e+01	 -6.5596e+01	 -6.5596e+01	 -6.5596e+01	 -6.5596e+01	 -6.5596e+01	 -6.5596e+01
1.7894e+01	 4.4026e+01	 4.4026e+01	 3.9776e+01	 -6.5596e+01	 -6.5596e+01	 -6.5596e+01	 -6.5596e+01	 -6.5596e+01	 -6.5596e+01	 -6.5596e+01	 -6.5596e+01	 -6.5596e+01
1.8014e+01	 4.3989e+01	 4.3989e+01	 3.9893e+01	 -6.5596e+01	 -6.5596e+01	 -6.5596e+01	 -6.5596e+01	 -6.5596e+01	 -6.5596e+01	 -6.5596e+01	 -6.5596e+01	 -6.5596e+01
1.8134e+01	 4.3942e+01	 4.3942e+01	 4.0014e+01	 -6.5596e+01	 -6.5596e+01	 -6.5596e+01	 -6.5596e+01	 -6.5596e+01	 -6.5596e+01	 -6.5596e+01	 -6.5596e+01	 -6.5596e+01
1.8254e+01	 4.3887e+01	 4.3887e+01	 4.0142e+01	 -6.5596e+01	 -6.5596e+01	 -6.5596e+01	 -6.5596e+01	 -6.5596e+01	 -6.5596e+01	 -6.5596e+01	 -6.5596e+01	 -6.5596e+01
1.8374e+01	 4.3820e+01	 4.3820e+01	 4.0270e+01	 -6.5596e+01	 -6.5596e+01	 -6.5596e+01	 -6.5596e+01	 -6.5596e+01	 -6.5596e+01	 -6.5596e+01	 -6.5596e+01	 -6.5596e+01
1.8494e+01	 4.3742e+01	 4.3742e+01	 4.0404e+01	 -6.5596e+01	 -6.5596e+01	 -6.5596e+01	 -6.5596e+01	 -6.5596e+01	 -6.5596e+01	 -6.5596e+01	 -6.5596e+01	 -6.5596e+01
1.8614e+01	 4.3650e+01	 4.3650e+01	 4.0539e+01	 -6.5596e+01	 -6.5596e+01	 -6.5596e+01	 -6.5596e+01	 -6.5596e+01	 -6.5596e+01	 -6.5596e+01	 -6.5596e+01	 -6.5596e+01
1.8734e+01	 4.3543e+01	 4.3543e+01	 4.0664e+01	 -6.5596e+01	 -6.5596e+01	 -6.5596e+01	 -6.5596e+01	 -6.5596e+01	 -6.5596e+01	 -6.5596e+01	 -6.5596e+01	 -6.5596e+01
1.8854e+01	 4.3417e+01	 4.3416e+01	 4.0784e+01	 -6.5596e+01	 -6.5596e+01	 -6.5596e+01	 -6.5596e+01	 -6.5596e+01	 -6.5596e+01	 -6.5596e+01	 -6.5596e+01	 -6.5596e+01
1.8974e+01	 4.3270e+01	 4.3268e+01	 4.0897e+01	 -6.5596e+01	 -6.5596e+01	 -6.5596e+01	 -6.5596e+01	 -6.5596e+01	 -6.5596e+01	 -6.5596e+01	 -6.5596e+01	 -6.5596e+01
1.9094e+01	 4.3098e+01	 4.3094e+01	 4.0983e+01	 -6.5596e+01	 -6.5596e+01	 -6.5596e+01	 -6.5596e+01	 -6.5596e+01	 -6.5596e+01	 -6.5596e+01	 -6.5596e+01	 -6.5596e+01
1.9214e+01	 4.2895e+01	 4.2889e+01	 4.1070e+01	 -6.5596e+01	 -6.5596e+01	 -6.5596e+01	 -6.5596e+01	 -6.5596e+01	 -6.5596e+01	 -6.5596e+01	 -6.5596e+01	 -6.5596e+01
1.9334e+01	 4.2657e+01	 4.2643e+01	 4.1163e+01	 -6.5596e+01	 -6.5596e+01	 -6.5596e+01	 -6.5596e+01	 -6.5596e+01	 -6.5596e+01	 -6.5596e+01	 -6.5596e+01	 -6.5596e+01
1.9454e+01	 4.2379e+01	 4.2345e+01	 4.1258e+01	 -6.5596e+01	 -6.5596e+01	 -6.5596e+01	 -6.5596e+01	 -6.5596e+01	 -6.5596e+01	 -6.5596e+01	 -6.5596e+01	 -6.5596e+01
1.9574e+01	 4.2070e+01	 4.1978e+01	 4.1348e+01	 -6.5596e+01	 -6.5596e+01	 -6.5596e+01	 -6.5596e+01	 -6.5596e+01	 -6.5596e+01	 -6.5596e+01	 -6.5596e+01	 -6.5596e+01
1.9694e+01	 4.1780e+01	 4.1522e+01	 4.1433e+01	 -6.5596e+01	 -6.5596e+01	 -6.5596e+01	 -6.5596e+01	 -6.5596e+01	 -6.5596e+01	 -6.5596e+01	 -6.5596e+01	 -6.5596e+01
1.9814e+01	 4.1615e+01	 4.0919e+01	 4.1517e+01	 -6.5596e+01	 -6.5596e+01	 -6.5596e+01	 -6.5596e+01	 -6.5596e+01	 -6.5596e+01	 -6.5596e+01	 -6.5596e+01	 -6.5596e+01
1.9934e+01	 4.1608e+01	 4.0140e+01	 4.1593e+01	 -6.5596e+01	 -6.5596e+01	 -6.5596e+01	 -6.5596e+01	 -6.5596e+01	 -6.5596e+01	 -6.5596e+01	 -6.5596e+01	 -6.5596e+01
2.0054e+01	 4.1671e+01	 3.9126e+01	 4.1669e+01	 -6.5596e+01	 -6.5596e+01	 -6.5596e+01	 -6.5596e+01	 -6.5596e+01	 -6.5596e+01	 -6.5596e+01	 -6.5596e+01	 -6.5596e+01
2.0174e+01	 4.1742e+01	 3.7803e+01	 4.1742e+01	 -6.5596e+01	 -6.5596e+01	 -6.5596e+01	 -6.5596e+01	 -6.5596e+01	 -6.5596e+01	 -6.5596e+01	 -6.5596e+01	 -6.5596e+01
2.0294e+01	 4.1813e+01	 3.6068e+01	 4.1813e+01	 -6.5596e+01	 -6.5596e+01	 -6.5596e+01	 -6.5596e+01	 -6.5596e+01	 -6.5596e+01	 -6.5596e+01	 -6.5596e+01	 -6.5596e+01
2.0414e+01	 4.1882e+01	 3.3793e+01	 4.1882e+01	 -6.5596e+01	 -6.5596e+01	 -6.5596e+01	 -6.5596e+01	 -6.5596e+01	 -6.5596e+01	 -6.5596e+01	 -6.5596e+01	 -6.5596e+01
2.0534e+01	 4.1949e+01	 3.0812e+01	 4.1949e+01	 -6.5596e+01	 -6.5596e+01	 -6.5596e+01	 -6.5596e+01	 -6.5596e+01	 -6.5596e+01	 -6.5596e+01	 -6.5596e+01	 -6.5596e+01
2.0654e+01	 4.2016e+01	 2.6909e+01	 4.2016e+01	 -6.5596e+01	 -6.5596e+01	 -6.5596e+01	 -6.5596e+01	 -6.5596e+01	 -6.5596e+01	 -6.5596e+01	 -6.5596e+01	 -6.5596e+01
2.0774e+01	 4.2085e+01	 2.1596e+01	 4.2085e+01	 -6.5596e+01	 -6.5596e+01	 -6.5596e+01	 -6.5596e+01	 -6.5596e+01	 -6.5596e+01	 -6.5596e+01	 -6.5596e+01	 -6.5596e+01
2.0894e+01	 4.2154e+01	 -6.5596e+01	 4.2154e+01	 -6.5596e+01	 -6.5596e+01	 -6.5596e+01	 -6.5596e+01	 -6.5596e+01	 -6.5596e+01	 -6.5596e+01	 -6.5596e+01	 -6.5596e+01
2.1014e+01	 4.2218e+01	 -6.5596e+01	 4.2218e+01	 -6.5596e+01	 -6.5596e+01	 -6.5596e+01	 -6.5596e+01	 -6.5596e+01	 -6.5596e+01	 -6.5596e+01	 -6.5596e+01	 -6.5596e+01
2.1134e+01	 4.2276e+01	 -6.5596e+01	 4.2276e+01	 -6.5596e+01	 -6.5596e+01	 -6.5596e+01	 -6.5596e+01	 -6.5596e+01	 -6.5596e+01	 -6.5596e+01	 -6.5596e+01	 -6.5596e+01
2.1254e+01	 4.2336e+01	 -6.5596e+01	 4.2336e+01	 -6.5596e+01	 -6.5596e+01	 -6.5596e+01	 -6.5596e+01	 -6.5596e+01	 -6.5596e+01	 -6.5596e+01	 -6.5596e+01	 -6.5596e+01
2.1374e+01	 4.2399e+01	 -6.5596e+01	 4.2399e+01	 -6.5596e+01	 -6.5596e+01	 -6.5596e+01	 -6.5596e+01	 -6.5596e+01	 -6.5596e+01	 -6.5596e+01	 -6.5596e+01	 -6.5596e+01
2.1494e+01	 4.2463e+01	 -6.5596e+01	 4.2463e+01	 -6.5596e+01	 -6.5596e+01	 -6.5596e+01	 -6.5596e+01	 -6.5596e+01	 -6.5596e+01	 -6.5596e+01	 -6.5596e+01	 -6.5596e+01
2.1614e+01	 4.2519e+01	 -6.5596e+01	 4.2519e+01	 -6.5596e+01	 -6.5596e+01	 -6.5596e+01	 -6.5596e+01	 -6.5596e+01	 -6.5596e+01	 -6.5596e+01	 -6.5596e+01	 -6.5596e+01
2.1734e+01	 4.2574e+01	 -6.5596e+01	 4.2574e+01	 -6.5596e+01	 -6.5596e+01	 -6.5596e+01	 -6.5596e+01	 -6.5596e+01	 -6.5596e+01	 -6.5596e+01	 -6.5596e+01	 -6.5596e+01
2.1854e+01	 4.2630e+01	 -6.5596e+01	 4.2630e+01	 -6.5596e+01	 -6.5596e+01	 -6.5596e+01	 -6.5596e+01	 -6.5596e+01	 -6.5596e+01	 -6.5596e+01	 -6.5596e+01	 -6.5596e+01
2.1974e+01	 4.2686e+01	 -6.5596e+01	 4.2686e+01	 -6.5596e+01	 -6.5596e+01	 -6.5596e+01	 -6.5596e+01	 -6.5596e+01	 -6.5596e+01	 -6.5596e+01	 -6.5596e+01	 -6.5596e+01
2.2094e+01	 4.2743e+01	 -6.5596e+01	 4.2743e+01	 -6.5596e+01	 -6.5596e+01	 -6.5596e+01	 -6.5596e+01	 -6.5596e+01	 -6.5596e+01	 -6.5596e+01	 -6.5596e+01	 -6.5596e+01
2.2214e+01	 4.2798e+01	 -6.5596e+01	 4.2798e+01	 -6.5596e+01	 -6.5596e+01	 -6.5596e+01	 -6.5596e+01	 -6.5596e+01	 -6.5596e+01	 -6.5596e+01	 -6.5596e+01	 -6.5596e+01
2.2334e+01	 4.2854e+01	 -6.5596e+01	 4.2854e+01	 -6.5596e+01	 -6.5596e+01	 -6.5596e+01	 -6.5596e+01	 -6.5596e+01	 -6.5596e+01	 -6.5596e+01	 -6.5596e+01	 -6.5596e+01
2.2454e+01	 4.2909e+01	 -6.5596e+01	 4.2909e+01	 -6.5596e+01	 -6.5596e+01	 -6.5596e+01	 -6.5596e+01	 -6.5596e+01	 -6.5596e+01	 -6.5596e+01	 -6.5596e+01	 -6.5596e+01
2.2574e+01	 4.2962e+01	 -6.5596e+01	 4.2962e+01	 -6.5596e+01	 -6.5596e+01	 -6.5596e+01	 -6.5596e+01	 -6.5596e+01	 -6.5596e+01	 -6.5596e+01	 -6.5596e+01	 -6.5596e+01
2.2694e+01	 4.3014e+01	 -6.5596e+01	 4.3014e+01	 -6.5596e+01	 -6.5596e+01	 -6.5596e+01	 -6.5596e+01	 -6.5596e+01	 -6.5596e+01	 -6.5596e+01	 -6.5596e+01	 -6.5596e+01
2.2814e+01	 4.3064e+01	 -6.5596e+01	 4.3064e+01	 -6.5596e+01	 -6.5596e+01	 -6.5596e+01	 -6.5596e+01	 -6.5596e+01	 -6.5596e+01	 -6.5596e+01	 -6.5596e+01	 -6.5596e+01
2.2934e+01	 4.3114e+01	 -6.5596e+01	 4.3114e+01	 -6.5596e+01	 -6.5596e+01	 -6.5596e+01	 -6.5596e+01	 -6.5596e+01	 -6.5596e+01	 -6.5596e+01	 -6.5596e+01	 -6.5596e+01
2.3054e+01	 4.3161e+01	 -6.5596e+01	 4.3161e+01	 -6.5596e+01	 -6.5596e+01	 -6.5596e+01	 -6.5596e+01	 -6.5596e+01	 -6.5596e+01	 -6.5596e+01	 -6.5596e+01	 -6.5596e+01
2.3174e+01	 4.3209e+01	 -6.5596e+01	 4.3209e+01	 -6.5596e+01	 -6.5596e+01	 -6.5596e+01	 -6.5596e+01	 -6.5596e+01	 -6.5596e+01	 -6.5596e+01	 -6.5596e+01	 -6.5596e+01
2.3294e+01	 4.3256e+01	 -6.5596e+01	 4.3256e+01	 -6.5596e+01	 -6.5596e+01	 -6.5596e+01	 -6.5596e+01	 -6.5596e+01	 -6.5596e+01	 -6.5596e+01	 -6.5596e+01	 -6.5596e+01
2.3414e+01	 4.3302e+01	 -6.5596e+01	 4.3302e+01	 -6.5596e+01	 -6.5596e+01	 -6.5596e+01	 -6.5596e+01	 -6.5596e+01	 -6.5596e+01	 -6.5596e+01	 -6.5596e+01	 -6.5596e+01
2.3534e+01	 4.3348e+01	 -6.5596e+01	 4.3348e+01	 -6.5596e+01	 -6.5596e+01	 -6.5596e+01	 -6.5596e+01	 -6.5596e+01	 -6.5596e+01	 -6.5596e+01	 -6.5596e+01	 -6.5596e+01
2.3654e+01	 4.3390e+01	 -6.5596e+01	 4.3390e+01	 -6.5596e+01	 -6.5596e+01	 -6.5596e+01	 -6.5596e+01	 -6.5596e+01	 -6.5596e+01	 -6.5596e+01	 -6.5596e+01	 -6.5596e+01
2.3774e+01	 4.3432e+01	 -6.5596e+01	 4.3432e+01	 -6.5596e+01	 -6.5596e+01	 -6.5596e+01	 -6.5596e+01	 -6.5596e+01	 -6.5596e+01	 -6.5596e+01	 -6.5596e+01	 -6.5596e+01
2.3894e+01	 4.3471e+01	 -6.5596e+01	 4.3471e+01	 -6.5596e+01	 -6.5596e+01	 -6.5596e+01	 -6.5596e+01	 -6.5596e+01	 -6.5596e+01	 -6.5596e+01	 -6.5596e+01	 -6.5596e+01
2.4014e+01	 4.3510e+01	 -6.5596e+01	 4.3510e+01	 -6.5596e+01	 -6.5596e+01	 -6.5596e+01	 -6.5596e+01	 -6.5596e+01	 -6.5596e+01	 -6.5596e+01	 -6.5596e+01	 -6.5596e+01
2.4134e+01	 4.3547e+01	 -6.5596e+01	 4.3547e+01	 -6.5596e+01	 -6.5596e+01	 -6.5596e+01	 -6.5596e+01	 -6.5596e+01	 -6.5596e+01	 -6.5596e+01	 -6.5596e+01	 -6.5596e+01
2.4254e+01	 4.3580e+01	 -6.5596e+01	 4.3580e+01	 -6.5596e+01	 -6.5596e+01	 -6.5596e+01	 -6.5596e+01	 -6.5596e+01	 -6.5596e+01	 -6.5596e+01	 -6.5596e+01	 -6.5596e+01
2.4374e+01	 4.3614e+01	 -6.5596e+01	 4.3614e+01	 -6.5596e+01	 -6.5596e+01	 -6.5596e+01	 -6.5596e+01	 -6.5596e+01	 -6.5596e+01	 -6.5596e+01	 -6.5596e+01	 -6.5596e+01
2.4494e+01	 4.3642e+01	 -6.5596e+01	 4.3642e+01	 -6.5596e+01	 -6.5596e+01	 -6.5596e+01	 -6.5596e+01	 -6.5596e+01	 -6.5596e+01	 -6.5596e+01	 -6.5596e+01	 -6.5596e+01
2.4614e+01	 4.3670e+01	 -6.5596e+01	 4.3670e+01	 -6.5596e+01	 -6.5596e+01	 -6.5596e+01	 -6.5596e+01	 -6.5596e+01	 -6.5596e+01	 -6.5596e+01	 -6.5596e+01	 -6.5596e+01
2.4734e+01	 4.3696e+01	 -6.5596e+01	 4.3696e+01	 -6.5596e+01	 -6.5596e+01	 -6.5596e+01	 -6.5596e+01	 -6.5596e+01	 -6.5596e+01	 -6.5596e+01	 -6.5596e+01	 -6.5596e+01
2.4854e+01	 4.3719e+01	 -6.5596e+01	 4.3719e+01	 -6.5596e+01	 -6.5596e+01	 -6.5596e+01	 -6.5596e+01	 -6.5596e+01	 -6.5596e+01	 -6.5596e+01	 -6.5596e+01	 -6.5596e+01
2.4974e+01	 4.3741e+01	 -6.5596e+01	 4.3741e+01	 -6.5596e+01	 -6.5596e+01	 -6.5596e+01	 -6.5596e+01	 -6.5596e+01	 -6.5596e+01	 -6.5596e+01	 -6.5596e+01	 -6.5596e+01
2.5094e+01	 4.3760e+01	 -6.5596e+01	 4.3760e+01	 -6.5596e+01	 -6.5596e+01	 -6.5596e+01	 -6.5596e+01	 -6.5596e+01	 -6.5596e+01	 -6.5596e+01	 -6.5596e+01	 -6.5596e+01
2.5214e+01	 4.3779e+01	 -6.5596e+01	 4.3779e+01	 -6.5596e+01	 -6.5596e+01	 -6.5596e+01	 -6.5596e+01	 -6.5596e+01	 -6.5596e+01	 -6.5596e+01	 -6.5596e+01	 -6.5596e+01
2.5334e+01	 4.3792e+01	 -6.5596e+01	 4.3792e+01	 -6.5596e+01	 -6.5596e+01	 -6.5596e+01	 -6.5596e+01	 -6.5596e+01	 -6.5596e+01	 -6.5596e+01	 -6.5596e+01	 -6.5596e+01
2.5454e+01	 4.3805e+01	 -6.5596e+01	 4.3805e+01	 -6.5596e+01	 -6.5596e+01	 -6.5596e+01	 -6.5596e+01	 -6.5596e+01	 -6.5596e+01	 -6.5596e+01	 -6.5596e+01	 -6.5596e+01
2.5574e+01	 4.3814e+01	 -6.5596e+01	 4.3814e+01	 -6.5596e+01	 -6.5596e+01	 -6.5596e+01	 -6.5596e+01	 -6.5596e+01	 -6.5596e+01	 -6.5596e+01	 -6.5596e+01	 -6.5596e+01
2.5694e+01	 4.3819e+01	 -6.5596e+01	 4.3819e+01	 -6.5596e+01	 -6.5596e+01	 -6.5596e+01	 -6.5596e+01	 -6.5596e+01	 -6.5596e+01	 -6.5596e+01	 -6.5596e+01	 -6.5596e+01
2.5814e+01	 4.3823e+01	 -6.5596e+01	 4.3823e+01	 -6.5596e+01	 -6.5596e+01	 -6.5596e+01	 -6.5596e+01	 -6.5596e+01	 -6.5596e+01	 -6.5596e+01	 -6.5596e+01	 -6.5596e+01
2.5934e+01	 4.3818e+01	 -6.5596e+01	 4.3818e+01	 -6.5596e+01	 -6.5596e+01	 -6.5596e+01	 -6.5596e+01	 -6.5596e+01	 -6.5596e+01	 -6.5596e+01	 -6.5596e+01	 -6.5596e+01
2.6054e+01	 4.3813e+01	 -6.5596e+01	 4.3813e+01	 -6.5596e+01	 -6.5596e+01	 -6.5596e+01	 -6.5596e+01	 -6.5596e+01	 -6.5596e+01	 -6.5596e+01	 -6.5596e+01	 -6.5596e+01
2.6174e+01	 4.3799e+01	 -6.5596e+01	 4.3799e+01	 -6.5596e+01	 -6.5596e+01	 -6.5596e+01	 -6.5596e+01	 -6.5596e+01	 -6.5596e+01	 -6.5596e+01	 -6.5596e+01	 -6.5596e+01
2.6294e+01	 4.3780e+01	 -6.5596e+01	 4.3780e+01	 -6.5596e+01	 -6.5596e+01	 -6.5596e+01	 -6.5596e+01	 -6.5596e+01	 -6.5596e+01	 -6.5596e+01	 -6.5596e+01	 -6.5596e+01
2.6414e+01	 4.3756e+01	 -6.5596e+01	 4.3756e+01	 -6.5596e+01	 -6.5596e+01	 -6.5596e+01	 -6.5596e+01	 -6.5596e+01	 -6.5596e+01	 -6.5596e+01	 -6.5596e+01	 -6.5596e+01
2.6534e+01	 4.3719e+01	 -6.5596e+01	 4.3719e+01	 -6.5596e+01	 -6.5596e+01	 -6.5596e+01	 -6.5596e+01	 -6.5596e+01	 -6.5596e+01	 -6.5596e+01	 -6.5596e+01	 -6.5596e+01
2.6654e+01	 4.3682e+01	 -6.5596e+01	 4.3682e+01	 -6.5596e+01	 -6.5596e+01	 -6.5596e+01	 -6.5596e+01	 -6.5596e+01	 -6.5596e+01	 -6.5596e+01	 -6.5596e+01	 -6.5596e+01
2.6774e+01	 4.3620e+01	 -6.5596e+01	 4.3620e+01	 -6.5596e+01	 -6.5596e+01	 -6.5596e+01	 -6.5596e+01	 -6.5596e+01	 -6.5596e+01	 -6.5596e+01	 -6.5596e+01	 -6.5596e+01
2.6894e+01	 4.3556e+01	 -6.5596e+01	 4.3556e+01	 -6.5596e+01	 -6.5596e+01	 -6.5596e+01	 -6.5596e+01	 -6.5596e+01	 -6.5596e+01	 -6.5596e+01	 -6.5596e+01	 -6.5596e+01
2.7014e+01	 4.3469e+01	 -6.5596e+01	 4.3469e+01	 -6.5596e+01	 -6.5596e+01	 -6.5596e+01	 -6.5596e+01	 -6.5596e+01	 -6.5596e+01	 -6.5596e+01	 -6.5596e+01	 -6.5596e+01
2.7134e+01	 4.3364e+01	 -6.5596e+01	 4.3364e+01	 -6.5596e+01	 -6.5596e+01	 -6.5596e+01	 -6.5596e+01	 -6.5596e+01	 -6.5596e+01	 -6.5596e+01	 -6.5596e+01	 -6.5596e+01
2.7254e+01	 4.3249e+01	 -6.5596e+01	 4.3249e+01	 -6.5596e+01	 -6.5596e+01	 -6.5596e+01	 -6.5596e+01	 -6.5596e+01	 -6.5596e+01	 -6.5596e+01	 -6.5596e+01	 -6.5596e+01
2.7374e+01	 4.3080e+01	 -6.5596e+01	 4.3080e+01	 -6.5596e+01	 -6.5596e+01	 -6.5596e+01	 -6.5596e+01	 -6.5596e+01	 -6.5596e+01	 -6.5596e+01	 -6.5596e+01	 -6.5596e+01
2.7494e+01	 4.2911e+01	 -6.5596e+01	 4.2911e+01	 -6.5596e+01	 -6.5596e+01	 -6.5596e+01	 -6.5596e+01	 -6.5596e+01	 -6.5596e+01	 -6.5596e+01	 -6.5596e+01	 -6.5596e+01
2.7614e+01	 4.2656e+01	 -6.5596e+01	 4.2656e+01	 -6.5596e+01	 -6.5596e+01	 -6.5596e+01	 -6.5596e+01	 -6.5596e+01	 -6.5596e+01	 -6.5596e+01	 -6.5596e+01	 -6.5596e+01
2.7734e+01	 4.2377e+01	 -6.5596e+01	 4.2377e+01	 -6.5596e+01	 -6.5596e+01	 -6.5596e+01	 -6.5596e+01	 -6.5596e+01	 -6.5596e+01	 -6.5596e+01	 -6.5596e+01	 -6.5596e+01
2.7854e+01	 4.1993e+01	 -6.5596e+01	 4.1993e+01	 -6.5596e+01	 -6.5596e+01	 -6.5596e+01	 -6.5596e+01	 -6.5596e+01	 -6.5596e+01	 -6.5596e+01	 -6.5596e+01	 -6.5596e+01
2.7974e+01	 4.1449e+01	 -6.5596e+01	 4.1449e+01	 -6.5596e+01	 -6.5596e+01	 -6.5596e+01	 -6.5596e+01	 -6.5596e+01	 -6.5596e+01	 -6.5596e+01	 -6.5596e+01	 -6.5596e+01
2.8094e+01	 4.0165e+01	 -6.5596e+01	 4.0165e+01	 -6.5596e+01	 -6.5596e+01	 -6.5596e+01	 -6.5596e+01	 -6.5596e+01	 -6.5596e+01	 -6.5596e+01	 -6.5596e+01	 -6.5596e+01
2.8214e+01	 -4.5669e+00	 -6.5596e+01	 -4.5669e+00	 -6.5596e+01	 -6.5596e+01	 -6.5596e+01	 -6.5596e+01	 -6.5596e+01	 -6.5596e+01	 -6.5596e+01	 -6.5596e+01	 -6.5596e+01
2.8334e+01	 -4.9299e+01	 -6.5596e+01	 -4.9299e+01	 -6.5596e+01	 -6.5596e+01	 -6.5596e+01	 -6.5596e+01	 -6.5596e+01	 -6.5596e+01	 -6.5596e+01	 -6.5596e+01	 -6.5596e+01
2.8454e+01	 -6.5596e+01	 -6.5596e+01	 -6.5596e+01	 -6.5596e+01	 -6.5596e+01	 -6.5596e+01	 -6.5596e+01	 -6.5596e+01	 -6.5596e+01	 -6.5596e+01	 -6.5596e+01	 -6.5596e+01
2.8574e+01	 -6.5596e+01	 -6.5596e+01	 -6.5596e+01	 -6.5596e+01	 -6.5596e+01	 -6.5596e+01	 -6.5596e+01	 -6.5596e+01	 -6.5596e+01	 -6.5596e+01	 -6.5596e+01	 -6.5596e+01
2.8694e+01	 -6.5596e+01	 -6.5596e+01	 -6.5596e+01	 -6.5596e+01	 -6.5596e+01	 -6.5596e+01	 -6.5596e+01	 -6.5596e+01	 -6.5596e+01	 -6.5596e+01	 -6.5596e+01	 -6.5596e+01
2.8814e+01	 -6.5596e+01	 -6.5596e+01	 -6.5596e+01	 -6.5596e+01	 -6.5596e+01	 -6.5596e+01	 -6.5596e+01	 -6.5596e+01	 -6.5596e+01	 -6.5596e+01	 -6.5596e+01	 -6.5596e+01
2.8934e+01	 -6.5596e+01	 -6.5596e+01	 -6.5596e+01	 -6.5596e+01	 -6.5596e+01	 -6.5596e+01	 -6.5596e+01	 -6.5596e+01	 -6.5596e+01	 -6.5596e+01	 -6.5596e+01	 -6.5596e+01
2.9054e+01	 -6.5596e+01	 -6.5596e+01	 -6.5596e+01	 -6.5596e+01	 -6.5596e+01	 -6.5596e+01	 -6.5596e+01	 -6.5596e+01	 -6.5596e+01	 -6.5596e+01	 -6.5596e+01	 -6.5596e+01
2.9174e+01	 -6.5596e+01	 -6.5596e+01	 -6.5596e+01	 -6.5596e+01	 -6.5596e+01	 -6.5596e+01	 -6.5596e+01	 -6.5596e+01	 -6.5596e+01	 -6.5596e+01	 -6.5596e+01	 -6.5596e+01
2.9294e+01	 -6.5596e+01	 -6.5596e+01	 -6.5596e+01	 -6.5596e+01	 -6.5596e+01	 -6.5596e+01	 -6.5596e+01	 -6.5596e+01	 -6.5596e+01	 -6.5596e+01	 -6.5596e+01	 -6.5596e+01
2.9414e+01	 -6.5596e+01	 -6.5596e+01	 -6.5596e+01	 -6.5596e+01	 -6.5596e+01	 -6.5596e+01	 -6.5596e+01	 -6.5596e+01	 -6.5596e+01	 -6.5596e+01	 -6.5596e+01	 -6.5596e+01
2.9534e+01	 -6.5596e+01	 -6.5596e+01	 -6.5596e+01	 -6.5596e+01	 -6.5596e+01	 -6.5596e+01	 -6.5596e+01	 -6.5596e+01	 -6.5596e+01	 -6.5596e+01	 -6.5596e+01	 -6.5596e+01
2.9654e+01	 -6.5596e+01	 -6.5596e+01	 -6.5596e+01	 -6.5596e+01	 -6.5596e+01	 -6.5596e+01	 -6.5596e+01	 -6.5596e+01	 -6.5596e+01	 -6.5596e+01	 -6.5596e+01	 -6.5596e+01
2.9774e+01	 -6.5596e+01	 -6.5596e+01	 -6.5596e+01	 -6.5596e+01	 -6.5596e+01	 -6.5596e+01	 -6.5596e+01	 -6.5596e+01	 -6.5596e+01	 -6.5596e+01	 -6.5596e+01	 -6.5596e+01
2.9894e+01	 -6.5596e+01	 -6.5596e+01	 -6.5596e+01	 -6.5596e+01	 -6.5596e+01	 -6.5596e+01	 -6.5596e+01	 -6.5596e+01	 -6.5596e+01	 -6.5596e+01	 -6.5596e+01	 -6.5596e+01
