########################################################################
#_obs is as observed from the earth: beaming+cosmo   
#log(nu_obs) log(nuFnu_somma_obs)  log(nuFnu_Sync_obs) log(nuFnu_SSC_obs)  log(nu_Fnu_Disk_obs) log(nu_Fnu_DT_obs)  log(nu_Fnu_Star_obs) log(nu_Fnu_EC_Disk_obs) log(nu_Fnu_EC_BLR_obs) log(nu_Fnu_EC_DT_obs)   log(nu_Fnu_EC_Star_obs) log(nu_Fnu_EC_CMB_obs)  
########################################################################
6.0000e+00	 -1.2000e+02	 -1.2000e+02	 -1.2000e+02	 -1.2000e+02	 -1.2000e+02	 -1.2000e+02	 -1.2000e+02	 -1.2000e+02	 -1.2000e+02	 -1.2000e+02	 -1.2000e+02	 -1.2000e+02
6.1200e+00	 -1.2000e+02	 -1.2000e+02	 -1.2000e+02	 -1.2000e+02	 -1.2000e+02	 -1.2000e+02	 -1.2000e+02	 -1.2000e+02	 -1.2000e+02	 -1.2000e+02	 -1.2000e+02	 -1.2000e+02
6.2400e+00	 -1.2000e+02	 -1.2000e+02	 -1.2000e+02	 -1.2000e+02	 -1.2000e+02	 -1.2000e+02	 -1.2000e+02	 -1.2000e+02	 -1.2000e+02	 -1.2000e+02	 -1.2000e+02	 -1.2000e+02
6.3600e+00	 -1.2000e+02	 -1.2000e+02	 -1.2000e+02	 -1.2000e+02	 -1.2000e+02	 -1.2000e+02	 -1.2000e+02	 -1.2000e+02	 -1.2000e+02	 -1.2000e+02	 -1.2000e+02	 -1.2000e+02
6.4800e+00	 -1.2000e+02	 -1.2000e+02	 -1.2000e+02	 -1.2000e+02	 -1.2000e+02	 -1.2000e+02	 -1.2000e+02	 -1.2000e+02	 -1.2000e+02	 -1.2000e+02	 -1.2000e+02	 -1.2000e+02
6.6000e+00	 -1.2000e+02	 -1.2000e+02	 -1.2000e+02	 -1.2000e+02	 -1.2000e+02	 -1.2000e+02	 -1.2000e+02	 -1.2000e+02	 -1.2000e+02	 -1.2000e+02	 -1.2000e+02	 -1.2000e+02
6.7200e+00	 -1.2000e+02	 -1.2000e+02	 -1.2000e+02	 -1.2000e+02	 -1.2000e+02	 -1.2000e+02	 -1.2000e+02	 -1.2000e+02	 -1.2000e+02	 -1.2000e+02	 -1.2000e+02	 -1.2000e+02
6.8400e+00	 -1.2000e+02	 -1.2000e+02	 -1.2000e+02	 -1.2000e+02	 -1.2000e+02	 -1.2000e+02	 -1.2000e+02	 -1.2000e+02	 -1.2000e+02	 -1.2000e+02	 -1.2000e+02	 -1.2000e+02
6.9600e+00	 -1.2000e+02	 -1.2000e+02	 -1.2000e+02	 -1.2000e+02	 -1.2000e+02	 -1.2000e+02	 -1.2000e+02	 -1.2000e+02	 -1.2000e+02	 -1.2000e+02	 -1.2000e+02	 -1.2000e+02
7.0800e+00	 -1.2000e+02	 -1.2000e+02	 -1.2000e+02	 -1.2000e+02	 -1.2000e+02	 -1.2000e+02	 -1.2000e+02	 -1.2000e+02	 -1.2000e+02	 -1.2000e+02	 -1.2000e+02	 -1.2000e+02
7.2000e+00	 -1.2000e+02	 -1.2000e+02	 -1.2000e+02	 -1.2000e+02	 -1.2000e+02	 -1.2000e+02	 -1.2000e+02	 -1.2000e+02	 -1.2000e+02	 -1.2000e+02	 -1.2000e+02	 -1.2000e+02
7.3200e+00	 -1.2000e+02	 -1.2000e+02	 -1.2000e+02	 -1.2000e+02	 -1.2000e+02	 -1.2000e+02	 -1.2000e+02	 -1.2000e+02	 -1.2000e+02	 -1.2000e+02	 -1.2000e+02	 -1.2000e+02
7.4400e+00	 -1.8001e+01	 -1.8001e+01	 -1.2000e+02	 -1.2000e+02	 -1.2000e+02	 -1.2000e+02	 -1.2000e+02	 -1.2000e+02	 -1.2000e+02	 -1.2000e+02	 -1.2000e+02	 -1.2000e+02
7.5600e+00	 -1.7827e+01	 -1.7827e+01	 -1.2000e+02	 -1.2000e+02	 -1.2000e+02	 -1.2000e+02	 -1.2000e+02	 -1.2000e+02	 -1.2000e+02	 -1.2000e+02	 -1.2000e+02	 -1.2000e+02
7.6800e+00	 -1.7654e+01	 -1.7654e+01	 -1.2000e+02	 -1.2000e+02	 -1.2000e+02	 -1.2000e+02	 -1.2000e+02	 -1.2000e+02	 -1.2000e+02	 -1.2000e+02	 -1.2000e+02	 -1.2000e+02
7.8000e+00	 -1.7489e+01	 -1.7489e+01	 -1.2000e+02	 -1.2000e+02	 -1.2000e+02	 -1.2000e+02	 -1.2000e+02	 -1.2000e+02	 -1.2000e+02	 -1.2000e+02	 -1.2000e+02	 -1.2000e+02
7.9200e+00	 -1.7324e+01	 -1.7324e+01	 -1.2000e+02	 -1.2000e+02	 -1.2000e+02	 -1.2000e+02	 -1.2000e+02	 -1.2000e+02	 -1.2000e+02	 -1.2000e+02	 -1.2000e+02	 -1.2000e+02
8.0400e+00	 -1.7161e+01	 -1.7161e+01	 -1.2000e+02	 -1.2000e+02	 -1.2000e+02	 -1.2000e+02	 -1.2000e+02	 -1.2000e+02	 -1.2000e+02	 -1.2000e+02	 -1.2000e+02	 -1.2000e+02
8.1600e+00	 -1.7000e+01	 -1.7000e+01	 -1.2000e+02	 -1.2000e+02	 -1.2000e+02	 -1.2000e+02	 -1.2000e+02	 -1.2000e+02	 -1.2000e+02	 -1.2000e+02	 -1.2000e+02	 -1.2000e+02
8.2800e+00	 -1.6839e+01	 -1.6839e+01	 -1.2000e+02	 -1.2000e+02	 -1.2000e+02	 -1.2000e+02	 -1.2000e+02	 -1.2000e+02	 -1.2000e+02	 -1.2000e+02	 -1.2000e+02	 -1.2000e+02
8.4000e+00	 -1.6678e+01	 -1.6678e+01	 -1.2000e+02	 -1.2000e+02	 -1.2000e+02	 -1.2000e+02	 -1.2000e+02	 -1.2000e+02	 -1.2000e+02	 -1.2000e+02	 -1.2000e+02	 -1.2000e+02
8.5200e+00	 -1.6518e+01	 -1.6518e+01	 -1.2000e+02	 -1.2000e+02	 -1.2000e+02	 -1.2000e+02	 -1.2000e+02	 -1.2000e+02	 -1.2000e+02	 -1.2000e+02	 -1.2000e+02	 -1.2000e+02
8.6400e+00	 -1.6357e+01	 -1.6357e+01	 -1.2000e+02	 -1.2000e+02	 -1.2000e+02	 -1.2000e+02	 -1.2000e+02	 -1.2000e+02	 -1.2000e+02	 -1.2000e+02	 -1.2000e+02	 -1.2000e+02
8.7600e+00	 -1.6197e+01	 -1.6197e+01	 -1.2000e+02	 -1.2000e+02	 -1.2000e+02	 -1.2000e+02	 -1.2000e+02	 -1.2000e+02	 -1.2000e+02	 -1.2000e+02	 -1.2000e+02	 -1.2000e+02
8.8800e+00	 -1.6037e+01	 -1.6037e+01	 -1.2000e+02	 -1.2000e+02	 -1.2000e+02	 -1.2000e+02	 -1.2000e+02	 -1.2000e+02	 -1.2000e+02	 -1.2000e+02	 -1.2000e+02	 -1.2000e+02
9.0000e+00	 -1.5877e+01	 -1.5877e+01	 -1.2000e+02	 -1.2000e+02	 -1.2000e+02	 -1.2000e+02	 -1.2000e+02	 -1.2000e+02	 -1.2000e+02	 -1.2000e+02	 -1.2000e+02	 -1.2000e+02
9.1200e+00	 -1.5717e+01	 -1.5717e+01	 -1.2000e+02	 -1.2000e+02	 -1.2000e+02	 -1.2000e+02	 -1.2000e+02	 -1.2000e+02	 -1.2000e+02	 -1.2000e+02	 -1.2000e+02	 -1.2000e+02
9.2400e+00	 -1.5557e+01	 -1.5557e+01	 -1.2000e+02	 -1.2000e+02	 -1.2000e+02	 -1.2000e+02	 -1.2000e+02	 -1.2000e+02	 -1.2000e+02	 -1.2000e+02	 -1.2000e+02	 -1.2000e+02
9.3600e+00	 -1.5398e+01	 -1.5398e+01	 -1.2000e+02	 -1.2000e+02	 -1.2000e+02	 -1.2000e+02	 -1.2000e+02	 -1.2000e+02	 -1.2000e+02	 -1.2000e+02	 -1.2000e+02	 -1.2000e+02
9.4800e+00	 -1.5238e+01	 -1.5238e+01	 -1.2000e+02	 -1.2000e+02	 -1.2000e+02	 -1.2000e+02	 -1.2000e+02	 -1.2000e+02	 -1.2000e+02	 -1.2000e+02	 -1.2000e+02	 -1.2000e+02
9.6000e+00	 -1.5078e+01	 -1.5078e+01	 -1.2000e+02	 -1.2000e+02	 -1.2000e+02	 -1.2000e+02	 -1.2000e+02	 -1.2000e+02	 -1.2000e+02	 -1.2000e+02	 -1.2000e+02	 -1.2000e+02
9.7200e+00	 -1.4918e+01	 -1.4918e+01	 -1.2000e+02	 -1.2000e+02	 -1.2000e+02	 -1.2000e+02	 -1.2000e+02	 -1.2000e+02	 -1.2000e+02	 -1.2000e+02	 -1.2000e+02	 -1.2000e+02
9.8400e+00	 -1.4759e+01	 -1.4759e+01	 -1.2000e+02	 -1.2000e+02	 -1.2000e+02	 -1.2000e+02	 -1.2000e+02	 -1.2000e+02	 -1.2000e+02	 -1.2000e+02	 -1.2000e+02	 -1.2000e+02
9.9600e+00	 -1.4599e+01	 -1.4599e+01	 -1.2000e+02	 -1.2000e+02	 -1.2000e+02	 -1.2000e+02	 -1.2000e+02	 -1.2000e+02	 -1.2000e+02	 -1.2000e+02	 -1.2000e+02	 -1.2000e+02
1.0080e+01	 -1.4439e+01	 -1.4439e+01	 -1.2000e+02	 -1.2000e+02	 -1.2000e+02	 -1.2000e+02	 -1.2000e+02	 -1.2000e+02	 -1.2000e+02	 -1.2000e+02	 -1.2000e+02	 -1.2000e+02
1.0200e+01	 -1.4280e+01	 -1.4280e+01	 -1.2000e+02	 -1.2000e+02	 -1.2000e+02	 -1.2000e+02	 -1.2000e+02	 -1.2000e+02	 -1.2000e+02	 -1.2000e+02	 -1.2000e+02	 -1.2000e+02
1.0320e+01	 -1.4121e+01	 -1.4121e+01	 -1.2000e+02	 -1.2000e+02	 -1.2000e+02	 -1.2000e+02	 -1.2000e+02	 -1.2000e+02	 -1.2000e+02	 -1.2000e+02	 -1.2000e+02	 -1.2000e+02
1.0440e+01	 -1.3962e+01	 -1.3962e+01	 -1.2000e+02	 -1.2000e+02	 -1.2000e+02	 -1.2000e+02	 -1.2000e+02	 -1.2000e+02	 -1.2000e+02	 -1.2000e+02	 -1.2000e+02	 -1.2000e+02
1.0560e+01	 -1.3803e+01	 -1.3803e+01	 -1.2000e+02	 -1.2000e+02	 -1.2000e+02	 -1.2000e+02	 -1.2000e+02	 -1.2000e+02	 -1.2000e+02	 -1.2000e+02	 -1.2000e+02	 -1.2000e+02
1.0680e+01	 -1.3644e+01	 -1.3644e+01	 -1.2000e+02	 -1.2000e+02	 -1.2000e+02	 -1.2000e+02	 -1.2000e+02	 -1.2000e+02	 -1.2000e+02	 -1.2000e+02	 -1.2000e+02	 -1.2000e+02
1.0800e+01	 -1.3485e+01	 -1.3485e+01	 -1.2000e+02	 -1.2000e+02	 -1.2000e+02	 -1.2000e+02	 -1.2000e+02	 -1.2000e+02	 -1.2000e+02	 -1.2000e+02	 -1.2000e+02	 -1.2000e+02
1.0920e+01	 -1.3327e+01	 -1.3327e+01	 -1.2000e+02	 -1.2000e+02	 -1.2000e+02	 -1.2000e+02	 -1.2000e+02	 -1.2000e+02	 -1.2000e+02	 -1.2000e+02	 -1.2000e+02	 -1.2000e+02
1.1040e+01	 -1.3169e+01	 -1.3169e+01	 -1.2000e+02	 -1.2000e+02	 -1.2000e+02	 -1.2000e+02	 -1.2000e+02	 -1.2000e+02	 -1.2000e+02	 -1.2000e+02	 -1.2000e+02	 -1.2000e+02
1.1160e+01	 -1.3012e+01	 -1.3012e+01	 -1.2000e+02	 -1.2000e+02	 -1.2000e+02	 -1.2000e+02	 -1.2000e+02	 -1.2000e+02	 -1.2000e+02	 -1.2000e+02	 -1.2000e+02	 -1.2000e+02
1.1280e+01	 -1.2855e+01	 -1.2855e+01	 -1.2000e+02	 -1.2000e+02	 -1.2000e+02	 -1.2000e+02	 -1.2000e+02	 -1.2000e+02	 -1.2000e+02	 -1.2000e+02	 -1.2000e+02	 -1.2000e+02
1.1400e+01	 -1.2699e+01	 -1.2699e+01	 -1.2000e+02	 -1.2000e+02	 -1.2000e+02	 -1.2000e+02	 -1.2000e+02	 -1.2000e+02	 -1.2000e+02	 -1.2000e+02	 -1.2000e+02	 -1.2000e+02
1.1520e+01	 -1.2543e+01	 -1.2543e+01	 -1.2000e+02	 -1.2000e+02	 -1.2000e+02	 -1.2000e+02	 -1.2000e+02	 -1.2000e+02	 -1.2000e+02	 -1.2000e+02	 -1.2000e+02	 -1.2000e+02
1.1640e+01	 -1.2389e+01	 -1.2389e+01	 -1.2000e+02	 -1.2000e+02	 -1.2000e+02	 -1.2000e+02	 -1.2000e+02	 -1.2000e+02	 -1.2000e+02	 -1.2000e+02	 -1.2000e+02	 -1.2000e+02
1.1760e+01	 -1.2235e+01	 -1.2235e+01	 -1.2000e+02	 -1.2000e+02	 -1.2000e+02	 -1.2000e+02	 -1.2000e+02	 -1.2000e+02	 -1.2000e+02	 -1.2000e+02	 -1.2000e+02	 -1.2000e+02
1.1880e+01	 -1.2084e+01	 -1.2084e+01	 -1.2000e+02	 -1.2000e+02	 -1.2000e+02	 -1.2000e+02	 -1.2000e+02	 -1.2000e+02	 -1.2000e+02	 -1.2000e+02	 -1.2000e+02	 -1.2000e+02
1.2000e+01	 -1.1933e+01	 -1.1933e+01	 -1.2000e+02	 -1.2000e+02	 -1.2000e+02	 -1.2000e+02	 -1.2000e+02	 -1.2000e+02	 -1.2000e+02	 -1.2000e+02	 -1.2000e+02	 -1.2000e+02
1.2120e+01	 -1.1786e+01	 -1.1786e+01	 -1.2000e+02	 -1.2000e+02	 -1.2000e+02	 -1.2000e+02	 -1.2000e+02	 -1.2000e+02	 -1.2000e+02	 -1.2000e+02	 -1.2000e+02	 -1.2000e+02
1.2240e+01	 -1.1641e+01	 -1.1641e+01	 -1.2000e+02	 -1.2000e+02	 -1.2000e+02	 -1.2000e+02	 -1.2000e+02	 -1.2000e+02	 -1.2000e+02	 -1.2000e+02	 -1.2000e+02	 -1.2000e+02
1.2360e+01	 -1.1499e+01	 -1.1499e+01	 -1.2000e+02	 -1.2000e+02	 -1.2000e+02	 -1.2000e+02	 -1.2000e+02	 -1.2000e+02	 -1.2000e+02	 -1.2000e+02	 -1.2000e+02	 -1.2000e+02
1.2480e+01	 -1.1362e+01	 -1.1362e+01	 -1.2000e+02	 -1.2000e+02	 -1.2000e+02	 -1.2000e+02	 -1.2000e+02	 -1.2000e+02	 -1.2000e+02	 -1.2000e+02	 -1.2000e+02	 -1.2000e+02
1.2600e+01	 -1.1227e+01	 -1.1227e+01	 -1.2000e+02	 -1.2000e+02	 -1.2000e+02	 -1.2000e+02	 -1.2000e+02	 -1.2000e+02	 -1.2000e+02	 -1.2000e+02	 -1.2000e+02	 -1.2000e+02
1.2720e+01	 -1.1103e+01	 -1.1103e+01	 -1.2000e+02	 -1.2000e+02	 -1.2000e+02	 -1.2000e+02	 -1.2000e+02	 -1.2000e+02	 -1.2000e+02	 -1.2000e+02	 -1.2000e+02	 -1.2000e+02
1.2840e+01	 -1.0980e+01	 -1.0980e+01	 -1.2000e+02	 -1.2000e+02	 -1.2000e+02	 -1.2000e+02	 -1.2000e+02	 -1.2000e+02	 -1.2000e+02	 -1.2000e+02	 -1.2000e+02	 -1.2000e+02
1.2960e+01	 -1.0873e+01	 -1.0873e+01	 -1.2000e+02	 -1.2000e+02	 -1.2000e+02	 -1.2000e+02	 -1.2000e+02	 -1.2000e+02	 -1.2000e+02	 -1.2000e+02	 -1.2000e+02	 -1.2000e+02
1.3080e+01	 -1.0769e+01	 -1.0769e+01	 -1.2000e+02	 -1.2000e+02	 -1.2000e+02	 -1.2000e+02	 -1.2000e+02	 -1.2000e+02	 -1.2000e+02	 -1.2000e+02	 -1.2000e+02	 -1.2000e+02
1.3200e+01	 -1.0679e+01	 -1.0679e+01	 -1.2000e+02	 -1.2000e+02	 -1.2000e+02	 -1.2000e+02	 -1.2000e+02	 -1.2000e+02	 -1.2000e+02	 -1.2000e+02	 -1.2000e+02	 -1.2000e+02
1.3320e+01	 -1.0600e+01	 -1.0600e+01	 -1.2000e+02	 -1.2000e+02	 -1.2000e+02	 -1.2000e+02	 -1.2000e+02	 -1.2000e+02	 -1.2000e+02	 -1.2000e+02	 -1.2000e+02	 -1.2000e+02
1.3440e+01	 -1.0527e+01	 -1.0527e+01	 -1.2000e+02	 -1.2000e+02	 -1.2000e+02	 -1.2000e+02	 -1.2000e+02	 -1.2000e+02	 -1.2000e+02	 -1.2000e+02	 -1.2000e+02	 -1.2000e+02
1.3560e+01	 -1.0468e+01	 -1.0468e+01	 -1.2000e+02	 -1.2000e+02	 -1.2000e+02	 -1.2000e+02	 -1.2000e+02	 -1.2000e+02	 -1.2000e+02	 -1.2000e+02	 -1.2000e+02	 -1.2000e+02
1.3680e+01	 -1.0410e+01	 -1.0410e+01	 -1.2000e+02	 -1.2000e+02	 -1.2000e+02	 -1.2000e+02	 -1.2000e+02	 -1.2000e+02	 -1.2000e+02	 -1.2000e+02	 -1.2000e+02	 -1.2000e+02
1.3800e+01	 -1.0360e+01	 -1.0360e+01	 -1.2000e+02	 -1.2000e+02	 -1.2000e+02	 -1.2000e+02	 -1.2000e+02	 -1.2000e+02	 -1.2000e+02	 -1.2000e+02	 -1.2000e+02	 -1.2000e+02
1.3920e+01	 -1.0311e+01	 -1.0311e+01	 -1.2000e+02	 -1.2000e+02	 -1.2000e+02	 -1.2000e+02	 -1.2000e+02	 -1.2000e+02	 -1.2000e+02	 -1.2000e+02	 -1.2000e+02	 -1.2000e+02
1.4040e+01	 -1.0262e+01	 -1.0262e+01	 -1.2000e+02	 -1.2000e+02	 -1.2000e+02	 -1.2000e+02	 -1.2000e+02	 -1.2000e+02	 -1.2000e+02	 -1.2000e+02	 -1.2000e+02	 -1.2000e+02
1.4160e+01	 -1.0213e+01	 -1.0213e+01	 -1.2000e+02	 -1.2000e+02	 -1.2000e+02	 -1.2000e+02	 -1.2000e+02	 -1.2000e+02	 -1.2000e+02	 -1.2000e+02	 -1.2000e+02	 -1.2000e+02
1.4280e+01	 -1.0165e+01	 -1.0165e+01	 -1.2000e+02	 -1.2000e+02	 -1.2000e+02	 -1.2000e+02	 -1.2000e+02	 -1.2000e+02	 -1.2000e+02	 -1.2000e+02	 -1.2000e+02	 -1.2000e+02
1.4400e+01	 -1.0117e+01	 -1.0117e+01	 -1.2000e+02	 -1.2000e+02	 -1.2000e+02	 -1.2000e+02	 -1.2000e+02	 -1.2000e+02	 -1.2000e+02	 -1.2000e+02	 -1.2000e+02	 -1.2000e+02
1.4520e+01	 -1.0069e+01	 -1.0069e+01	 -1.2000e+02	 -1.2000e+02	 -1.2000e+02	 -1.2000e+02	 -1.2000e+02	 -1.2000e+02	 -1.2000e+02	 -1.2000e+02	 -1.2000e+02	 -1.2000e+02
1.4640e+01	 -1.0022e+01	 -1.0022e+01	 -1.2000e+02	 -1.2000e+02	 -1.2000e+02	 -1.2000e+02	 -1.2000e+02	 -1.2000e+02	 -1.2000e+02	 -1.2000e+02	 -1.2000e+02	 -1.2000e+02
1.4760e+01	 -9.9750e+00	 -9.9750e+00	 -1.2000e+02	 -1.2000e+02	 -1.2000e+02	 -1.2000e+02	 -1.2000e+02	 -1.2000e+02	 -1.2000e+02	 -1.2000e+02	 -1.2000e+02	 -1.2000e+02
1.4880e+01	 -9.9291e+00	 -9.9291e+00	 -1.2000e+02	 -1.2000e+02	 -1.2000e+02	 -1.2000e+02	 -1.2000e+02	 -1.2000e+02	 -1.2000e+02	 -1.2000e+02	 -1.2000e+02	 -1.2000e+02
1.5000e+01	 -9.8834e+00	 -9.8834e+00	 -1.2000e+02	 -1.2000e+02	 -1.2000e+02	 -1.2000e+02	 -1.2000e+02	 -1.2000e+02	 -1.2000e+02	 -1.2000e+02	 -1.2000e+02	 -1.2000e+02
1.5120e+01	 -9.8390e+00	 -9.8390e+00	 -1.2000e+02	 -1.2000e+02	 -1.2000e+02	 -1.2000e+02	 -1.2000e+02	 -1.2000e+02	 -1.2000e+02	 -1.2000e+02	 -1.2000e+02	 -1.2000e+02
1.5240e+01	 -9.7956e+00	 -9.7956e+00	 -1.2000e+02	 -1.2000e+02	 -1.2000e+02	 -1.2000e+02	 -1.2000e+02	 -1.2000e+02	 -1.2000e+02	 -1.2000e+02	 -1.2000e+02	 -1.2000e+02
1.5360e+01	 -9.7534e+00	 -9.7534e+00	 -1.2000e+02	 -1.2000e+02	 -1.2000e+02	 -1.2000e+02	 -1.2000e+02	 -1.2000e+02	 -1.2000e+02	 -1.2000e+02	 -1.2000e+02	 -1.2000e+02
1.5480e+01	 -9.7138e+00	 -9.7138e+00	 -1.2000e+02	 -1.2000e+02	 -1.2000e+02	 -1.2000e+02	 -1.2000e+02	 -1.2000e+02	 -1.2000e+02	 -1.2000e+02	 -1.2000e+02	 -1.2000e+02
1.5600e+01	 -9.6743e+00	 -9.6743e+00	 -1.2000e+02	 -1.2000e+02	 -1.2000e+02	 -1.2000e+02	 -1.2000e+02	 -1.2000e+02	 -1.2000e+02	 -1.2000e+02	 -1.2000e+02	 -1.2000e+02
1.5720e+01	 -9.6405e+00	 -9.6405e+00	 -1.2000e+02	 -1.2000e+02	 -1.2000e+02	 -1.2000e+02	 -1.2000e+02	 -1.2000e+02	 -1.2000e+02	 -1.2000e+02	 -1.2000e+02	 -1.2000e+02
1.5840e+01	 -9.6068e+00	 -9.6068e+00	 -1.2000e+02	 -1.2000e+02	 -1.2000e+02	 -1.2000e+02	 -1.2000e+02	 -1.2000e+02	 -1.2000e+02	 -1.2000e+02	 -1.2000e+02	 -1.2000e+02
1.5960e+01	 -9.5789e+00	 -9.5789e+00	 -1.2000e+02	 -1.2000e+02	 -1.2000e+02	 -1.2000e+02	 -1.2000e+02	 -1.2000e+02	 -1.2000e+02	 -1.2000e+02	 -1.2000e+02	 -1.2000e+02
1.6080e+01	 -9.5532e+00	 -9.5532e+00	 -1.2000e+02	 -1.2000e+02	 -1.2000e+02	 -1.2000e+02	 -1.2000e+02	 -1.2000e+02	 -1.2000e+02	 -1.2000e+02	 -1.2000e+02	 -1.2000e+02
1.6200e+01	 -9.5319e+00	 -9.5319e+00	 -1.2000e+02	 -1.2000e+02	 -1.2000e+02	 -1.2000e+02	 -1.2000e+02	 -1.2000e+02	 -1.2000e+02	 -1.2000e+02	 -1.2000e+02	 -1.2000e+02
1.6320e+01	 -9.5161e+00	 -9.5161e+00	 -1.2000e+02	 -1.2000e+02	 -1.2000e+02	 -1.2000e+02	 -1.2000e+02	 -1.2000e+02	 -1.2000e+02	 -1.2000e+02	 -1.2000e+02	 -1.2000e+02
1.6440e+01	 -9.5022e+00	 -9.5022e+00	 -1.2000e+02	 -1.2000e+02	 -1.2000e+02	 -1.2000e+02	 -1.2000e+02	 -1.2000e+02	 -1.2000e+02	 -1.2000e+02	 -1.2000e+02	 -1.2000e+02
1.6560e+01	 -9.4972e+00	 -9.4972e+00	 -1.2000e+02	 -1.2000e+02	 -1.2000e+02	 -1.2000e+02	 -1.2000e+02	 -1.2000e+02	 -1.2000e+02	 -1.2000e+02	 -1.2000e+02	 -1.2000e+02
1.6680e+01	 -9.4922e+00	 -9.4922e+00	 -1.2000e+02	 -1.2000e+02	 -1.2000e+02	 -1.2000e+02	 -1.2000e+02	 -1.2000e+02	 -1.2000e+02	 -1.2000e+02	 -1.2000e+02	 -1.2000e+02
1.6800e+01	 -9.4972e+00	 -9.4972e+00	 -1.8487e+01	 -1.2000e+02	 -1.2000e+02	 -1.2000e+02	 -1.2000e+02	 -1.2000e+02	 -1.2000e+02	 -1.2000e+02	 -1.2000e+02	 -1.2000e+02
1.6920e+01	 -9.5034e+00	 -9.5034e+00	 -1.8331e+01	 -1.2000e+02	 -1.2000e+02	 -1.2000e+02	 -1.2000e+02	 -1.2000e+02	 -1.2000e+02	 -1.2000e+02	 -1.2000e+02	 -1.2000e+02
1.7040e+01	 -9.5165e+00	 -9.5165e+00	 -1.8175e+01	 -1.2000e+02	 -1.2000e+02	 -1.2000e+02	 -1.2000e+02	 -1.2000e+02	 -1.2000e+02	 -1.2000e+02	 -1.2000e+02	 -1.2000e+02
1.7160e+01	 -9.5340e+00	 -9.5340e+00	 -1.8021e+01	 -1.2000e+02	 -1.2000e+02	 -1.2000e+02	 -1.2000e+02	 -1.2000e+02	 -1.2000e+02	 -1.2000e+02	 -1.2000e+02	 -1.2000e+02
1.7280e+01	 -9.5553e+00	 -9.5553e+00	 -1.7866e+01	 -1.2000e+02	 -1.2000e+02	 -1.2000e+02	 -1.2000e+02	 -1.2000e+02	 -1.2000e+02	 -1.2000e+02	 -1.2000e+02	 -1.2000e+02
1.7400e+01	 -9.5843e+00	 -9.5843e+00	 -1.7714e+01	 -1.2000e+02	 -1.2000e+02	 -1.2000e+02	 -1.2000e+02	 -1.2000e+02	 -1.2000e+02	 -1.2000e+02	 -1.2000e+02	 -1.2000e+02
1.7520e+01	 -9.6139e+00	 -9.6139e+00	 -1.7561e+01	 -1.2000e+02	 -1.2000e+02	 -1.2000e+02	 -1.2000e+02	 -1.2000e+02	 -1.2000e+02	 -1.2000e+02	 -1.2000e+02	 -1.2000e+02
1.7640e+01	 -9.6547e+00	 -9.6547e+00	 -1.7411e+01	 -1.2000e+02	 -1.2000e+02	 -1.2000e+02	 -1.2000e+02	 -1.2000e+02	 -1.2000e+02	 -1.2000e+02	 -1.2000e+02	 -1.2000e+02
1.7760e+01	 -9.6955e+00	 -9.6955e+00	 -1.7260e+01	 -1.2000e+02	 -1.2000e+02	 -1.2000e+02	 -1.2000e+02	 -1.2000e+02	 -1.2000e+02	 -1.2000e+02	 -1.2000e+02	 -1.2000e+02
1.7880e+01	 -9.7457e+00	 -9.7457e+00	 -1.7112e+01	 -1.2000e+02	 -1.2000e+02	 -1.2000e+02	 -1.2000e+02	 -1.2000e+02	 -1.2000e+02	 -1.2000e+02	 -1.2000e+02	 -1.2000e+02
1.8000e+01	 -9.7988e+00	 -9.7988e+00	 -1.6966e+01	 -1.2000e+02	 -1.2000e+02	 -1.2000e+02	 -1.2000e+02	 -1.2000e+02	 -1.2000e+02	 -1.2000e+02	 -1.2000e+02	 -1.2000e+02
1.8120e+01	 -9.8586e+00	 -9.8586e+00	 -1.6820e+01	 -1.2000e+02	 -1.2000e+02	 -1.2000e+02	 -1.2000e+02	 -1.2000e+02	 -1.2000e+02	 -1.2000e+02	 -1.2000e+02	 -1.2000e+02
1.8240e+01	 -9.9254e+00	 -9.9254e+00	 -1.6678e+01	 -1.2000e+02	 -1.2000e+02	 -1.2000e+02	 -1.2000e+02	 -1.2000e+02	 -1.2000e+02	 -1.2000e+02	 -1.2000e+02	 -1.2000e+02
1.8360e+01	 -9.9959e+00	 -9.9959e+00	 -1.6536e+01	 -1.2000e+02	 -1.2000e+02	 -1.2000e+02	 -1.2000e+02	 -1.2000e+02	 -1.2000e+02	 -1.2000e+02	 -1.2000e+02	 -1.2000e+02
1.8480e+01	 -1.0080e+01	 -1.0080e+01	 -1.6398e+01	 -1.2000e+02	 -1.2000e+02	 -1.2000e+02	 -1.2000e+02	 -1.2000e+02	 -1.2000e+02	 -1.2000e+02	 -1.2000e+02	 -1.2000e+02
1.8600e+01	 -1.0165e+01	 -1.0165e+01	 -1.6262e+01	 -1.2000e+02	 -1.2000e+02	 -1.2000e+02	 -1.2000e+02	 -1.2000e+02	 -1.2000e+02	 -1.2000e+02	 -1.2000e+02	 -1.2000e+02
1.8720e+01	 -1.0275e+01	 -1.0275e+01	 -1.6129e+01	 -1.2000e+02	 -1.2000e+02	 -1.2000e+02	 -1.2000e+02	 -1.2000e+02	 -1.2000e+02	 -1.2000e+02	 -1.2000e+02	 -1.2000e+02
1.8840e+01	 -1.0388e+01	 -1.0388e+01	 -1.5999e+01	 -1.2000e+02	 -1.2000e+02	 -1.2000e+02	 -1.2000e+02	 -1.2000e+02	 -1.2000e+02	 -1.2000e+02	 -1.2000e+02	 -1.2000e+02
1.8960e+01	 -1.0535e+01	 -1.0535e+01	 -1.5871e+01	 -1.2000e+02	 -1.2000e+02	 -1.2000e+02	 -1.2000e+02	 -1.2000e+02	 -1.2000e+02	 -1.2000e+02	 -1.2000e+02	 -1.2000e+02
1.9080e+01	 -1.0700e+01	 -1.0700e+01	 -1.5750e+01	 -1.2000e+02	 -1.2000e+02	 -1.2000e+02	 -1.2000e+02	 -1.2000e+02	 -1.2000e+02	 -1.2000e+02	 -1.2000e+02	 -1.2000e+02
1.9200e+01	 -1.0903e+01	 -1.0903e+01	 -1.5629e+01	 -1.2000e+02	 -1.2000e+02	 -1.2000e+02	 -1.2000e+02	 -1.2000e+02	 -1.2000e+02	 -1.2000e+02	 -1.2000e+02	 -1.2000e+02
1.9320e+01	 -1.1175e+01	 -1.1175e+01	 -1.5516e+01	 -1.2000e+02	 -1.2000e+02	 -1.2000e+02	 -1.2000e+02	 -1.2000e+02	 -1.2000e+02	 -1.2000e+02	 -1.2000e+02	 -1.2000e+02
1.9440e+01	 -1.1462e+01	 -1.1462e+01	 -1.5405e+01	 -1.2000e+02	 -1.2000e+02	 -1.2000e+02	 -1.2000e+02	 -1.2000e+02	 -1.2000e+02	 -1.2000e+02	 -1.2000e+02	 -1.2000e+02
1.9560e+01	 -1.1943e+01	 -1.1943e+01	 -1.5298e+01	 -1.2000e+02	 -1.2000e+02	 -1.2000e+02	 -1.2000e+02	 -1.2000e+02	 -1.2000e+02	 -1.2000e+02	 -1.2000e+02	 -1.2000e+02
1.9680e+01	 -1.2424e+01	 -1.2425e+01	 -1.5197e+01	 -1.2000e+02	 -1.2000e+02	 -1.2000e+02	 -1.2000e+02	 -1.2000e+02	 -1.2000e+02	 -1.2000e+02	 -1.2000e+02	 -1.2000e+02
1.9800e+01	 -1.3222e+01	 -1.3228e+01	 -1.5098e+01	 -1.2000e+02	 -1.2000e+02	 -1.2000e+02	 -1.2000e+02	 -1.2000e+02	 -1.2000e+02	 -1.2000e+02	 -1.2000e+02	 -1.2000e+02
1.9920e+01	 -1.4062e+01	 -1.4115e+01	 -1.5006e+01	 -1.2000e+02	 -1.2000e+02	 -1.2000e+02	 -1.2000e+02	 -1.2000e+02	 -1.2000e+02	 -1.2000e+02	 -1.2000e+02	 -1.2000e+02
2.0040e+01	 -1.4791e+01	 -1.5397e+01	 -1.4914e+01	 -1.2000e+02	 -1.2000e+02	 -1.2000e+02	 -1.2000e+02	 -1.2000e+02	 -1.2000e+02	 -1.2000e+02	 -1.2000e+02	 -1.2000e+02
2.0160e+01	 -1.4826e+01	 -1.7054e+01	 -1.4829e+01	 -1.2000e+02	 -1.2000e+02	 -1.2000e+02	 -1.2000e+02	 -1.2000e+02	 -1.2000e+02	 -1.2000e+02	 -1.2000e+02	 -1.2000e+02
2.0280e+01	 -1.4745e+01	 -1.9048e+01	 -1.4745e+01	 -1.2000e+02	 -1.2000e+02	 -1.2000e+02	 -1.2000e+02	 -1.2000e+02	 -1.2000e+02	 -1.2000e+02	 -1.2000e+02	 -1.2000e+02
2.0400e+01	 -1.4664e+01	 -2.2161e+01	 -1.4664e+01	 -1.2000e+02	 -1.2000e+02	 -1.2000e+02	 -1.2000e+02	 -1.2000e+02	 -1.2000e+02	 -1.2000e+02	 -1.2000e+02	 -1.2000e+02
2.0520e+01	 -1.4586e+01	 -2.5273e+01	 -1.4586e+01	 -1.2000e+02	 -1.2000e+02	 -1.2000e+02	 -1.2000e+02	 -1.2000e+02	 -1.2000e+02	 -1.2000e+02	 -1.2000e+02	 -1.2000e+02
2.0640e+01	 -1.4508e+01	 -3.0992e+01	 -1.4508e+01	 -1.2000e+02	 -1.2000e+02	 -1.2000e+02	 -1.2000e+02	 -1.2000e+02	 -1.2000e+02	 -1.2000e+02	 -1.2000e+02	 -1.2000e+02
2.0760e+01	 -1.4435e+01	 -3.6850e+01	 -1.4435e+01	 -1.2000e+02	 -1.2000e+02	 -1.2000e+02	 -1.2000e+02	 -1.2000e+02	 -1.2000e+02	 -1.2000e+02	 -1.2000e+02	 -1.2000e+02
2.0880e+01	 -1.4361e+01	 -1.2000e+02	 -1.4361e+01	 -1.2000e+02	 -1.2000e+02	 -1.2000e+02	 -1.2000e+02	 -1.2000e+02	 -1.2000e+02	 -1.2000e+02	 -1.2000e+02	 -1.2000e+02
2.1000e+01	 -1.4290e+01	 -1.2000e+02	 -1.4290e+01	 -1.2000e+02	 -1.2000e+02	 -1.2000e+02	 -1.2000e+02	 -1.2000e+02	 -1.2000e+02	 -1.2000e+02	 -1.2000e+02	 -1.2000e+02
2.1120e+01	 -1.4220e+01	 -1.2000e+02	 -1.4220e+01	 -1.2000e+02	 -1.2000e+02	 -1.2000e+02	 -1.2000e+02	 -1.2000e+02	 -1.2000e+02	 -1.2000e+02	 -1.2000e+02	 -1.2000e+02
2.1240e+01	 -1.4152e+01	 -1.2000e+02	 -1.4152e+01	 -1.2000e+02	 -1.2000e+02	 -1.2000e+02	 -1.2000e+02	 -1.2000e+02	 -1.2000e+02	 -1.2000e+02	 -1.2000e+02	 -1.2000e+02
2.1360e+01	 -1.4085e+01	 -1.2000e+02	 -1.4085e+01	 -1.2000e+02	 -1.2000e+02	 -1.2000e+02	 -1.2000e+02	 -1.2000e+02	 -1.2000e+02	 -1.2000e+02	 -1.2000e+02	 -1.2000e+02
2.1480e+01	 -1.4019e+01	 -1.2000e+02	 -1.4019e+01	 -1.2000e+02	 -1.2000e+02	 -1.2000e+02	 -1.2000e+02	 -1.2000e+02	 -1.2000e+02	 -1.2000e+02	 -1.2000e+02	 -1.2000e+02
2.1600e+01	 -1.3955e+01	 -1.2000e+02	 -1.3955e+01	 -1.2000e+02	 -1.2000e+02	 -1.2000e+02	 -1.2000e+02	 -1.2000e+02	 -1.2000e+02	 -1.2000e+02	 -1.2000e+02	 -1.2000e+02
2.1720e+01	 -1.3891e+01	 -1.2000e+02	 -1.3891e+01	 -1.2000e+02	 -1.2000e+02	 -1.2000e+02	 -1.2000e+02	 -1.2000e+02	 -1.2000e+02	 -1.2000e+02	 -1.2000e+02	 -1.2000e+02
2.1840e+01	 -1.3830e+01	 -1.2000e+02	 -1.3830e+01	 -1.2000e+02	 -1.2000e+02	 -1.2000e+02	 -1.2000e+02	 -1.2000e+02	 -1.2000e+02	 -1.2000e+02	 -1.2000e+02	 -1.2000e+02
2.1960e+01	 -1.3770e+01	 -1.2000e+02	 -1.3770e+01	 -1.2000e+02	 -1.2000e+02	 -1.2000e+02	 -1.2000e+02	 -1.2000e+02	 -1.2000e+02	 -1.2000e+02	 -1.2000e+02	 -1.2000e+02
2.2080e+01	 -1.3711e+01	 -1.2000e+02	 -1.3711e+01	 -1.2000e+02	 -1.2000e+02	 -1.2000e+02	 -1.2000e+02	 -1.2000e+02	 -1.2000e+02	 -1.2000e+02	 -1.2000e+02	 -1.2000e+02
2.2200e+01	 -1.3654e+01	 -1.2000e+02	 -1.3654e+01	 -1.2000e+02	 -1.2000e+02	 -1.2000e+02	 -1.2000e+02	 -1.2000e+02	 -1.2000e+02	 -1.2000e+02	 -1.2000e+02	 -1.2000e+02
2.2320e+01	 -1.3598e+01	 -1.2000e+02	 -1.3598e+01	 -1.2000e+02	 -1.2000e+02	 -1.2000e+02	 -1.2000e+02	 -1.2000e+02	 -1.2000e+02	 -1.2000e+02	 -1.2000e+02	 -1.2000e+02
2.2440e+01	 -1.3545e+01	 -1.2000e+02	 -1.3545e+01	 -1.2000e+02	 -1.2000e+02	 -1.2000e+02	 -1.2000e+02	 -1.2000e+02	 -1.2000e+02	 -1.2000e+02	 -1.2000e+02	 -1.2000e+02
2.2560e+01	 -1.3491e+01	 -1.2000e+02	 -1.3491e+01	 -1.2000e+02	 -1.2000e+02	 -1.2000e+02	 -1.2000e+02	 -1.2000e+02	 -1.2000e+02	 -1.2000e+02	 -1.2000e+02	 -1.2000e+02
2.2680e+01	 -1.3441e+01	 -1.2000e+02	 -1.3441e+01	 -1.2000e+02	 -1.2000e+02	 -1.2000e+02	 -1.2000e+02	 -1.2000e+02	 -1.2000e+02	 -1.2000e+02	 -1.2000e+02	 -1.2000e+02
2.2800e+01	 -1.3392e+01	 -1.2000e+02	 -1.3392e+01	 -1.2000e+02	 -1.2000e+02	 -1.2000e+02	 -1.2000e+02	 -1.2000e+02	 -1.2000e+02	 -1.2000e+02	 -1.2000e+02	 -1.2000e+02
2.2920e+01	 -1.3345e+01	 -1.2000e+02	 -1.3345e+01	 -1.2000e+02	 -1.2000e+02	 -1.2000e+02	 -1.2000e+02	 -1.2000e+02	 -1.2000e+02	 -1.2000e+02	 -1.2000e+02	 -1.2000e+02
2.3040e+01	 -1.3300e+01	 -1.2000e+02	 -1.3300e+01	 -1.2000e+02	 -1.2000e+02	 -1.2000e+02	 -1.2000e+02	 -1.2000e+02	 -1.2000e+02	 -1.2000e+02	 -1.2000e+02	 -1.2000e+02
2.3160e+01	 -1.3255e+01	 -1.2000e+02	 -1.3255e+01	 -1.2000e+02	 -1.2000e+02	 -1.2000e+02	 -1.2000e+02	 -1.2000e+02	 -1.2000e+02	 -1.2000e+02	 -1.2000e+02	 -1.2000e+02
2.3280e+01	 -1.3215e+01	 -1.2000e+02	 -1.3215e+01	 -1.2000e+02	 -1.2000e+02	 -1.2000e+02	 -1.2000e+02	 -1.2000e+02	 -1.2000e+02	 -1.2000e+02	 -1.2000e+02	 -1.2000e+02
2.3400e+01	 -1.3175e+01	 -1.2000e+02	 -1.3175e+01	 -1.2000e+02	 -1.2000e+02	 -1.2000e+02	 -1.2000e+02	 -1.2000e+02	 -1.2000e+02	 -1.2000e+02	 -1.2000e+02	 -1.2000e+02
2.3520e+01	 -1.3138e+01	 -1.2000e+02	 -1.3138e+01	 -1.2000e+02	 -1.2000e+02	 -1.2000e+02	 -1.2000e+02	 -1.2000e+02	 -1.2000e+02	 -1.2000e+02	 -1.2000e+02	 -1.2000e+02
2.3640e+01	 -1.3102e+01	 -1.2000e+02	 -1.3102e+01	 -1.2000e+02	 -1.2000e+02	 -1.2000e+02	 -1.2000e+02	 -1.2000e+02	 -1.2000e+02	 -1.2000e+02	 -1.2000e+02	 -1.2000e+02
2.3760e+01	 -1.3068e+01	 -1.2000e+02	 -1.3068e+01	 -1.2000e+02	 -1.2000e+02	 -1.2000e+02	 -1.2000e+02	 -1.2000e+02	 -1.2000e+02	 -1.2000e+02	 -1.2000e+02	 -1.2000e+02
2.3880e+01	 -1.3037e+01	 -1.2000e+02	 -1.3037e+01	 -1.2000e+02	 -1.2000e+02	 -1.2000e+02	 -1.2000e+02	 -1.2000e+02	 -1.2000e+02	 -1.2000e+02	 -1.2000e+02	 -1.2000e+02
2.4000e+01	 -1.3006e+01	 -1.2000e+02	 -1.3006e+01	 -1.2000e+02	 -1.2000e+02	 -1.2000e+02	 -1.2000e+02	 -1.2000e+02	 -1.2000e+02	 -1.2000e+02	 -1.2000e+02	 -1.2000e+02
2.4120e+01	 -1.2981e+01	 -1.2000e+02	 -1.2981e+01	 -1.2000e+02	 -1.2000e+02	 -1.2000e+02	 -1.2000e+02	 -1.2000e+02	 -1.2000e+02	 -1.2000e+02	 -1.2000e+02	 -1.2000e+02
2.4240e+01	 -1.2956e+01	 -1.2000e+02	 -1.2956e+01	 -1.2000e+02	 -1.2000e+02	 -1.2000e+02	 -1.2000e+02	 -1.2000e+02	 -1.2000e+02	 -1.2000e+02	 -1.2000e+02	 -1.2000e+02
2.4360e+01	 -1.2935e+01	 -1.2000e+02	 -1.2935e+01	 -1.2000e+02	 -1.2000e+02	 -1.2000e+02	 -1.2000e+02	 -1.2000e+02	 -1.2000e+02	 -1.2000e+02	 -1.2000e+02	 -1.2000e+02
2.4480e+01	 -1.2915e+01	 -1.2000e+02	 -1.2915e+01	 -1.2000e+02	 -1.2000e+02	 -1.2000e+02	 -1.2000e+02	 -1.2000e+02	 -1.2000e+02	 -1.2000e+02	 -1.2000e+02	 -1.2000e+02
2.4600e+01	 -1.2898e+01	 -1.2000e+02	 -1.2898e+01	 -1.2000e+02	 -1.2000e+02	 -1.2000e+02	 -1.2000e+02	 -1.2000e+02	 -1.2000e+02	 -1.2000e+02	 -1.2000e+02	 -1.2000e+02
2.4720e+01	 -1.2886e+01	 -1.2000e+02	 -1.2886e+01	 -1.2000e+02	 -1.2000e+02	 -1.2000e+02	 -1.2000e+02	 -1.2000e+02	 -1.2000e+02	 -1.2000e+02	 -1.2000e+02	 -1.2000e+02
2.4840e+01	 -1.2875e+01	 -1.2000e+02	 -1.2875e+01	 -1.2000e+02	 -1.2000e+02	 -1.2000e+02	 -1.2000e+02	 -1.2000e+02	 -1.2000e+02	 -1.2000e+02	 -1.2000e+02	 -1.2000e+02
2.4960e+01	 -1.2872e+01	 -1.2000e+02	 -1.2872e+01	 -1.2000e+02	 -1.2000e+02	 -1.2000e+02	 -1.2000e+02	 -1.2000e+02	 -1.2000e+02	 -1.2000e+02	 -1.2000e+02	 -1.2000e+02
2.5080e+01	 -1.2869e+01	 -1.2000e+02	 -1.2869e+01	 -1.2000e+02	 -1.2000e+02	 -1.2000e+02	 -1.2000e+02	 -1.2000e+02	 -1.2000e+02	 -1.2000e+02	 -1.2000e+02	 -1.2000e+02
2.5200e+01	 -1.2875e+01	 -1.2000e+02	 -1.2875e+01	 -1.2000e+02	 -1.2000e+02	 -1.2000e+02	 -1.2000e+02	 -1.2000e+02	 -1.2000e+02	 -1.2000e+02	 -1.2000e+02	 -1.2000e+02
2.5320e+01	 -1.2886e+01	 -1.2000e+02	 -1.2886e+01	 -1.2000e+02	 -1.2000e+02	 -1.2000e+02	 -1.2000e+02	 -1.2000e+02	 -1.2000e+02	 -1.2000e+02	 -1.2000e+02	 -1.2000e+02
2.5440e+01	 -1.2902e+01	 -1.2000e+02	 -1.2902e+01	 -1.2000e+02	 -1.2000e+02	 -1.2000e+02	 -1.2000e+02	 -1.2000e+02	 -1.2000e+02	 -1.2000e+02	 -1.2000e+02	 -1.2000e+02
2.5560e+01	 -1.2930e+01	 -1.2000e+02	 -1.2930e+01	 -1.2000e+02	 -1.2000e+02	 -1.2000e+02	 -1.2000e+02	 -1.2000e+02	 -1.2000e+02	 -1.2000e+02	 -1.2000e+02	 -1.2000e+02
2.5680e+01	 -1.2959e+01	 -1.2000e+02	 -1.2959e+01	 -1.2000e+02	 -1.2000e+02	 -1.2000e+02	 -1.2000e+02	 -1.2000e+02	 -1.2000e+02	 -1.2000e+02	 -1.2000e+02	 -1.2000e+02
2.5800e+01	 -1.3011e+01	 -1.2000e+02	 -1.3011e+01	 -1.2000e+02	 -1.2000e+02	 -1.2000e+02	 -1.2000e+02	 -1.2000e+02	 -1.2000e+02	 -1.2000e+02	 -1.2000e+02	 -1.2000e+02
2.5920e+01	 -1.3064e+01	 -1.2000e+02	 -1.3064e+01	 -1.2000e+02	 -1.2000e+02	 -1.2000e+02	 -1.2000e+02	 -1.2000e+02	 -1.2000e+02	 -1.2000e+02	 -1.2000e+02	 -1.2000e+02
2.6040e+01	 -1.3137e+01	 -1.2000e+02	 -1.3137e+01	 -1.2000e+02	 -1.2000e+02	 -1.2000e+02	 -1.2000e+02	 -1.2000e+02	 -1.2000e+02	 -1.2000e+02	 -1.2000e+02	 -1.2000e+02
2.6160e+01	 -1.3222e+01	 -1.2000e+02	 -1.3222e+01	 -1.2000e+02	 -1.2000e+02	 -1.2000e+02	 -1.2000e+02	 -1.2000e+02	 -1.2000e+02	 -1.2000e+02	 -1.2000e+02	 -1.2000e+02
2.6280e+01	 -1.3317e+01	 -1.2000e+02	 -1.3317e+01	 -1.2000e+02	 -1.2000e+02	 -1.2000e+02	 -1.2000e+02	 -1.2000e+02	 -1.2000e+02	 -1.2000e+02	 -1.2000e+02	 -1.2000e+02
2.6400e+01	 -1.3439e+01	 -1.2000e+02	 -1.3439e+01	 -1.2000e+02	 -1.2000e+02	 -1.2000e+02	 -1.2000e+02	 -1.2000e+02	 -1.2000e+02	 -1.2000e+02	 -1.2000e+02	 -1.2000e+02
2.6520e+01	 -1.3562e+01	 -1.2000e+02	 -1.3562e+01	 -1.2000e+02	 -1.2000e+02	 -1.2000e+02	 -1.2000e+02	 -1.2000e+02	 -1.2000e+02	 -1.2000e+02	 -1.2000e+02	 -1.2000e+02
2.6640e+01	 -1.3729e+01	 -1.2000e+02	 -1.3729e+01	 -1.2000e+02	 -1.2000e+02	 -1.2000e+02	 -1.2000e+02	 -1.2000e+02	 -1.2000e+02	 -1.2000e+02	 -1.2000e+02	 -1.2000e+02
2.6760e+01	 -1.3900e+01	 -1.2000e+02	 -1.3900e+01	 -1.2000e+02	 -1.2000e+02	 -1.2000e+02	 -1.2000e+02	 -1.2000e+02	 -1.2000e+02	 -1.2000e+02	 -1.2000e+02	 -1.2000e+02
2.6880e+01	 -1.4116e+01	 -1.2000e+02	 -1.4116e+01	 -1.2000e+02	 -1.2000e+02	 -1.2000e+02	 -1.2000e+02	 -1.2000e+02	 -1.2000e+02	 -1.2000e+02	 -1.2000e+02	 -1.2000e+02
2.7000e+01	 -1.4362e+01	 -1.2000e+02	 -1.4362e+01	 -1.2000e+02	 -1.2000e+02	 -1.2000e+02	 -1.2000e+02	 -1.2000e+02	 -1.2000e+02	 -1.2000e+02	 -1.2000e+02	 -1.2000e+02
2.7120e+01	 -1.4675e+01	 -1.2000e+02	 -1.4675e+01	 -1.2000e+02	 -1.2000e+02	 -1.2000e+02	 -1.2000e+02	 -1.2000e+02	 -1.2000e+02	 -1.2000e+02	 -1.2000e+02	 -1.2000e+02
2.7240e+01	 -1.5181e+01	 -1.2000e+02	 -1.5181e+01	 -1.2000e+02	 -1.2000e+02	 -1.2000e+02	 -1.2000e+02	 -1.2000e+02	 -1.2000e+02	 -1.2000e+02	 -1.2000e+02	 -1.2000e+02
2.7360e+01	 -1.5687e+01	 -1.2000e+02	 -1.5687e+01	 -1.2000e+02	 -1.2000e+02	 -1.2000e+02	 -1.2000e+02	 -1.2000e+02	 -1.2000e+02	 -1.2000e+02	 -1.2000e+02	 -1.2000e+02
2.7480e+01	 -5.6558e+01	 -1.2000e+02	 -5.6558e+01	 -1.2000e+02	 -1.2000e+02	 -1.2000e+02	 -1.2000e+02	 -1.2000e+02	 -1.2000e+02	 -1.2000e+02	 -1.2000e+02	 -1.2000e+02
2.7600e+01	 -1.0109e+02	 -1.2000e+02	 -1.0109e+02	 -1.2000e+02	 -1.2000e+02	 -1.2000e+02	 -1.2000e+02	 -1.2000e+02	 -1.2000e+02	 -1.2000e+02	 -1.2000e+02	 -1.2000e+02
2.7720e+01	 -1.2000e+02	 -1.2000e+02	 -1.2000e+02	 -1.2000e+02	 -1.2000e+02	 -1.2000e+02	 -1.2000e+02	 -1.2000e+02	 -1.2000e+02	 -1.2000e+02	 -1.2000e+02	 -1.2000e+02
2.7840e+01	 -1.2000e+02	 -1.2000e+02	 -1.2000e+02	 -1.2000e+02	 -1.2000e+02	 -1.2000e+02	 -1.2000e+02	 -1.2000e+02	 -1.2000e+02	 -1.2000e+02	 -1.2000e+02	 -1.2000e+02
2.7960e+01	 -1.2000e+02	 -1.2000e+02	 -1.2000e+02	 -1.2000e+02	 -1.2000e+02	 -1.2000e+02	 -1.2000e+02	 -1.2000e+02	 -1.2000e+02	 -1.2000e+02	 -1.2000e+02	 -1.2000e+02
2.8080e+01	 -1.2000e+02	 -1.2000e+02	 -1.2000e+02	 -1.2000e+02	 -1.2000e+02	 -1.2000e+02	 -1.2000e+02	 -1.2000e+02	 -1.2000e+02	 -1.2000e+02	 -1.2000e+02	 -1.2000e+02
2.8200e+01	 -1.2000e+02	 -1.2000e+02	 -1.2000e+02	 -1.2000e+02	 -1.2000e+02	 -1.2000e+02	 -1.2000e+02	 -1.2000e+02	 -1.2000e+02	 -1.2000e+02	 -1.2000e+02	 -1.2000e+02
2.8320e+01	 -1.2000e+02	 -1.2000e+02	 -1.2000e+02	 -1.2000e+02	 -1.2000e+02	 -1.2000e+02	 -1.2000e+02	 -1.2000e+02	 -1.2000e+02	 -1.2000e+02	 -1.2000e+02	 -1.2000e+02
2.8440e+01	 -1.2000e+02	 -1.2000e+02	 -1.2000e+02	 -1.2000e+02	 -1.2000e+02	 -1.2000e+02	 -1.2000e+02	 -1.2000e+02	 -1.2000e+02	 -1.2000e+02	 -1.2000e+02	 -1.2000e+02
2.8560e+01	 -1.2000e+02	 -1.2000e+02	 -1.2000e+02	 -1.2000e+02	 -1.2000e+02	 -1.2000e+02	 -1.2000e+02	 -1.2000e+02	 -1.2000e+02	 -1.2000e+02	 -1.2000e+02	 -1.2000e+02
2.8680e+01	 -1.2000e+02	 -1.2000e+02	 -1.2000e+02	 -1.2000e+02	 -1.2000e+02	 -1.2000e+02	 -1.2000e+02	 -1.2000e+02	 -1.2000e+02	 -1.2000e+02	 -1.2000e+02	 -1.2000e+02
2.8800e+01	 -1.2000e+02	 -1.2000e+02	 -1.2000e+02	 -1.2000e+02	 -1.2000e+02	 -1.2000e+02	 -1.2000e+02	 -1.2000e+02	 -1.2000e+02	 -1.2000e+02	 -1.2000e+02	 -1.2000e+02
2.8920e+01	 -1.2000e+02	 -1.2000e+02	 -1.2000e+02	 -1.2000e+02	 -1.2000e+02	 -1.2000e+02	 -1.2000e+02	 -1.2000e+02	 -1.2000e+02	 -1.2000e+02	 -1.2000e+02	 -1.2000e+02
2.9040e+01	 -1.2000e+02	 -1.2000e+02	 -1.2000e+02	 -1.2000e+02	 -1.2000e+02	 -1.2000e+02	 -1.2000e+02	 -1.2000e+02	 -1.2000e+02	 -1.2000e+02	 -1.2000e+02	 -1.2000e+02
2.9160e+01	 -1.2000e+02	 -1.2000e+02	 -1.2000e+02	 -1.2000e+02	 -1.2000e+02	 -1.2000e+02	 -1.2000e+02	 -1.2000e+02	 -1.2000e+02	 -1.2000e+02	 -1.2000e+02	 -1.2000e+02
2.9280e+01	 -1.2000e+02	 -1.2000e+02	 -1.2000e+02	 -1.2000e+02	 -1.2000e+02	 -1.2000e+02	 -1.2000e+02	 -1.2000e+02	 -1.2000e+02	 -1.2000e+02	 -1.2000e+02	 -1.2000e+02
2.9400e+01	 -1.2000e+02	 -1.2000e+02	 -1.2000e+02	 -1.2000e+02	 -1.2000e+02	 -1.2000e+02	 -1.2000e+02	 -1.2000e+02	 -1.2000e+02	 -1.2000e+02	 -1.2000e+02	 -1.2000e+02
2.9520e+01	 -1.2000e+02	 -1.2000e+02	 -1.2000e+02	 -1.2000e+02	 -1.2000e+02	 -1.2000e+02	 -1.2000e+02	 -1.2000e+02	 -1.2000e+02	 -1.2000e+02	 -1.2000e+02	 -1.2000e+02
2.9640e+01	 -1.2000e+02	 -1.2000e+02	 -1.2000e+02	 -1.2000e+02	 -1.2000e+02	 -1.2000e+02	 -1.2000e+02	 -1.2000e+02	 -1.2000e+02	 -1.2000e+02	 -1.2000e+02	 -1.2000e+02
2.9760e+01	 -1.2000e+02	 -1.2000e+02	 -1.2000e+02	 -1.2000e+02	 -1.2000e+02	 -1.2000e+02	 -1.2000e+02	 -1.2000e+02	 -1.2000e+02	 -1.2000e+02	 -1.2000e+02	 -1.2000e+02
2.9880e+01	 -1.2000e+02	 -1.2000e+02	 -1.2000e+02	 -1.2000e+02	 -1.2000e+02	 -1.2000e+02	 -1.2000e+02	 -1.2000e+02	 -1.2000e+02	 -1.2000e+02	 -1.2000e+02	 -1.2000e+02
