########################################################################
#_src is in the AGN rest frame:cosmo                 
#nu_src  nuFnu_somma_src  nuFnu_Sync_src nuFnu_SSC_src nu_Fnu_Disk_src  nu_Fnu_DT_src nu_Fnu_Star_src nu_Fnu_EC_Disk_src nu_Fnu_EC_BLR_src nu_Fnu_EC_DT_src nu_Fnu_EC_Star_src nu_Fnu_EC_CMB_src  
########################################################################
6.0132e+00	 -6.5673e+01	 -6.5673e+01	 -6.5673e+01	 -6.5673e+01	 -6.5673e+01	 -6.5673e+01	 -6.5673e+01	 -6.5673e+01	 -6.5673e+01	 -6.5673e+01	 -6.5673e+01	 -6.5673e+01
6.1332e+00	 -6.5673e+01	 -6.5673e+01	 -6.5673e+01	 -6.5673e+01	 -6.5673e+01	 -6.5673e+01	 -6.5673e+01	 -6.5673e+01	 -6.5673e+01	 -6.5673e+01	 -6.5673e+01	 -6.5673e+01
6.2532e+00	 -6.5673e+01	 -6.5673e+01	 -6.5673e+01	 -6.5673e+01	 -6.5673e+01	 -6.5673e+01	 -6.5673e+01	 -6.5673e+01	 -6.5673e+01	 -6.5673e+01	 -6.5673e+01	 -6.5673e+01
6.3732e+00	 -6.5673e+01	 -6.5673e+01	 -6.5673e+01	 -6.5673e+01	 -6.5673e+01	 -6.5673e+01	 -6.5673e+01	 -6.5673e+01	 -6.5673e+01	 -6.5673e+01	 -6.5673e+01	 -6.5673e+01
6.4932e+00	 -6.5673e+01	 -6.5673e+01	 -6.5673e+01	 -6.5673e+01	 -6.5673e+01	 -6.5673e+01	 -6.5673e+01	 -6.5673e+01	 -6.5673e+01	 -6.5673e+01	 -6.5673e+01	 -6.5673e+01
6.6132e+00	 -6.5673e+01	 -6.5673e+01	 -6.5673e+01	 -6.5673e+01	 -6.5673e+01	 -6.5673e+01	 -6.5673e+01	 -6.5673e+01	 -6.5673e+01	 -6.5673e+01	 -6.5673e+01	 -6.5673e+01
6.7332e+00	 -6.5673e+01	 -6.5673e+01	 -6.5673e+01	 -6.5673e+01	 -6.5673e+01	 -6.5673e+01	 -6.5673e+01	 -6.5673e+01	 -6.5673e+01	 -6.5673e+01	 -6.5673e+01	 -6.5673e+01
6.8532e+00	 -6.5673e+01	 -6.5673e+01	 -6.5673e+01	 -6.5673e+01	 -6.5673e+01	 -6.5673e+01	 -6.5673e+01	 -6.5673e+01	 -6.5673e+01	 -6.5673e+01	 -6.5673e+01	 -6.5673e+01
6.9732e+00	 -6.5673e+01	 -6.5673e+01	 -6.5673e+01	 -6.5673e+01	 -6.5673e+01	 -6.5673e+01	 -6.5673e+01	 -6.5673e+01	 -6.5673e+01	 -6.5673e+01	 -6.5673e+01	 -6.5673e+01
7.0932e+00	 -6.5673e+01	 -6.5673e+01	 -6.5673e+01	 -6.5673e+01	 -6.5673e+01	 -6.5673e+01	 -6.5673e+01	 -6.5673e+01	 -6.5673e+01	 -6.5673e+01	 -6.5673e+01	 -6.5673e+01
7.2132e+00	 -6.5673e+01	 -6.5673e+01	 -6.5673e+01	 -6.5673e+01	 -6.5673e+01	 -6.5673e+01	 -6.5673e+01	 -6.5673e+01	 -6.5673e+01	 -6.5673e+01	 -6.5673e+01	 -6.5673e+01
7.3332e+00	 -6.5673e+01	 -6.5673e+01	 -6.5673e+01	 -6.5673e+01	 -6.5673e+01	 -6.5673e+01	 -6.5673e+01	 -6.5673e+01	 -6.5673e+01	 -6.5673e+01	 -6.5673e+01	 -6.5673e+01
7.4532e+00	 3.6326e+01	 3.6326e+01	 -6.5673e+01	 -6.5673e+01	 -6.5673e+01	 -6.5673e+01	 -6.5673e+01	 -6.5673e+01	 -6.5673e+01	 -6.5673e+01	 -6.5673e+01	 -6.5673e+01
7.5732e+00	 3.6500e+01	 3.6500e+01	 -6.5673e+01	 -6.5673e+01	 -6.5673e+01	 -6.5673e+01	 -6.5673e+01	 -6.5673e+01	 -6.5673e+01	 -6.5673e+01	 -6.5673e+01	 -6.5673e+01
7.6932e+00	 3.6673e+01	 3.6673e+01	 -6.5673e+01	 -6.5673e+01	 -6.5673e+01	 -6.5673e+01	 -6.5673e+01	 -6.5673e+01	 -6.5673e+01	 -6.5673e+01	 -6.5673e+01	 -6.5673e+01
7.8132e+00	 3.6838e+01	 3.6838e+01	 -6.5673e+01	 -6.5673e+01	 -6.5673e+01	 -6.5673e+01	 -6.5673e+01	 -6.5673e+01	 -6.5673e+01	 -6.5673e+01	 -6.5673e+01	 -6.5673e+01
7.9332e+00	 3.7003e+01	 3.7003e+01	 -6.5673e+01	 -6.5673e+01	 -6.5673e+01	 -6.5673e+01	 -6.5673e+01	 -6.5673e+01	 -6.5673e+01	 -6.5673e+01	 -6.5673e+01	 -6.5673e+01
8.0532e+00	 3.7166e+01	 3.7166e+01	 -6.5673e+01	 -6.5673e+01	 -6.5673e+01	 -6.5673e+01	 -6.5673e+01	 -6.5673e+01	 -6.5673e+01	 -6.5673e+01	 -6.5673e+01	 -6.5673e+01
8.1732e+00	 3.7327e+01	 3.7327e+01	 -6.5673e+01	 -6.5673e+01	 -6.5673e+01	 -6.5673e+01	 -6.5673e+01	 -6.5673e+01	 -6.5673e+01	 -6.5673e+01	 -6.5673e+01	 -6.5673e+01
8.2932e+00	 3.7488e+01	 3.7488e+01	 -6.5673e+01	 -6.5673e+01	 -6.5673e+01	 -6.5673e+01	 -6.5673e+01	 -6.5673e+01	 -6.5673e+01	 -6.5673e+01	 -6.5673e+01	 -6.5673e+01
8.4132e+00	 3.7649e+01	 3.7649e+01	 -6.5673e+01	 -6.5673e+01	 -6.5673e+01	 -6.5673e+01	 -6.5673e+01	 -6.5673e+01	 -6.5673e+01	 -6.5673e+01	 -6.5673e+01	 -6.5673e+01
8.5332e+00	 3.7809e+01	 3.7809e+01	 -6.5673e+01	 -6.5673e+01	 -6.5673e+01	 -6.5673e+01	 -6.5673e+01	 -6.5673e+01	 -6.5673e+01	 -6.5673e+01	 -6.5673e+01	 -6.5673e+01
8.6532e+00	 3.7970e+01	 3.7970e+01	 -6.5673e+01	 -6.5673e+01	 -6.5673e+01	 -6.5673e+01	 -6.5673e+01	 -6.5673e+01	 -6.5673e+01	 -6.5673e+01	 -6.5673e+01	 -6.5673e+01
8.7732e+00	 3.8130e+01	 3.8130e+01	 -6.5673e+01	 -6.5673e+01	 -6.5673e+01	 -6.5673e+01	 -6.5673e+01	 -6.5673e+01	 -6.5673e+01	 -6.5673e+01	 -6.5673e+01	 -6.5673e+01
8.8932e+00	 3.8290e+01	 3.8290e+01	 -6.5673e+01	 -6.5673e+01	 -6.5673e+01	 -6.5673e+01	 -6.5673e+01	 -6.5673e+01	 -6.5673e+01	 -6.5673e+01	 -6.5673e+01	 -6.5673e+01
9.0132e+00	 3.8450e+01	 3.8450e+01	 -6.5673e+01	 -6.5673e+01	 -6.5673e+01	 -6.5673e+01	 -6.5673e+01	 -6.5673e+01	 -6.5673e+01	 -6.5673e+01	 -6.5673e+01	 -6.5673e+01
9.1332e+00	 3.8610e+01	 3.8610e+01	 -6.5673e+01	 -6.5673e+01	 -6.5673e+01	 -6.5673e+01	 -6.5673e+01	 -6.5673e+01	 -6.5673e+01	 -6.5673e+01	 -6.5673e+01	 -6.5673e+01
9.2532e+00	 3.8770e+01	 3.8770e+01	 -6.5673e+01	 -6.5673e+01	 -6.5673e+01	 -6.5673e+01	 -6.5673e+01	 -6.5673e+01	 -6.5673e+01	 -6.5673e+01	 -6.5673e+01	 -6.5673e+01
9.3732e+00	 3.8929e+01	 3.8929e+01	 -6.5673e+01	 -6.5673e+01	 -6.5673e+01	 -6.5673e+01	 -6.5673e+01	 -6.5673e+01	 -6.5673e+01	 -6.5673e+01	 -6.5673e+01	 -6.5673e+01
9.4932e+00	 3.9089e+01	 3.9089e+01	 -6.5673e+01	 -6.5673e+01	 -6.5673e+01	 -6.5673e+01	 -6.5673e+01	 -6.5673e+01	 -6.5673e+01	 -6.5673e+01	 -6.5673e+01	 -6.5673e+01
9.6132e+00	 3.9249e+01	 3.9249e+01	 -6.5673e+01	 -6.5673e+01	 -6.5673e+01	 -6.5673e+01	 -6.5673e+01	 -6.5673e+01	 -6.5673e+01	 -6.5673e+01	 -6.5673e+01	 -6.5673e+01
9.7332e+00	 3.9409e+01	 3.9409e+01	 -6.5673e+01	 -6.5673e+01	 -6.5673e+01	 -6.5673e+01	 -6.5673e+01	 -6.5673e+01	 -6.5673e+01	 -6.5673e+01	 -6.5673e+01	 -6.5673e+01
9.8532e+00	 3.9569e+01	 3.9569e+01	 -6.5673e+01	 -6.5673e+01	 -6.5673e+01	 -6.5673e+01	 -6.5673e+01	 -6.5673e+01	 -6.5673e+01	 -6.5673e+01	 -6.5673e+01	 -6.5673e+01
9.9732e+00	 3.9728e+01	 3.9728e+01	 -6.5673e+01	 -6.5673e+01	 -6.5673e+01	 -6.5673e+01	 -6.5673e+01	 -6.5673e+01	 -6.5673e+01	 -6.5673e+01	 -6.5673e+01	 -6.5673e+01
1.0093e+01	 3.9888e+01	 3.9888e+01	 -6.5673e+01	 -6.5673e+01	 -6.5673e+01	 -6.5673e+01	 -6.5673e+01	 -6.5673e+01	 -6.5673e+01	 -6.5673e+01	 -6.5673e+01	 -6.5673e+01
1.0213e+01	 4.0047e+01	 4.0047e+01	 -6.5673e+01	 -6.5673e+01	 -6.5673e+01	 -6.5673e+01	 -6.5673e+01	 -6.5673e+01	 -6.5673e+01	 -6.5673e+01	 -6.5673e+01	 -6.5673e+01
1.0333e+01	 4.0206e+01	 4.0206e+01	 -6.5673e+01	 -6.5673e+01	 -6.5673e+01	 -6.5673e+01	 -6.5673e+01	 -6.5673e+01	 -6.5673e+01	 -6.5673e+01	 -6.5673e+01	 -6.5673e+01
1.0453e+01	 4.0366e+01	 4.0366e+01	 -6.5673e+01	 -6.5673e+01	 -6.5673e+01	 -6.5673e+01	 -6.5673e+01	 -6.5673e+01	 -6.5673e+01	 -6.5673e+01	 -6.5673e+01	 -6.5673e+01
1.0573e+01	 4.0524e+01	 4.0524e+01	 -6.5673e+01	 -6.5673e+01	 -6.5673e+01	 -6.5673e+01	 -6.5673e+01	 -6.5673e+01	 -6.5673e+01	 -6.5673e+01	 -6.5673e+01	 -6.5673e+01
1.0693e+01	 4.0683e+01	 4.0683e+01	 -6.5673e+01	 -6.5673e+01	 -6.5673e+01	 -6.5673e+01	 -6.5673e+01	 -6.5673e+01	 -6.5673e+01	 -6.5673e+01	 -6.5673e+01	 -6.5673e+01
1.0813e+01	 4.0842e+01	 4.0842e+01	 -6.5673e+01	 -6.5673e+01	 -6.5673e+01	 -6.5673e+01	 -6.5673e+01	 -6.5673e+01	 -6.5673e+01	 -6.5673e+01	 -6.5673e+01	 -6.5673e+01
1.0933e+01	 4.1000e+01	 4.1000e+01	 -6.5673e+01	 -6.5673e+01	 -6.5673e+01	 -6.5673e+01	 -6.5673e+01	 -6.5673e+01	 -6.5673e+01	 -6.5673e+01	 -6.5673e+01	 -6.5673e+01
1.1053e+01	 4.1158e+01	 4.1158e+01	 -6.5673e+01	 -6.5673e+01	 -6.5673e+01	 -6.5673e+01	 -6.5673e+01	 -6.5673e+01	 -6.5673e+01	 -6.5673e+01	 -6.5673e+01	 -6.5673e+01
1.1173e+01	 4.1315e+01	 4.1315e+01	 -6.5673e+01	 -6.5673e+01	 -6.5673e+01	 -6.5673e+01	 -6.5673e+01	 -6.5673e+01	 -6.5673e+01	 -6.5673e+01	 -6.5673e+01	 -6.5673e+01
1.1293e+01	 4.1472e+01	 4.1472e+01	 -6.5673e+01	 -6.5673e+01	 -6.5673e+01	 -6.5673e+01	 -6.5673e+01	 -6.5673e+01	 -6.5673e+01	 -6.5673e+01	 -6.5673e+01	 -6.5673e+01
1.1413e+01	 4.1628e+01	 4.1628e+01	 -6.5673e+01	 -6.5673e+01	 -6.5673e+01	 -6.5673e+01	 -6.5673e+01	 -6.5673e+01	 -6.5673e+01	 -6.5673e+01	 -6.5673e+01	 -6.5673e+01
1.1533e+01	 4.1784e+01	 4.1784e+01	 -6.5673e+01	 -6.5673e+01	 -6.5673e+01	 -6.5673e+01	 -6.5673e+01	 -6.5673e+01	 -6.5673e+01	 -6.5673e+01	 -6.5673e+01	 -6.5673e+01
1.1653e+01	 4.1938e+01	 4.1938e+01	 -6.5673e+01	 -6.5673e+01	 -6.5673e+01	 -6.5673e+01	 -6.5673e+01	 -6.5673e+01	 -6.5673e+01	 -6.5673e+01	 -6.5673e+01	 -6.5673e+01
1.1773e+01	 4.2092e+01	 4.2092e+01	 -6.5673e+01	 -6.5673e+01	 -6.5673e+01	 -6.5673e+01	 -6.5673e+01	 -6.5673e+01	 -6.5673e+01	 -6.5673e+01	 -6.5673e+01	 -6.5673e+01
1.1893e+01	 4.2243e+01	 4.2243e+01	 -6.5673e+01	 -6.5673e+01	 -6.5673e+01	 -6.5673e+01	 -6.5673e+01	 -6.5673e+01	 -6.5673e+01	 -6.5673e+01	 -6.5673e+01	 -6.5673e+01
1.2013e+01	 4.2394e+01	 4.2394e+01	 -6.5673e+01	 -6.5673e+01	 -6.5673e+01	 -6.5673e+01	 -6.5673e+01	 -6.5673e+01	 -6.5673e+01	 -6.5673e+01	 -6.5673e+01	 -6.5673e+01
1.2133e+01	 4.2541e+01	 4.2541e+01	 -6.5673e+01	 -6.5673e+01	 -6.5673e+01	 -6.5673e+01	 -6.5673e+01	 -6.5673e+01	 -6.5673e+01	 -6.5673e+01	 -6.5673e+01	 -6.5673e+01
1.2253e+01	 4.2686e+01	 4.2686e+01	 -6.5673e+01	 -6.5673e+01	 -6.5673e+01	 -6.5673e+01	 -6.5673e+01	 -6.5673e+01	 -6.5673e+01	 -6.5673e+01	 -6.5673e+01	 -6.5673e+01
1.2373e+01	 4.2828e+01	 4.2828e+01	 -6.5673e+01	 -6.5673e+01	 -6.5673e+01	 -6.5673e+01	 -6.5673e+01	 -6.5673e+01	 -6.5673e+01	 -6.5673e+01	 -6.5673e+01	 -6.5673e+01
1.2493e+01	 4.2965e+01	 4.2965e+01	 -6.5673e+01	 -6.5673e+01	 -6.5673e+01	 -6.5673e+01	 -6.5673e+01	 -6.5673e+01	 -6.5673e+01	 -6.5673e+01	 -6.5673e+01	 -6.5673e+01
1.2613e+01	 4.3100e+01	 4.3100e+01	 -6.5673e+01	 -6.5673e+01	 -6.5673e+01	 -6.5673e+01	 -6.5673e+01	 -6.5673e+01	 -6.5673e+01	 -6.5673e+01	 -6.5673e+01	 -6.5673e+01
1.2733e+01	 4.3224e+01	 4.3224e+01	 -6.5673e+01	 -6.5673e+01	 -6.5673e+01	 -6.5673e+01	 -6.5673e+01	 -6.5673e+01	 -6.5673e+01	 -6.5673e+01	 -6.5673e+01	 -6.5673e+01
1.2853e+01	 4.3347e+01	 4.3347e+01	 -6.5673e+01	 -6.5673e+01	 -6.5673e+01	 -6.5673e+01	 -6.5673e+01	 -6.5673e+01	 -6.5673e+01	 -6.5673e+01	 -6.5673e+01	 -6.5673e+01
1.2973e+01	 4.3454e+01	 4.3454e+01	 -6.5673e+01	 -6.5673e+01	 -6.5673e+01	 -6.5673e+01	 -6.5673e+01	 -6.5673e+01	 -6.5673e+01	 -6.5673e+01	 -6.5673e+01	 -6.5673e+01
1.3093e+01	 4.3558e+01	 4.3558e+01	 -6.5673e+01	 -6.5673e+01	 -6.5673e+01	 -6.5673e+01	 -6.5673e+01	 -6.5673e+01	 -6.5673e+01	 -6.5673e+01	 -6.5673e+01	 -6.5673e+01
1.3213e+01	 4.3648e+01	 4.3648e+01	 -6.5673e+01	 -6.5673e+01	 -6.5673e+01	 -6.5673e+01	 -6.5673e+01	 -6.5673e+01	 -6.5673e+01	 -6.5673e+01	 -6.5673e+01	 -6.5673e+01
1.3333e+01	 4.3727e+01	 4.3727e+01	 -6.5673e+01	 -6.5673e+01	 -6.5673e+01	 -6.5673e+01	 -6.5673e+01	 -6.5673e+01	 -6.5673e+01	 -6.5673e+01	 -6.5673e+01	 -6.5673e+01
1.3453e+01	 4.3800e+01	 4.3800e+01	 -6.5673e+01	 -6.5673e+01	 -6.5673e+01	 -6.5673e+01	 -6.5673e+01	 -6.5673e+01	 -6.5673e+01	 -6.5673e+01	 -6.5673e+01	 -6.5673e+01
1.3573e+01	 4.3859e+01	 4.3859e+01	 -6.5673e+01	 -6.5673e+01	 -6.5673e+01	 -6.5673e+01	 -6.5673e+01	 -6.5673e+01	 -6.5673e+01	 -6.5673e+01	 -6.5673e+01	 -6.5673e+01
1.3693e+01	 4.3917e+01	 4.3917e+01	 -6.5673e+01	 -6.5673e+01	 -6.5673e+01	 -6.5673e+01	 -6.5673e+01	 -6.5673e+01	 -6.5673e+01	 -6.5673e+01	 -6.5673e+01	 -6.5673e+01
1.3813e+01	 4.3967e+01	 4.3967e+01	 -6.5673e+01	 -6.5673e+01	 -6.5673e+01	 -6.5673e+01	 -6.5673e+01	 -6.5673e+01	 -6.5673e+01	 -6.5673e+01	 -6.5673e+01	 -6.5673e+01
1.3933e+01	 4.4016e+01	 4.4016e+01	 -6.5673e+01	 -6.5673e+01	 -6.5673e+01	 -6.5673e+01	 -6.5673e+01	 -6.5673e+01	 -6.5673e+01	 -6.5673e+01	 -6.5673e+01	 -6.5673e+01
1.4053e+01	 4.4065e+01	 4.4065e+01	 -6.5673e+01	 -6.5673e+01	 -6.5673e+01	 -6.5673e+01	 -6.5673e+01	 -6.5673e+01	 -6.5673e+01	 -6.5673e+01	 -6.5673e+01	 -6.5673e+01
1.4173e+01	 4.4114e+01	 4.4114e+01	 -6.5673e+01	 -6.5673e+01	 -6.5673e+01	 -6.5673e+01	 -6.5673e+01	 -6.5673e+01	 -6.5673e+01	 -6.5673e+01	 -6.5673e+01	 -6.5673e+01
1.4293e+01	 4.4162e+01	 4.4162e+01	 -6.5673e+01	 -6.5673e+01	 -6.5673e+01	 -6.5673e+01	 -6.5673e+01	 -6.5673e+01	 -6.5673e+01	 -6.5673e+01	 -6.5673e+01	 -6.5673e+01
1.4413e+01	 4.4210e+01	 4.4210e+01	 -6.5673e+01	 -6.5673e+01	 -6.5673e+01	 -6.5673e+01	 -6.5673e+01	 -6.5673e+01	 -6.5673e+01	 -6.5673e+01	 -6.5673e+01	 -6.5673e+01
1.4533e+01	 4.4258e+01	 4.4258e+01	 -6.5673e+01	 -6.5673e+01	 -6.5673e+01	 -6.5673e+01	 -6.5673e+01	 -6.5673e+01	 -6.5673e+01	 -6.5673e+01	 -6.5673e+01	 -6.5673e+01
1.4653e+01	 4.4305e+01	 4.4305e+01	 -6.5673e+01	 -6.5673e+01	 -6.5673e+01	 -6.5673e+01	 -6.5673e+01	 -6.5673e+01	 -6.5673e+01	 -6.5673e+01	 -6.5673e+01	 -6.5673e+01
1.4773e+01	 4.4352e+01	 4.4352e+01	 -6.5673e+01	 -6.5673e+01	 -6.5673e+01	 -6.5673e+01	 -6.5673e+01	 -6.5673e+01	 -6.5673e+01	 -6.5673e+01	 -6.5673e+01	 -6.5673e+01
1.4893e+01	 4.4398e+01	 4.4398e+01	 -6.5673e+01	 -6.5673e+01	 -6.5673e+01	 -6.5673e+01	 -6.5673e+01	 -6.5673e+01	 -6.5673e+01	 -6.5673e+01	 -6.5673e+01	 -6.5673e+01
1.5013e+01	 4.4444e+01	 4.4444e+01	 -6.5673e+01	 -6.5673e+01	 -6.5673e+01	 -6.5673e+01	 -6.5673e+01	 -6.5673e+01	 -6.5673e+01	 -6.5673e+01	 -6.5673e+01	 -6.5673e+01
1.5133e+01	 4.4488e+01	 4.4488e+01	 -6.5673e+01	 -6.5673e+01	 -6.5673e+01	 -6.5673e+01	 -6.5673e+01	 -6.5673e+01	 -6.5673e+01	 -6.5673e+01	 -6.5673e+01	 -6.5673e+01
1.5253e+01	 4.4531e+01	 4.4531e+01	 -6.5673e+01	 -6.5673e+01	 -6.5673e+01	 -6.5673e+01	 -6.5673e+01	 -6.5673e+01	 -6.5673e+01	 -6.5673e+01	 -6.5673e+01	 -6.5673e+01
1.5373e+01	 4.4574e+01	 4.4574e+01	 -6.5673e+01	 -6.5673e+01	 -6.5673e+01	 -6.5673e+01	 -6.5673e+01	 -6.5673e+01	 -6.5673e+01	 -6.5673e+01	 -6.5673e+01	 -6.5673e+01
1.5493e+01	 4.4613e+01	 4.4613e+01	 -6.5673e+01	 -6.5673e+01	 -6.5673e+01	 -6.5673e+01	 -6.5673e+01	 -6.5673e+01	 -6.5673e+01	 -6.5673e+01	 -6.5673e+01	 -6.5673e+01
1.5613e+01	 4.4653e+01	 4.4653e+01	 -6.5673e+01	 -6.5673e+01	 -6.5673e+01	 -6.5673e+01	 -6.5673e+01	 -6.5673e+01	 -6.5673e+01	 -6.5673e+01	 -6.5673e+01	 -6.5673e+01
1.5733e+01	 4.4686e+01	 4.4686e+01	 -6.5673e+01	 -6.5673e+01	 -6.5673e+01	 -6.5673e+01	 -6.5673e+01	 -6.5673e+01	 -6.5673e+01	 -6.5673e+01	 -6.5673e+01	 -6.5673e+01
1.5853e+01	 4.4720e+01	 4.4720e+01	 -6.5673e+01	 -6.5673e+01	 -6.5673e+01	 -6.5673e+01	 -6.5673e+01	 -6.5673e+01	 -6.5673e+01	 -6.5673e+01	 -6.5673e+01	 -6.5673e+01
1.5973e+01	 4.4748e+01	 4.4748e+01	 -6.5673e+01	 -6.5673e+01	 -6.5673e+01	 -6.5673e+01	 -6.5673e+01	 -6.5673e+01	 -6.5673e+01	 -6.5673e+01	 -6.5673e+01	 -6.5673e+01
1.6093e+01	 4.4774e+01	 4.4774e+01	 -6.5673e+01	 -6.5673e+01	 -6.5673e+01	 -6.5673e+01	 -6.5673e+01	 -6.5673e+01	 -6.5673e+01	 -6.5673e+01	 -6.5673e+01	 -6.5673e+01
1.6213e+01	 4.4795e+01	 4.4795e+01	 -6.5673e+01	 -6.5673e+01	 -6.5673e+01	 -6.5673e+01	 -6.5673e+01	 -6.5673e+01	 -6.5673e+01	 -6.5673e+01	 -6.5673e+01	 -6.5673e+01
1.6333e+01	 4.4811e+01	 4.4811e+01	 -6.5673e+01	 -6.5673e+01	 -6.5673e+01	 -6.5673e+01	 -6.5673e+01	 -6.5673e+01	 -6.5673e+01	 -6.5673e+01	 -6.5673e+01	 -6.5673e+01
1.6453e+01	 4.4825e+01	 4.4825e+01	 -6.5673e+01	 -6.5673e+01	 -6.5673e+01	 -6.5673e+01	 -6.5673e+01	 -6.5673e+01	 -6.5673e+01	 -6.5673e+01	 -6.5673e+01	 -6.5673e+01
1.6573e+01	 4.4830e+01	 4.4830e+01	 -6.5673e+01	 -6.5673e+01	 -6.5673e+01	 -6.5673e+01	 -6.5673e+01	 -6.5673e+01	 -6.5673e+01	 -6.5673e+01	 -6.5673e+01	 -6.5673e+01
1.6693e+01	 4.4835e+01	 4.4835e+01	 -6.5673e+01	 -6.5673e+01	 -6.5673e+01	 -6.5673e+01	 -6.5673e+01	 -6.5673e+01	 -6.5673e+01	 -6.5673e+01	 -6.5673e+01	 -6.5673e+01
1.6813e+01	 4.4830e+01	 4.4830e+01	 3.5840e+01	 -6.5673e+01	 -6.5673e+01	 -6.5673e+01	 -6.5673e+01	 -6.5673e+01	 -6.5673e+01	 -6.5673e+01	 -6.5673e+01	 -6.5673e+01
1.6933e+01	 4.4824e+01	 4.4824e+01	 3.5996e+01	 -6.5673e+01	 -6.5673e+01	 -6.5673e+01	 -6.5673e+01	 -6.5673e+01	 -6.5673e+01	 -6.5673e+01	 -6.5673e+01	 -6.5673e+01
1.7053e+01	 4.4811e+01	 4.4811e+01	 3.6152e+01	 -6.5673e+01	 -6.5673e+01	 -6.5673e+01	 -6.5673e+01	 -6.5673e+01	 -6.5673e+01	 -6.5673e+01	 -6.5673e+01	 -6.5673e+01
1.7173e+01	 4.4793e+01	 4.4793e+01	 3.6306e+01	 -6.5673e+01	 -6.5673e+01	 -6.5673e+01	 -6.5673e+01	 -6.5673e+01	 -6.5673e+01	 -6.5673e+01	 -6.5673e+01	 -6.5673e+01
1.7293e+01	 4.4772e+01	 4.4772e+01	 3.6461e+01	 -6.5673e+01	 -6.5673e+01	 -6.5673e+01	 -6.5673e+01	 -6.5673e+01	 -6.5673e+01	 -6.5673e+01	 -6.5673e+01	 -6.5673e+01
1.7413e+01	 4.4743e+01	 4.4743e+01	 3.6613e+01	 -6.5673e+01	 -6.5673e+01	 -6.5673e+01	 -6.5673e+01	 -6.5673e+01	 -6.5673e+01	 -6.5673e+01	 -6.5673e+01	 -6.5673e+01
1.7533e+01	 4.4713e+01	 4.4713e+01	 3.6766e+01	 -6.5673e+01	 -6.5673e+01	 -6.5673e+01	 -6.5673e+01	 -6.5673e+01	 -6.5673e+01	 -6.5673e+01	 -6.5673e+01	 -6.5673e+01
1.7653e+01	 4.4672e+01	 4.4672e+01	 3.6916e+01	 -6.5673e+01	 -6.5673e+01	 -6.5673e+01	 -6.5673e+01	 -6.5673e+01	 -6.5673e+01	 -6.5673e+01	 -6.5673e+01	 -6.5673e+01
1.7773e+01	 4.4632e+01	 4.4632e+01	 3.7067e+01	 -6.5673e+01	 -6.5673e+01	 -6.5673e+01	 -6.5673e+01	 -6.5673e+01	 -6.5673e+01	 -6.5673e+01	 -6.5673e+01	 -6.5673e+01
1.7893e+01	 4.4581e+01	 4.4581e+01	 3.7215e+01	 -6.5673e+01	 -6.5673e+01	 -6.5673e+01	 -6.5673e+01	 -6.5673e+01	 -6.5673e+01	 -6.5673e+01	 -6.5673e+01	 -6.5673e+01
1.8013e+01	 4.4528e+01	 4.4528e+01	 3.7361e+01	 -6.5673e+01	 -6.5673e+01	 -6.5673e+01	 -6.5673e+01	 -6.5673e+01	 -6.5673e+01	 -6.5673e+01	 -6.5673e+01	 -6.5673e+01
1.8133e+01	 4.4468e+01	 4.4468e+01	 3.7507e+01	 -6.5673e+01	 -6.5673e+01	 -6.5673e+01	 -6.5673e+01	 -6.5673e+01	 -6.5673e+01	 -6.5673e+01	 -6.5673e+01	 -6.5673e+01
1.8253e+01	 4.4402e+01	 4.4402e+01	 3.7649e+01	 -6.5673e+01	 -6.5673e+01	 -6.5673e+01	 -6.5673e+01	 -6.5673e+01	 -6.5673e+01	 -6.5673e+01	 -6.5673e+01	 -6.5673e+01
1.8373e+01	 4.4331e+01	 4.4331e+01	 3.7791e+01	 -6.5673e+01	 -6.5673e+01	 -6.5673e+01	 -6.5673e+01	 -6.5673e+01	 -6.5673e+01	 -6.5673e+01	 -6.5673e+01	 -6.5673e+01
1.8493e+01	 4.4247e+01	 4.4247e+01	 3.7929e+01	 -6.5673e+01	 -6.5673e+01	 -6.5673e+01	 -6.5673e+01	 -6.5673e+01	 -6.5673e+01	 -6.5673e+01	 -6.5673e+01	 -6.5673e+01
1.8613e+01	 4.4162e+01	 4.4162e+01	 3.8065e+01	 -6.5673e+01	 -6.5673e+01	 -6.5673e+01	 -6.5673e+01	 -6.5673e+01	 -6.5673e+01	 -6.5673e+01	 -6.5673e+01	 -6.5673e+01
1.8733e+01	 4.4052e+01	 4.4052e+01	 3.8198e+01	 -6.5673e+01	 -6.5673e+01	 -6.5673e+01	 -6.5673e+01	 -6.5673e+01	 -6.5673e+01	 -6.5673e+01	 -6.5673e+01	 -6.5673e+01
1.8853e+01	 4.3939e+01	 4.3939e+01	 3.8328e+01	 -6.5673e+01	 -6.5673e+01	 -6.5673e+01	 -6.5673e+01	 -6.5673e+01	 -6.5673e+01	 -6.5673e+01	 -6.5673e+01	 -6.5673e+01
1.8973e+01	 4.3792e+01	 4.3792e+01	 3.8456e+01	 -6.5673e+01	 -6.5673e+01	 -6.5673e+01	 -6.5673e+01	 -6.5673e+01	 -6.5673e+01	 -6.5673e+01	 -6.5673e+01	 -6.5673e+01
1.9093e+01	 4.3627e+01	 4.3627e+01	 3.8577e+01	 -6.5673e+01	 -6.5673e+01	 -6.5673e+01	 -6.5673e+01	 -6.5673e+01	 -6.5673e+01	 -6.5673e+01	 -6.5673e+01	 -6.5673e+01
1.9213e+01	 4.3424e+01	 4.3424e+01	 3.8698e+01	 -6.5673e+01	 -6.5673e+01	 -6.5673e+01	 -6.5673e+01	 -6.5673e+01	 -6.5673e+01	 -6.5673e+01	 -6.5673e+01	 -6.5673e+01
1.9333e+01	 4.3152e+01	 4.3152e+01	 3.8811e+01	 -6.5673e+01	 -6.5673e+01	 -6.5673e+01	 -6.5673e+01	 -6.5673e+01	 -6.5673e+01	 -6.5673e+01	 -6.5673e+01	 -6.5673e+01
1.9453e+01	 4.2865e+01	 4.2865e+01	 3.8922e+01	 -6.5673e+01	 -6.5673e+01	 -6.5673e+01	 -6.5673e+01	 -6.5673e+01	 -6.5673e+01	 -6.5673e+01	 -6.5673e+01	 -6.5673e+01
1.9573e+01	 4.2384e+01	 4.2384e+01	 3.9029e+01	 -6.5673e+01	 -6.5673e+01	 -6.5673e+01	 -6.5673e+01	 -6.5673e+01	 -6.5673e+01	 -6.5673e+01	 -6.5673e+01	 -6.5673e+01
1.9693e+01	 4.1903e+01	 4.1902e+01	 3.9130e+01	 -6.5673e+01	 -6.5673e+01	 -6.5673e+01	 -6.5673e+01	 -6.5673e+01	 -6.5673e+01	 -6.5673e+01	 -6.5673e+01	 -6.5673e+01
1.9813e+01	 4.1105e+01	 4.1099e+01	 3.9229e+01	 -6.5673e+01	 -6.5673e+01	 -6.5673e+01	 -6.5673e+01	 -6.5673e+01	 -6.5673e+01	 -6.5673e+01	 -6.5673e+01	 -6.5673e+01
1.9933e+01	 4.0265e+01	 4.0212e+01	 3.9321e+01	 -6.5673e+01	 -6.5673e+01	 -6.5673e+01	 -6.5673e+01	 -6.5673e+01	 -6.5673e+01	 -6.5673e+01	 -6.5673e+01	 -6.5673e+01
2.0053e+01	 3.9536e+01	 3.8930e+01	 3.9413e+01	 -6.5673e+01	 -6.5673e+01	 -6.5673e+01	 -6.5673e+01	 -6.5673e+01	 -6.5673e+01	 -6.5673e+01	 -6.5673e+01	 -6.5673e+01
2.0173e+01	 3.9501e+01	 3.7273e+01	 3.9498e+01	 -6.5673e+01	 -6.5673e+01	 -6.5673e+01	 -6.5673e+01	 -6.5673e+01	 -6.5673e+01	 -6.5673e+01	 -6.5673e+01	 -6.5673e+01
2.0293e+01	 3.9582e+01	 3.5279e+01	 3.9582e+01	 -6.5673e+01	 -6.5673e+01	 -6.5673e+01	 -6.5673e+01	 -6.5673e+01	 -6.5673e+01	 -6.5673e+01	 -6.5673e+01	 -6.5673e+01
2.0413e+01	 3.9663e+01	 3.2166e+01	 3.9663e+01	 -6.5673e+01	 -6.5673e+01	 -6.5673e+01	 -6.5673e+01	 -6.5673e+01	 -6.5673e+01	 -6.5673e+01	 -6.5673e+01	 -6.5673e+01
2.0533e+01	 3.9741e+01	 2.9054e+01	 3.9741e+01	 -6.5673e+01	 -6.5673e+01	 -6.5673e+01	 -6.5673e+01	 -6.5673e+01	 -6.5673e+01	 -6.5673e+01	 -6.5673e+01	 -6.5673e+01
2.0653e+01	 3.9819e+01	 2.3335e+01	 3.9819e+01	 -6.5673e+01	 -6.5673e+01	 -6.5673e+01	 -6.5673e+01	 -6.5673e+01	 -6.5673e+01	 -6.5673e+01	 -6.5673e+01	 -6.5673e+01
2.0773e+01	 3.9892e+01	 1.7477e+01	 3.9892e+01	 -6.5673e+01	 -6.5673e+01	 -6.5673e+01	 -6.5673e+01	 -6.5673e+01	 -6.5673e+01	 -6.5673e+01	 -6.5673e+01	 -6.5673e+01
2.0893e+01	 3.9966e+01	 -6.5673e+01	 3.9966e+01	 -6.5673e+01	 -6.5673e+01	 -6.5673e+01	 -6.5673e+01	 -6.5673e+01	 -6.5673e+01	 -6.5673e+01	 -6.5673e+01	 -6.5673e+01
2.1013e+01	 4.0037e+01	 -6.5673e+01	 4.0037e+01	 -6.5673e+01	 -6.5673e+01	 -6.5673e+01	 -6.5673e+01	 -6.5673e+01	 -6.5673e+01	 -6.5673e+01	 -6.5673e+01	 -6.5673e+01
2.1133e+01	 4.0107e+01	 -6.5673e+01	 4.0107e+01	 -6.5673e+01	 -6.5673e+01	 -6.5673e+01	 -6.5673e+01	 -6.5673e+01	 -6.5673e+01	 -6.5673e+01	 -6.5673e+01	 -6.5673e+01
2.1253e+01	 4.0175e+01	 -6.5673e+01	 4.0175e+01	 -6.5673e+01	 -6.5673e+01	 -6.5673e+01	 -6.5673e+01	 -6.5673e+01	 -6.5673e+01	 -6.5673e+01	 -6.5673e+01	 -6.5673e+01
2.1373e+01	 4.0242e+01	 -6.5673e+01	 4.0242e+01	 -6.5673e+01	 -6.5673e+01	 -6.5673e+01	 -6.5673e+01	 -6.5673e+01	 -6.5673e+01	 -6.5673e+01	 -6.5673e+01	 -6.5673e+01
2.1493e+01	 4.0308e+01	 -6.5673e+01	 4.0308e+01	 -6.5673e+01	 -6.5673e+01	 -6.5673e+01	 -6.5673e+01	 -6.5673e+01	 -6.5673e+01	 -6.5673e+01	 -6.5673e+01	 -6.5673e+01
2.1613e+01	 4.0372e+01	 -6.5673e+01	 4.0372e+01	 -6.5673e+01	 -6.5673e+01	 -6.5673e+01	 -6.5673e+01	 -6.5673e+01	 -6.5673e+01	 -6.5673e+01	 -6.5673e+01	 -6.5673e+01
2.1733e+01	 4.0436e+01	 -6.5673e+01	 4.0436e+01	 -6.5673e+01	 -6.5673e+01	 -6.5673e+01	 -6.5673e+01	 -6.5673e+01	 -6.5673e+01	 -6.5673e+01	 -6.5673e+01	 -6.5673e+01
2.1853e+01	 4.0497e+01	 -6.5673e+01	 4.0497e+01	 -6.5673e+01	 -6.5673e+01	 -6.5673e+01	 -6.5673e+01	 -6.5673e+01	 -6.5673e+01	 -6.5673e+01	 -6.5673e+01	 -6.5673e+01
2.1973e+01	 4.0557e+01	 -6.5673e+01	 4.0557e+01	 -6.5673e+01	 -6.5673e+01	 -6.5673e+01	 -6.5673e+01	 -6.5673e+01	 -6.5673e+01	 -6.5673e+01	 -6.5673e+01	 -6.5673e+01
2.2093e+01	 4.0616e+01	 -6.5673e+01	 4.0616e+01	 -6.5673e+01	 -6.5673e+01	 -6.5673e+01	 -6.5673e+01	 -6.5673e+01	 -6.5673e+01	 -6.5673e+01	 -6.5673e+01	 -6.5673e+01
2.2213e+01	 4.0673e+01	 -6.5673e+01	 4.0673e+01	 -6.5673e+01	 -6.5673e+01	 -6.5673e+01	 -6.5673e+01	 -6.5673e+01	 -6.5673e+01	 -6.5673e+01	 -6.5673e+01	 -6.5673e+01
2.2333e+01	 4.0729e+01	 -6.5673e+01	 4.0729e+01	 -6.5673e+01	 -6.5673e+01	 -6.5673e+01	 -6.5673e+01	 -6.5673e+01	 -6.5673e+01	 -6.5673e+01	 -6.5673e+01	 -6.5673e+01
2.2453e+01	 4.0783e+01	 -6.5673e+01	 4.0783e+01	 -6.5673e+01	 -6.5673e+01	 -6.5673e+01	 -6.5673e+01	 -6.5673e+01	 -6.5673e+01	 -6.5673e+01	 -6.5673e+01	 -6.5673e+01
2.2573e+01	 4.0836e+01	 -6.5673e+01	 4.0836e+01	 -6.5673e+01	 -6.5673e+01	 -6.5673e+01	 -6.5673e+01	 -6.5673e+01	 -6.5673e+01	 -6.5673e+01	 -6.5673e+01	 -6.5673e+01
2.2693e+01	 4.0886e+01	 -6.5673e+01	 4.0886e+01	 -6.5673e+01	 -6.5673e+01	 -6.5673e+01	 -6.5673e+01	 -6.5673e+01	 -6.5673e+01	 -6.5673e+01	 -6.5673e+01	 -6.5673e+01
2.2813e+01	 4.0935e+01	 -6.5673e+01	 4.0935e+01	 -6.5673e+01	 -6.5673e+01	 -6.5673e+01	 -6.5673e+01	 -6.5673e+01	 -6.5673e+01	 -6.5673e+01	 -6.5673e+01	 -6.5673e+01
2.2933e+01	 4.0982e+01	 -6.5673e+01	 4.0982e+01	 -6.5673e+01	 -6.5673e+01	 -6.5673e+01	 -6.5673e+01	 -6.5673e+01	 -6.5673e+01	 -6.5673e+01	 -6.5673e+01	 -6.5673e+01
2.3053e+01	 4.1027e+01	 -6.5673e+01	 4.1027e+01	 -6.5673e+01	 -6.5673e+01	 -6.5673e+01	 -6.5673e+01	 -6.5673e+01	 -6.5673e+01	 -6.5673e+01	 -6.5673e+01	 -6.5673e+01
2.3173e+01	 4.1072e+01	 -6.5673e+01	 4.1072e+01	 -6.5673e+01	 -6.5673e+01	 -6.5673e+01	 -6.5673e+01	 -6.5673e+01	 -6.5673e+01	 -6.5673e+01	 -6.5673e+01	 -6.5673e+01
2.3293e+01	 4.1112e+01	 -6.5673e+01	 4.1112e+01	 -6.5673e+01	 -6.5673e+01	 -6.5673e+01	 -6.5673e+01	 -6.5673e+01	 -6.5673e+01	 -6.5673e+01	 -6.5673e+01	 -6.5673e+01
2.3413e+01	 4.1152e+01	 -6.5673e+01	 4.1152e+01	 -6.5673e+01	 -6.5673e+01	 -6.5673e+01	 -6.5673e+01	 -6.5673e+01	 -6.5673e+01	 -6.5673e+01	 -6.5673e+01	 -6.5673e+01
2.3533e+01	 4.1189e+01	 -6.5673e+01	 4.1189e+01	 -6.5673e+01	 -6.5673e+01	 -6.5673e+01	 -6.5673e+01	 -6.5673e+01	 -6.5673e+01	 -6.5673e+01	 -6.5673e+01	 -6.5673e+01
2.3653e+01	 4.1225e+01	 -6.5673e+01	 4.1225e+01	 -6.5673e+01	 -6.5673e+01	 -6.5673e+01	 -6.5673e+01	 -6.5673e+01	 -6.5673e+01	 -6.5673e+01	 -6.5673e+01	 -6.5673e+01
2.3773e+01	 4.1259e+01	 -6.5673e+01	 4.1259e+01	 -6.5673e+01	 -6.5673e+01	 -6.5673e+01	 -6.5673e+01	 -6.5673e+01	 -6.5673e+01	 -6.5673e+01	 -6.5673e+01	 -6.5673e+01
2.3893e+01	 4.1290e+01	 -6.5673e+01	 4.1290e+01	 -6.5673e+01	 -6.5673e+01	 -6.5673e+01	 -6.5673e+01	 -6.5673e+01	 -6.5673e+01	 -6.5673e+01	 -6.5673e+01	 -6.5673e+01
2.4013e+01	 4.1321e+01	 -6.5673e+01	 4.1321e+01	 -6.5673e+01	 -6.5673e+01	 -6.5673e+01	 -6.5673e+01	 -6.5673e+01	 -6.5673e+01	 -6.5673e+01	 -6.5673e+01	 -6.5673e+01
2.4133e+01	 4.1346e+01	 -6.5673e+01	 4.1346e+01	 -6.5673e+01	 -6.5673e+01	 -6.5673e+01	 -6.5673e+01	 -6.5673e+01	 -6.5673e+01	 -6.5673e+01	 -6.5673e+01	 -6.5673e+01
2.4253e+01	 4.1371e+01	 -6.5673e+01	 4.1371e+01	 -6.5673e+01	 -6.5673e+01	 -6.5673e+01	 -6.5673e+01	 -6.5673e+01	 -6.5673e+01	 -6.5673e+01	 -6.5673e+01	 -6.5673e+01
2.4373e+01	 4.1392e+01	 -6.5673e+01	 4.1392e+01	 -6.5673e+01	 -6.5673e+01	 -6.5673e+01	 -6.5673e+01	 -6.5673e+01	 -6.5673e+01	 -6.5673e+01	 -6.5673e+01	 -6.5673e+01
2.4493e+01	 4.1412e+01	 -6.5673e+01	 4.1412e+01	 -6.5673e+01	 -6.5673e+01	 -6.5673e+01	 -6.5673e+01	 -6.5673e+01	 -6.5673e+01	 -6.5673e+01	 -6.5673e+01	 -6.5673e+01
2.4613e+01	 4.1429e+01	 -6.5673e+01	 4.1429e+01	 -6.5673e+01	 -6.5673e+01	 -6.5673e+01	 -6.5673e+01	 -6.5673e+01	 -6.5673e+01	 -6.5673e+01	 -6.5673e+01	 -6.5673e+01
2.4733e+01	 4.1441e+01	 -6.5673e+01	 4.1441e+01	 -6.5673e+01	 -6.5673e+01	 -6.5673e+01	 -6.5673e+01	 -6.5673e+01	 -6.5673e+01	 -6.5673e+01	 -6.5673e+01	 -6.5673e+01
2.4853e+01	 4.1452e+01	 -6.5673e+01	 4.1452e+01	 -6.5673e+01	 -6.5673e+01	 -6.5673e+01	 -6.5673e+01	 -6.5673e+01	 -6.5673e+01	 -6.5673e+01	 -6.5673e+01	 -6.5673e+01
2.4973e+01	 4.1455e+01	 -6.5673e+01	 4.1455e+01	 -6.5673e+01	 -6.5673e+01	 -6.5673e+01	 -6.5673e+01	 -6.5673e+01	 -6.5673e+01	 -6.5673e+01	 -6.5673e+01	 -6.5673e+01
2.5093e+01	 4.1458e+01	 -6.5673e+01	 4.1458e+01	 -6.5673e+01	 -6.5673e+01	 -6.5673e+01	 -6.5673e+01	 -6.5673e+01	 -6.5673e+01	 -6.5673e+01	 -6.5673e+01	 -6.5673e+01
2.5213e+01	 4.1452e+01	 -6.5673e+01	 4.1452e+01	 -6.5673e+01	 -6.5673e+01	 -6.5673e+01	 -6.5673e+01	 -6.5673e+01	 -6.5673e+01	 -6.5673e+01	 -6.5673e+01	 -6.5673e+01
2.5333e+01	 4.1441e+01	 -6.5673e+01	 4.1441e+01	 -6.5673e+01	 -6.5673e+01	 -6.5673e+01	 -6.5673e+01	 -6.5673e+01	 -6.5673e+01	 -6.5673e+01	 -6.5673e+01	 -6.5673e+01
2.5453e+01	 4.1425e+01	 -6.5673e+01	 4.1425e+01	 -6.5673e+01	 -6.5673e+01	 -6.5673e+01	 -6.5673e+01	 -6.5673e+01	 -6.5673e+01	 -6.5673e+01	 -6.5673e+01	 -6.5673e+01
2.5573e+01	 4.1397e+01	 -6.5673e+01	 4.1397e+01	 -6.5673e+01	 -6.5673e+01	 -6.5673e+01	 -6.5673e+01	 -6.5673e+01	 -6.5673e+01	 -6.5673e+01	 -6.5673e+01	 -6.5673e+01
2.5693e+01	 4.1368e+01	 -6.5673e+01	 4.1368e+01	 -6.5673e+01	 -6.5673e+01	 -6.5673e+01	 -6.5673e+01	 -6.5673e+01	 -6.5673e+01	 -6.5673e+01	 -6.5673e+01	 -6.5673e+01
2.5813e+01	 4.1316e+01	 -6.5673e+01	 4.1316e+01	 -6.5673e+01	 -6.5673e+01	 -6.5673e+01	 -6.5673e+01	 -6.5673e+01	 -6.5673e+01	 -6.5673e+01	 -6.5673e+01	 -6.5673e+01
2.5933e+01	 4.1263e+01	 -6.5673e+01	 4.1263e+01	 -6.5673e+01	 -6.5673e+01	 -6.5673e+01	 -6.5673e+01	 -6.5673e+01	 -6.5673e+01	 -6.5673e+01	 -6.5673e+01	 -6.5673e+01
2.6053e+01	 4.1190e+01	 -6.5673e+01	 4.1190e+01	 -6.5673e+01	 -6.5673e+01	 -6.5673e+01	 -6.5673e+01	 -6.5673e+01	 -6.5673e+01	 -6.5673e+01	 -6.5673e+01	 -6.5673e+01
2.6173e+01	 4.1105e+01	 -6.5673e+01	 4.1105e+01	 -6.5673e+01	 -6.5673e+01	 -6.5673e+01	 -6.5673e+01	 -6.5673e+01	 -6.5673e+01	 -6.5673e+01	 -6.5673e+01	 -6.5673e+01
2.6293e+01	 4.1010e+01	 -6.5673e+01	 4.1010e+01	 -6.5673e+01	 -6.5673e+01	 -6.5673e+01	 -6.5673e+01	 -6.5673e+01	 -6.5673e+01	 -6.5673e+01	 -6.5673e+01	 -6.5673e+01
2.6413e+01	 4.0888e+01	 -6.5673e+01	 4.0888e+01	 -6.5673e+01	 -6.5673e+01	 -6.5673e+01	 -6.5673e+01	 -6.5673e+01	 -6.5673e+01	 -6.5673e+01	 -6.5673e+01	 -6.5673e+01
2.6533e+01	 4.0765e+01	 -6.5673e+01	 4.0765e+01	 -6.5673e+01	 -6.5673e+01	 -6.5673e+01	 -6.5673e+01	 -6.5673e+01	 -6.5673e+01	 -6.5673e+01	 -6.5673e+01	 -6.5673e+01
2.6653e+01	 4.0598e+01	 -6.5673e+01	 4.0598e+01	 -6.5673e+01	 -6.5673e+01	 -6.5673e+01	 -6.5673e+01	 -6.5673e+01	 -6.5673e+01	 -6.5673e+01	 -6.5673e+01	 -6.5673e+01
2.6773e+01	 4.0427e+01	 -6.5673e+01	 4.0427e+01	 -6.5673e+01	 -6.5673e+01	 -6.5673e+01	 -6.5673e+01	 -6.5673e+01	 -6.5673e+01	 -6.5673e+01	 -6.5673e+01	 -6.5673e+01
2.6893e+01	 4.0211e+01	 -6.5673e+01	 4.0211e+01	 -6.5673e+01	 -6.5673e+01	 -6.5673e+01	 -6.5673e+01	 -6.5673e+01	 -6.5673e+01	 -6.5673e+01	 -6.5673e+01	 -6.5673e+01
2.7013e+01	 3.9965e+01	 -6.5673e+01	 3.9965e+01	 -6.5673e+01	 -6.5673e+01	 -6.5673e+01	 -6.5673e+01	 -6.5673e+01	 -6.5673e+01	 -6.5673e+01	 -6.5673e+01	 -6.5673e+01
2.7133e+01	 3.9652e+01	 -6.5673e+01	 3.9652e+01	 -6.5673e+01	 -6.5673e+01	 -6.5673e+01	 -6.5673e+01	 -6.5673e+01	 -6.5673e+01	 -6.5673e+01	 -6.5673e+01	 -6.5673e+01
2.7253e+01	 3.9146e+01	 -6.5673e+01	 3.9146e+01	 -6.5673e+01	 -6.5673e+01	 -6.5673e+01	 -6.5673e+01	 -6.5673e+01	 -6.5673e+01	 -6.5673e+01	 -6.5673e+01	 -6.5673e+01
2.7373e+01	 3.8640e+01	 -6.5673e+01	 3.8640e+01	 -6.5673e+01	 -6.5673e+01	 -6.5673e+01	 -6.5673e+01	 -6.5673e+01	 -6.5673e+01	 -6.5673e+01	 -6.5673e+01	 -6.5673e+01
2.7493e+01	 -2.2311e+00	 -6.5673e+01	 -2.2311e+00	 -6.5673e+01	 -6.5673e+01	 -6.5673e+01	 -6.5673e+01	 -6.5673e+01	 -6.5673e+01	 -6.5673e+01	 -6.5673e+01	 -6.5673e+01
2.7613e+01	 -4.6765e+01	 -6.5673e+01	 -4.6765e+01	 -6.5673e+01	 -6.5673e+01	 -6.5673e+01	 -6.5673e+01	 -6.5673e+01	 -6.5673e+01	 -6.5673e+01	 -6.5673e+01	 -6.5673e+01
2.7733e+01	 -6.5673e+01	 -6.5673e+01	 -6.5673e+01	 -6.5673e+01	 -6.5673e+01	 -6.5673e+01	 -6.5673e+01	 -6.5673e+01	 -6.5673e+01	 -6.5673e+01	 -6.5673e+01	 -6.5673e+01
2.7853e+01	 -6.5673e+01	 -6.5673e+01	 -6.5673e+01	 -6.5673e+01	 -6.5673e+01	 -6.5673e+01	 -6.5673e+01	 -6.5673e+01	 -6.5673e+01	 -6.5673e+01	 -6.5673e+01	 -6.5673e+01
2.7973e+01	 -6.5673e+01	 -6.5673e+01	 -6.5673e+01	 -6.5673e+01	 -6.5673e+01	 -6.5673e+01	 -6.5673e+01	 -6.5673e+01	 -6.5673e+01	 -6.5673e+01	 -6.5673e+01	 -6.5673e+01
2.8093e+01	 -6.5673e+01	 -6.5673e+01	 -6.5673e+01	 -6.5673e+01	 -6.5673e+01	 -6.5673e+01	 -6.5673e+01	 -6.5673e+01	 -6.5673e+01	 -6.5673e+01	 -6.5673e+01	 -6.5673e+01
2.8213e+01	 -6.5673e+01	 -6.5673e+01	 -6.5673e+01	 -6.5673e+01	 -6.5673e+01	 -6.5673e+01	 -6.5673e+01	 -6.5673e+01	 -6.5673e+01	 -6.5673e+01	 -6.5673e+01	 -6.5673e+01
2.8333e+01	 -6.5673e+01	 -6.5673e+01	 -6.5673e+01	 -6.5673e+01	 -6.5673e+01	 -6.5673e+01	 -6.5673e+01	 -6.5673e+01	 -6.5673e+01	 -6.5673e+01	 -6.5673e+01	 -6.5673e+01
2.8453e+01	 -6.5673e+01	 -6.5673e+01	 -6.5673e+01	 -6.5673e+01	 -6.5673e+01	 -6.5673e+01	 -6.5673e+01	 -6.5673e+01	 -6.5673e+01	 -6.5673e+01	 -6.5673e+01	 -6.5673e+01
2.8573e+01	 -6.5673e+01	 -6.5673e+01	 -6.5673e+01	 -6.5673e+01	 -6.5673e+01	 -6.5673e+01	 -6.5673e+01	 -6.5673e+01	 -6.5673e+01	 -6.5673e+01	 -6.5673e+01	 -6.5673e+01
2.8693e+01	 -6.5673e+01	 -6.5673e+01	 -6.5673e+01	 -6.5673e+01	 -6.5673e+01	 -6.5673e+01	 -6.5673e+01	 -6.5673e+01	 -6.5673e+01	 -6.5673e+01	 -6.5673e+01	 -6.5673e+01
2.8813e+01	 -6.5673e+01	 -6.5673e+01	 -6.5673e+01	 -6.5673e+01	 -6.5673e+01	 -6.5673e+01	 -6.5673e+01	 -6.5673e+01	 -6.5673e+01	 -6.5673e+01	 -6.5673e+01	 -6.5673e+01
2.8933e+01	 -6.5673e+01	 -6.5673e+01	 -6.5673e+01	 -6.5673e+01	 -6.5673e+01	 -6.5673e+01	 -6.5673e+01	 -6.5673e+01	 -6.5673e+01	 -6.5673e+01	 -6.5673e+01	 -6.5673e+01
2.9053e+01	 -6.5673e+01	 -6.5673e+01	 -6.5673e+01	 -6.5673e+01	 -6.5673e+01	 -6.5673e+01	 -6.5673e+01	 -6.5673e+01	 -6.5673e+01	 -6.5673e+01	 -6.5673e+01	 -6.5673e+01
2.9173e+01	 -6.5673e+01	 -6.5673e+01	 -6.5673e+01	 -6.5673e+01	 -6.5673e+01	 -6.5673e+01	 -6.5673e+01	 -6.5673e+01	 -6.5673e+01	 -6.5673e+01	 -6.5673e+01	 -6.5673e+01
2.9293e+01	 -6.5673e+01	 -6.5673e+01	 -6.5673e+01	 -6.5673e+01	 -6.5673e+01	 -6.5673e+01	 -6.5673e+01	 -6.5673e+01	 -6.5673e+01	 -6.5673e+01	 -6.5673e+01	 -6.5673e+01
2.9413e+01	 -6.5673e+01	 -6.5673e+01	 -6.5673e+01	 -6.5673e+01	 -6.5673e+01	 -6.5673e+01	 -6.5673e+01	 -6.5673e+01	 -6.5673e+01	 -6.5673e+01	 -6.5673e+01	 -6.5673e+01
2.9533e+01	 -6.5673e+01	 -6.5673e+01	 -6.5673e+01	 -6.5673e+01	 -6.5673e+01	 -6.5673e+01	 -6.5673e+01	 -6.5673e+01	 -6.5673e+01	 -6.5673e+01	 -6.5673e+01	 -6.5673e+01
2.9653e+01	 -6.5673e+01	 -6.5673e+01	 -6.5673e+01	 -6.5673e+01	 -6.5673e+01	 -6.5673e+01	 -6.5673e+01	 -6.5673e+01	 -6.5673e+01	 -6.5673e+01	 -6.5673e+01	 -6.5673e+01
2.9773e+01	 -6.5673e+01	 -6.5673e+01	 -6.5673e+01	 -6.5673e+01	 -6.5673e+01	 -6.5673e+01	 -6.5673e+01	 -6.5673e+01	 -6.5673e+01	 -6.5673e+01	 -6.5673e+01	 -6.5673e+01
2.9893e+01	 -6.5673e+01	 -6.5673e+01	 -6.5673e+01	 -6.5673e+01	 -6.5673e+01	 -6.5673e+01	 -6.5673e+01	 -6.5673e+01	 -6.5673e+01	 -6.5673e+01	 -6.5673e+01	 -6.5673e+01
