########################################################################
#_obs is as observed from the earth: beaming+cosmo   
#nu_obs  nuFnu_somma_obs  nuFnu_Sync_obs nuFnu_comp_obs nu_Fnu_Disk_obs  nu_Fnu_DT_obs nu_Fnu_Star_obs nu_Fnu_EC_Disk_obs nu_Fnu_EC_BLR_obs nu_Fnu_EC_DT_obs  nu_Fnu_EC_Star_obs nu_Fnu_EC_CMB_obs
########################################################################
1.0000e+06	 0.0000e+00	 0.0000e+00	 0.0000e+00	 1.0000e-120	 1.0000e-120	 1.0000e-120	 1.0000e-120	 1.0000e-120	 1.0000e-120	 1.0000e-120	 1.0000e-120	 1.0000e-120
1.3183e+06	 0.0000e+00	 0.0000e+00	 0.0000e+00	 1.0000e-120	 1.0000e-120	 1.0000e-120	 1.0000e-120	 1.0000e-120	 1.0000e-120	 1.0000e-120	 1.0000e-120	 1.0000e-120
1.7378e+06	 0.0000e+00	 0.0000e+00	 0.0000e+00	 1.0000e-120	 1.0000e-120	 1.0000e-120	 1.0000e-120	 1.0000e-120	 1.0000e-120	 1.0000e-120	 1.0000e-120	 1.0000e-120
2.2909e+06	 0.0000e+00	 0.0000e+00	 0.0000e+00	 1.0000e-120	 1.0000e-120	 1.0000e-120	 1.0000e-120	 1.0000e-120	 1.0000e-120	 1.0000e-120	 1.0000e-120	 1.0000e-120
3.0200e+06	 0.0000e+00	 0.0000e+00	 0.0000e+00	 1.0000e-120	 1.0000e-120	 1.0000e-120	 1.0000e-120	 1.0000e-120	 1.0000e-120	 1.0000e-120	 1.0000e-120	 1.0000e-120
3.9811e+06	 0.0000e+00	 0.0000e+00	 0.0000e+00	 1.0000e-120	 1.0000e-120	 1.0000e-120	 1.0000e-120	 1.0000e-120	 1.0000e-120	 1.0000e-120	 1.0000e-120	 1.0000e-120
5.2481e+06	 0.0000e+00	 0.0000e+00	 0.0000e+00	 1.0000e-120	 1.0000e-120	 1.0000e-120	 1.0000e-120	 1.0000e-120	 1.0000e-120	 1.0000e-120	 1.0000e-120	 1.0000e-120
6.9183e+06	 0.0000e+00	 0.0000e+00	 0.0000e+00	 1.0000e-120	 1.0000e-120	 1.0000e-120	 1.0000e-120	 1.0000e-120	 1.0000e-120	 1.0000e-120	 1.0000e-120	 1.0000e-120
9.1201e+06	 0.0000e+00	 0.0000e+00	 0.0000e+00	 1.0000e-120	 1.0000e-120	 1.0000e-120	 1.0000e-120	 1.0000e-120	 1.0000e-120	 1.0000e-120	 1.0000e-120	 1.0000e-120
1.2023e+07	 0.0000e+00	 0.0000e+00	 0.0000e+00	 1.0000e-120	 1.0000e-120	 1.0000e-120	 1.0000e-120	 1.0000e-120	 1.0000e-120	 1.0000e-120	 1.0000e-120	 1.0000e-120
1.5849e+07	 0.0000e+00	 0.0000e+00	 0.0000e+00	 1.0000e-120	 1.0000e-120	 1.0000e-120	 1.0000e-120	 1.0000e-120	 1.0000e-120	 1.0000e-120	 1.0000e-120	 1.0000e-120
2.0893e+07	 0.0000e+00	 0.0000e+00	 0.0000e+00	 1.0000e-120	 1.0000e-120	 1.0000e-120	 1.0000e-120	 1.0000e-120	 1.0000e-120	 1.0000e-120	 1.0000e-120	 1.0000e-120
2.7542e+07	 9.9689e-19	 9.9689e-19	 0.0000e+00	 1.0000e-120	 1.0000e-120	 1.0000e-120	 1.0000e-120	 1.0000e-120	 1.0000e-120	 1.0000e-120	 1.0000e-120	 1.0000e-120
3.6308e+07	 1.4899e-18	 1.4899e-18	 0.0000e+00	 1.0000e-120	 1.0000e-120	 1.0000e-120	 1.0000e-120	 1.0000e-120	 1.0000e-120	 1.0000e-120	 1.0000e-120	 1.0000e-120
4.7863e+07	 2.2183e-18	 2.2183e-18	 0.0000e+00	 1.0000e-120	 1.0000e-120	 1.0000e-120	 1.0000e-120	 1.0000e-120	 1.0000e-120	 1.0000e-120	 1.0000e-120	 1.0000e-120
6.3096e+07	 3.2448e-18	 3.2448e-18	 0.0000e+00	 1.0000e-120	 1.0000e-120	 1.0000e-120	 1.0000e-120	 1.0000e-120	 1.0000e-120	 1.0000e-120	 1.0000e-120	 1.0000e-120
8.3176e+07	 4.7465e-18	 4.7465e-18	 0.0000e+00	 1.0000e-120	 1.0000e-120	 1.0000e-120	 1.0000e-120	 1.0000e-120	 1.0000e-120	 1.0000e-120	 1.0000e-120	 1.0000e-120
1.0965e+08	 6.8949e-18	 6.8949e-18	 0.0000e+00	 1.0000e-120	 1.0000e-120	 1.0000e-120	 1.0000e-120	 1.0000e-120	 1.0000e-120	 1.0000e-120	 1.0000e-120	 1.0000e-120
1.4454e+08	 1.0008e-17	 1.0008e-17	 0.0000e+00	 1.0000e-120	 1.0000e-120	 1.0000e-120	 1.0000e-120	 1.0000e-120	 1.0000e-120	 1.0000e-120	 1.0000e-120	 1.0000e-120
1.9055e+08	 1.4501e-17	 1.4501e-17	 0.0000e+00	 1.0000e-120	 1.0000e-120	 1.0000e-120	 1.0000e-120	 1.0000e-120	 1.0000e-120	 1.0000e-120	 1.0000e-120	 1.0000e-120
2.5119e+08	 2.0990e-17	 2.0990e-17	 0.0000e+00	 1.0000e-120	 1.0000e-120	 1.0000e-120	 1.0000e-120	 1.0000e-120	 1.0000e-120	 1.0000e-120	 1.0000e-120	 1.0000e-120
3.3113e+08	 3.0372e-17	 3.0372e-17	 0.0000e+00	 1.0000e-120	 1.0000e-120	 1.0000e-120	 1.0000e-120	 1.0000e-120	 1.0000e-120	 1.0000e-120	 1.0000e-120	 1.0000e-120
4.3652e+08	 4.3918e-17	 4.3918e-17	 0.0000e+00	 1.0000e-120	 1.0000e-120	 1.0000e-120	 1.0000e-120	 1.0000e-120	 1.0000e-120	 1.0000e-120	 1.0000e-120	 1.0000e-120
5.7544e+08	 6.3504e-17	 6.3504e-17	 0.0000e+00	 1.0000e-120	 1.0000e-120	 1.0000e-120	 1.0000e-120	 1.0000e-120	 1.0000e-120	 1.0000e-120	 1.0000e-120	 1.0000e-120
7.5858e+08	 9.1790e-17	 9.1790e-17	 0.0000e+00	 1.0000e-120	 1.0000e-120	 1.0000e-120	 1.0000e-120	 1.0000e-120	 1.0000e-120	 1.0000e-120	 1.0000e-120	 1.0000e-120
1.0000e+09	 1.3268e-16	 1.3268e-16	 0.0000e+00	 1.0000e-120	 1.0000e-120	 1.0000e-120	 1.0000e-120	 1.0000e-120	 1.0000e-120	 1.0000e-120	 1.0000e-120	 1.0000e-120
1.3183e+09	 1.9174e-16	 1.9174e-16	 0.0000e+00	 1.0000e-120	 1.0000e-120	 1.0000e-120	 1.0000e-120	 1.0000e-120	 1.0000e-120	 1.0000e-120	 1.0000e-120	 1.0000e-120
1.7378e+09	 2.7709e-16	 2.7709e-16	 0.0000e+00	 1.0000e-120	 1.0000e-120	 1.0000e-120	 1.0000e-120	 1.0000e-120	 1.0000e-120	 1.0000e-120	 1.0000e-120	 1.0000e-120
2.2909e+09	 4.0038e-16	 4.0038e-16	 0.0000e+00	 1.0000e-120	 1.0000e-120	 1.0000e-120	 1.0000e-120	 1.0000e-120	 1.0000e-120	 1.0000e-120	 1.0000e-120	 1.0000e-120
3.0200e+09	 5.7848e-16	 5.7848e-16	 0.0000e+00	 1.0000e-120	 1.0000e-120	 1.0000e-120	 1.0000e-120	 1.0000e-120	 1.0000e-120	 1.0000e-120	 1.0000e-120	 1.0000e-120
3.9811e+09	 8.3576e-16	 8.3576e-16	 0.0000e+00	 1.0000e-120	 1.0000e-120	 1.0000e-120	 1.0000e-120	 1.0000e-120	 1.0000e-120	 1.0000e-120	 1.0000e-120	 1.0000e-120
5.2481e+09	 1.2072e-15	 1.2072e-15	 0.0000e+00	 1.0000e-120	 1.0000e-120	 1.0000e-120	 1.0000e-120	 1.0000e-120	 1.0000e-120	 1.0000e-120	 1.0000e-120	 1.0000e-120
6.9183e+09	 1.7438e-15	 1.7438e-15	 0.0000e+00	 1.0000e-120	 1.0000e-120	 1.0000e-120	 1.0000e-120	 1.0000e-120	 1.0000e-120	 1.0000e-120	 1.0000e-120	 1.0000e-120
9.1201e+09	 2.5180e-15	 2.5180e-15	 0.0000e+00	 1.0000e-120	 1.0000e-120	 1.0000e-120	 1.0000e-120	 1.0000e-120	 1.0000e-120	 1.0000e-120	 1.0000e-120	 1.0000e-120
1.2023e+10	 3.6359e-15	 3.6359e-15	 0.0000e+00	 1.0000e-120	 1.0000e-120	 1.0000e-120	 1.0000e-120	 1.0000e-120	 1.0000e-120	 1.0000e-120	 1.0000e-120	 1.0000e-120
1.5849e+10	 5.2481e-15	 5.2481e-15	 0.0000e+00	 1.0000e-120	 1.0000e-120	 1.0000e-120	 1.0000e-120	 1.0000e-120	 1.0000e-120	 1.0000e-120	 1.0000e-120	 1.0000e-120
2.0893e+10	 7.5739e-15	 7.5739e-15	 0.0000e+00	 1.0000e-120	 1.0000e-120	 1.0000e-120	 1.0000e-120	 1.0000e-120	 1.0000e-120	 1.0000e-120	 1.0000e-120	 1.0000e-120
2.7542e+10	 1.0927e-14	 1.0927e-14	 0.0000e+00	 1.0000e-120	 1.0000e-120	 1.0000e-120	 1.0000e-120	 1.0000e-120	 1.0000e-120	 1.0000e-120	 1.0000e-120	 1.0000e-120
3.6308e+10	 1.5756e-14	 1.5756e-14	 0.0000e+00	 1.0000e-120	 1.0000e-120	 1.0000e-120	 1.0000e-120	 1.0000e-120	 1.0000e-120	 1.0000e-120	 1.0000e-120	 1.0000e-120
4.7863e+10	 2.2717e-14	 2.2717e-14	 0.0000e+00	 1.0000e-120	 1.0000e-120	 1.0000e-120	 1.0000e-120	 1.0000e-120	 1.0000e-120	 1.0000e-120	 1.0000e-120	 1.0000e-120
6.3096e+10	 3.2714e-14	 3.2714e-14	 0.0000e+00	 1.0000e-120	 1.0000e-120	 1.0000e-120	 1.0000e-120	 1.0000e-120	 1.0000e-120	 1.0000e-120	 1.0000e-120	 1.0000e-120
8.3176e+10	 4.7111e-14	 4.7111e-14	 0.0000e+00	 1.0000e-120	 1.0000e-120	 1.0000e-120	 1.0000e-120	 1.0000e-120	 1.0000e-120	 1.0000e-120	 1.0000e-120	 1.0000e-120
1.0965e+11	 6.7735e-14	 6.7735e-14	 0.0000e+00	 1.0000e-120	 1.0000e-120	 1.0000e-120	 1.0000e-120	 1.0000e-120	 1.0000e-120	 1.0000e-120	 1.0000e-120	 1.0000e-120
1.4454e+11	 9.7349e-14	 9.7349e-14	 0.0000e+00	 1.0000e-120	 1.0000e-120	 1.0000e-120	 1.0000e-120	 1.0000e-120	 1.0000e-120	 1.0000e-120	 1.0000e-120	 1.0000e-120
1.9055e+11	 1.3969e-13	 1.3969e-13	 0.0000e+00	 1.0000e-120	 1.0000e-120	 1.0000e-120	 1.0000e-120	 1.0000e-120	 1.0000e-120	 1.0000e-120	 1.0000e-120	 1.0000e-120
2.5119e+11	 2.0014e-13	 2.0014e-13	 0.0000e+00	 1.0000e-120	 1.0000e-120	 1.0000e-120	 1.0000e-120	 1.0000e-120	 1.0000e-120	 1.0000e-120	 1.0000e-120	 1.0000e-120
3.3113e+11	 2.8641e-13	 2.8641e-13	 0.0000e+00	 1.0000e-120	 1.0000e-120	 1.0000e-120	 1.0000e-120	 1.0000e-120	 1.0000e-120	 1.0000e-120	 1.0000e-120	 1.0000e-120
4.3652e+11	 4.0837e-13	 4.0837e-13	 0.0000e+00	 1.0000e-120	 1.0000e-120	 1.0000e-120	 1.0000e-120	 1.0000e-120	 1.0000e-120	 1.0000e-120	 1.0000e-120	 1.0000e-120
5.7544e+11	 5.8225e-13	 5.8225e-13	 0.0000e+00	 1.0000e-120	 1.0000e-120	 1.0000e-120	 1.0000e-120	 1.0000e-120	 1.0000e-120	 1.0000e-120	 1.0000e-120	 1.0000e-120
7.5858e+11	 8.2406e-13	 8.2406e-13	 0.0000e+00	 1.0000e-120	 1.0000e-120	 1.0000e-120	 1.0000e-120	 1.0000e-120	 1.0000e-120	 1.0000e-120	 1.0000e-120	 1.0000e-120
1.0000e+12	 1.1659e-12	 1.1659e-12	 0.0000e+00	 1.0000e-120	 1.0000e-120	 1.0000e-120	 1.0000e-120	 1.0000e-120	 1.0000e-120	 1.0000e-120	 1.0000e-120	 1.0000e-120
1.3183e+12	 1.6359e-12	 1.6359e-12	 0.0000e+00	 1.0000e-120	 1.0000e-120	 1.0000e-120	 1.0000e-120	 1.0000e-120	 1.0000e-120	 1.0000e-120	 1.0000e-120	 1.0000e-120
1.7378e+12	 2.2862e-12	 2.2862e-12	 0.0000e+00	 1.0000e-120	 1.0000e-120	 1.0000e-120	 1.0000e-120	 1.0000e-120	 1.0000e-120	 1.0000e-120	 1.0000e-120	 1.0000e-120
2.2909e+12	 3.1702e-12	 3.1702e-12	 0.0000e+00	 1.0000e-120	 1.0000e-120	 1.0000e-120	 1.0000e-120	 1.0000e-120	 1.0000e-120	 1.0000e-120	 1.0000e-120	 1.0000e-120
3.0200e+12	 4.3440e-12	 4.3440e-12	 0.0000e+00	 1.0000e-120	 1.0000e-120	 1.0000e-120	 1.0000e-120	 1.0000e-120	 1.0000e-120	 1.0000e-120	 1.0000e-120	 1.0000e-120
3.9811e+12	 5.9317e-12	 5.9317e-12	 0.0000e+00	 1.0000e-120	 1.0000e-120	 1.0000e-120	 1.0000e-120	 1.0000e-120	 1.0000e-120	 1.0000e-120	 1.0000e-120	 1.0000e-120
5.2481e+12	 7.8805e-12	 7.8805e-12	 0.0000e+00	 1.0000e-120	 1.0000e-120	 1.0000e-120	 1.0000e-120	 1.0000e-120	 1.0000e-120	 1.0000e-120	 1.0000e-120	 1.0000e-120
6.9183e+12	 1.0470e-11	 1.0470e-11	 0.0000e+00	 1.0000e-120	 1.0000e-120	 1.0000e-120	 1.0000e-120	 1.0000e-120	 1.0000e-120	 1.0000e-120	 1.0000e-120	 1.0000e-120
9.1201e+12	 1.3394e-11	 1.3394e-11	 0.0000e+00	 1.0000e-120	 1.0000e-120	 1.0000e-120	 1.0000e-120	 1.0000e-120	 1.0000e-120	 1.0000e-120	 1.0000e-120	 1.0000e-120
1.2023e+13	 1.7005e-11	 1.7005e-11	 0.0000e+00	 1.0000e-120	 1.0000e-120	 1.0000e-120	 1.0000e-120	 1.0000e-120	 1.0000e-120	 1.0000e-120	 1.0000e-120	 1.0000e-120
1.5849e+13	 2.0929e-11	 2.0929e-11	 0.0000e+00	 1.0000e-120	 1.0000e-120	 1.0000e-120	 1.0000e-120	 1.0000e-120	 1.0000e-120	 1.0000e-120	 1.0000e-120	 1.0000e-120
2.0893e+13	 2.5112e-11	 2.5112e-11	 0.0000e+00	 1.0000e-120	 1.0000e-120	 1.0000e-120	 1.0000e-120	 1.0000e-120	 1.0000e-120	 1.0000e-120	 1.0000e-120	 1.0000e-120
2.7542e+13	 2.9744e-11	 2.9744e-11	 0.0000e+00	 1.0000e-120	 1.0000e-120	 1.0000e-120	 1.0000e-120	 1.0000e-120	 1.0000e-120	 1.0000e-120	 1.0000e-120	 1.0000e-120
3.6308e+13	 3.4011e-11	 3.4011e-11	 0.0000e+00	 1.0000e-120	 1.0000e-120	 1.0000e-120	 1.0000e-120	 1.0000e-120	 1.0000e-120	 1.0000e-120	 1.0000e-120	 1.0000e-120
4.7863e+13	 3.8890e-11	 3.8890e-11	 0.0000e+00	 1.0000e-120	 1.0000e-120	 1.0000e-120	 1.0000e-120	 1.0000e-120	 1.0000e-120	 1.0000e-120	 1.0000e-120	 1.0000e-120
6.3096e+13	 4.3615e-11	 4.3615e-11	 0.0000e+00	 1.0000e-120	 1.0000e-120	 1.0000e-120	 1.0000e-120	 1.0000e-120	 1.0000e-120	 1.0000e-120	 1.0000e-120	 1.0000e-120
8.3176e+13	 4.8901e-11	 4.8901e-11	 0.0000e+00	 1.0000e-120	 1.0000e-120	 1.0000e-120	 1.0000e-120	 1.0000e-120	 1.0000e-120	 1.0000e-120	 1.0000e-120	 1.0000e-120
1.0965e+14	 5.4718e-11	 5.4718e-11	 0.0000e+00	 1.0000e-120	 1.0000e-120	 1.0000e-120	 1.0000e-120	 1.0000e-120	 1.0000e-120	 1.0000e-120	 1.0000e-120	 1.0000e-120
1.4454e+14	 6.1178e-11	 6.1178e-11	 0.0000e+00	 1.0000e-120	 1.0000e-120	 1.0000e-120	 1.0000e-120	 1.0000e-120	 1.0000e-120	 1.0000e-120	 1.0000e-120	 1.0000e-120
1.9055e+14	 6.8367e-11	 6.8367e-11	 0.0000e+00	 1.0000e-120	 1.0000e-120	 1.0000e-120	 1.0000e-120	 1.0000e-120	 1.0000e-120	 1.0000e-120	 1.0000e-120	 1.0000e-120
2.5119e+14	 7.6351e-11	 7.6351e-11	 0.0000e+00	 1.0000e-120	 1.0000e-120	 1.0000e-120	 1.0000e-120	 1.0000e-120	 1.0000e-120	 1.0000e-120	 1.0000e-120	 1.0000e-120
3.3113e+14	 8.5246e-11	 8.5246e-11	 0.0000e+00	 1.0000e-120	 1.0000e-120	 1.0000e-120	 1.0000e-120	 1.0000e-120	 1.0000e-120	 1.0000e-120	 1.0000e-120	 1.0000e-120
4.3652e+14	 9.5021e-11	 9.5021e-11	 0.0000e+00	 1.0000e-120	 1.0000e-120	 1.0000e-120	 1.0000e-120	 1.0000e-120	 1.0000e-120	 1.0000e-120	 1.0000e-120	 1.0000e-120
5.7544e+14	 1.0592e-10	 1.0592e-10	 0.0000e+00	 1.0000e-120	 1.0000e-120	 1.0000e-120	 1.0000e-120	 1.0000e-120	 1.0000e-120	 1.0000e-120	 1.0000e-120	 1.0000e-120
7.5858e+14	 1.1773e-10	 1.1773e-10	 0.0000e+00	 1.0000e-120	 1.0000e-120	 1.0000e-120	 1.0000e-120	 1.0000e-120	 1.0000e-120	 1.0000e-120	 1.0000e-120	 1.0000e-120
1.0000e+15	 1.3081e-10	 1.3081e-10	 0.0000e+00	 1.0000e-120	 1.0000e-120	 1.0000e-120	 1.0000e-120	 1.0000e-120	 1.0000e-120	 1.0000e-120	 1.0000e-120	 1.0000e-120
1.3183e+15	 1.4488e-10	 1.4488e-10	 0.0000e+00	 1.0000e-120	 1.0000e-120	 1.0000e-120	 1.0000e-120	 1.0000e-120	 1.0000e-120	 1.0000e-120	 1.0000e-120	 1.0000e-120
1.7378e+15	 1.6010e-10	 1.6010e-10	 0.0000e+00	 1.0000e-120	 1.0000e-120	 1.0000e-120	 1.0000e-120	 1.0000e-120	 1.0000e-120	 1.0000e-120	 1.0000e-120	 1.0000e-120
2.2909e+15	 1.7646e-10	 1.7646e-10	 0.0000e+00	 1.0000e-120	 1.0000e-120	 1.0000e-120	 1.0000e-120	 1.0000e-120	 1.0000e-120	 1.0000e-120	 1.0000e-120	 1.0000e-120
3.0200e+15	 1.9329e-10	 1.9329e-10	 0.0000e+00	 1.0000e-120	 1.0000e-120	 1.0000e-120	 1.0000e-120	 1.0000e-120	 1.0000e-120	 1.0000e-120	 1.0000e-120	 1.0000e-120
3.9811e+15	 2.1168e-10	 2.1168e-10	 0.0000e+00	 1.0000e-120	 1.0000e-120	 1.0000e-120	 1.0000e-120	 1.0000e-120	 1.0000e-120	 1.0000e-120	 1.0000e-120	 1.0000e-120
5.2481e+15	 2.2880e-10	 2.2880e-10	 0.0000e+00	 1.0000e-120	 1.0000e-120	 1.0000e-120	 1.0000e-120	 1.0000e-120	 1.0000e-120	 1.0000e-120	 1.0000e-120	 1.0000e-120
6.9183e+15	 2.4731e-10	 2.4731e-10	 0.0000e+00	 1.0000e-120	 1.0000e-120	 1.0000e-120	 1.0000e-120	 1.0000e-120	 1.0000e-120	 1.0000e-120	 1.0000e-120	 1.0000e-120
9.1201e+15	 2.6370e-10	 2.6370e-10	 0.0000e+00	 1.0000e-120	 1.0000e-120	 1.0000e-120	 1.0000e-120	 1.0000e-120	 1.0000e-120	 1.0000e-120	 1.0000e-120	 1.0000e-120
1.2023e+16	 2.7979e-10	 2.7979e-10	 0.0000e+00	 1.0000e-120	 1.0000e-120	 1.0000e-120	 1.0000e-120	 1.0000e-120	 1.0000e-120	 1.0000e-120	 1.0000e-120	 1.0000e-120
1.5849e+16	 2.9381e-10	 2.9381e-10	 0.0000e+00	 1.0000e-120	 1.0000e-120	 1.0000e-120	 1.0000e-120	 1.0000e-120	 1.0000e-120	 1.0000e-120	 1.0000e-120	 1.0000e-120
2.0893e+16	 3.0472e-10	 3.0472e-10	 0.0000e+00	 1.0000e-120	 1.0000e-120	 1.0000e-120	 1.0000e-120	 1.0000e-120	 1.0000e-120	 1.0000e-120	 1.0000e-120	 1.0000e-120
2.7542e+16	 3.1467e-10	 3.1467e-10	 0.0000e+00	 1.0000e-120	 1.0000e-120	 1.0000e-120	 1.0000e-120	 1.0000e-120	 1.0000e-120	 1.0000e-120	 1.0000e-120	 1.0000e-120
3.6308e+16	 3.1828e-10	 3.1828e-10	 0.0000e+00	 1.0000e-120	 1.0000e-120	 1.0000e-120	 1.0000e-120	 1.0000e-120	 1.0000e-120	 1.0000e-120	 1.0000e-120	 1.0000e-120
4.7863e+16	 3.2194e-10	 3.2194e-10	 0.0000e+00	 1.0000e-120	 1.0000e-120	 1.0000e-120	 1.0000e-120	 1.0000e-120	 1.0000e-120	 1.0000e-120	 1.0000e-120	 1.0000e-120
6.3096e+16	 3.1828e-10	 3.1828e-10	 3.2593e-19	 1.0000e-120	 1.0000e-120	 1.0000e-120	 1.0000e-120	 1.0000e-120	 1.0000e-120	 1.0000e-120	 1.0000e-120	 1.0000e-120
8.3176e+16	 3.1377e-10	 3.1377e-10	 4.6701e-19	 1.0000e-120	 1.0000e-120	 1.0000e-120	 1.0000e-120	 1.0000e-120	 1.0000e-120	 1.0000e-120	 1.0000e-120	 1.0000e-120
1.0965e+17	 3.0445e-10	 3.0445e-10	 6.6786e-19	 1.0000e-120	 1.0000e-120	 1.0000e-120	 1.0000e-120	 1.0000e-120	 1.0000e-120	 1.0000e-120	 1.0000e-120	 1.0000e-120
1.4454e+17	 2.9241e-10	 2.9241e-10	 9.5359e-19	 1.0000e-120	 1.0000e-120	 1.0000e-120	 1.0000e-120	 1.0000e-120	 1.0000e-120	 1.0000e-120	 1.0000e-120	 1.0000e-120
1.9055e+17	 2.7842e-10	 2.7842e-10	 1.3603e-18	 1.0000e-120	 1.0000e-120	 1.0000e-120	 1.0000e-120	 1.0000e-120	 1.0000e-120	 1.0000e-120	 1.0000e-120	 1.0000e-120
2.5119e+17	 2.6042e-10	 2.6042e-10	 1.9335e-18	 1.0000e-120	 1.0000e-120	 1.0000e-120	 1.0000e-120	 1.0000e-120	 1.0000e-120	 1.0000e-120	 1.0000e-120	 1.0000e-120
3.3113e+17	 2.4328e-10	 2.4328e-10	 2.7483e-18	 1.0000e-120	 1.0000e-120	 1.0000e-120	 1.0000e-120	 1.0000e-120	 1.0000e-120	 1.0000e-120	 1.0000e-120	 1.0000e-120
4.3652e+17	 2.2147e-10	 2.2147e-10	 3.8857e-18	 1.0000e-120	 1.0000e-120	 1.0000e-120	 1.0000e-120	 1.0000e-120	 1.0000e-120	 1.0000e-120	 1.0000e-120	 1.0000e-120
5.7544e+17	 2.0161e-10	 2.0161e-10	 5.4892e-18	 1.0000e-120	 1.0000e-120	 1.0000e-120	 1.0000e-120	 1.0000e-120	 1.0000e-120	 1.0000e-120	 1.0000e-120	 1.0000e-120
7.5858e+17	 1.7960e-10	 1.7960e-10	 7.7224e-18	 1.0000e-120	 1.0000e-120	 1.0000e-120	 1.0000e-120	 1.0000e-120	 1.0000e-120	 1.0000e-120	 1.0000e-120	 1.0000e-120
1.0000e+18	 1.5893e-10	 1.5893e-10	 1.0824e-17	 1.0000e-120	 1.0000e-120	 1.0000e-120	 1.0000e-120	 1.0000e-120	 1.0000e-120	 1.0000e-120	 1.0000e-120	 1.0000e-120
1.3183e+18	 1.3850e-10	 1.3850e-10	 1.5141e-17	 1.0000e-120	 1.0000e-120	 1.0000e-120	 1.0000e-120	 1.0000e-120	 1.0000e-120	 1.0000e-120	 1.0000e-120	 1.0000e-120
1.7378e+18	 1.1873e-10	 1.1873e-10	 2.1002e-17	 1.0000e-120	 1.0000e-120	 1.0000e-120	 1.0000e-120	 1.0000e-120	 1.0000e-120	 1.0000e-120	 1.0000e-120	 1.0000e-120
2.2909e+18	 1.0095e-10	 1.0095e-10	 2.9131e-17	 1.0000e-120	 1.0000e-120	 1.0000e-120	 1.0000e-120	 1.0000e-120	 1.0000e-120	 1.0000e-120	 1.0000e-120	 1.0000e-120
3.0200e+18	 8.3085e-11	 8.3085e-11	 3.9971e-17	 1.0000e-120	 1.0000e-120	 1.0000e-120	 1.0000e-120	 1.0000e-120	 1.0000e-120	 1.0000e-120	 1.0000e-120	 1.0000e-120
3.9811e+18	 6.8381e-11	 6.8381e-11	 5.4732e-17	 1.0000e-120	 1.0000e-120	 1.0000e-120	 1.0000e-120	 1.0000e-120	 1.0000e-120	 1.0000e-120	 1.0000e-120	 1.0000e-120
5.2481e+18	 5.3028e-11	 5.3028e-11	 7.4339e-17	 1.0000e-120	 1.0000e-120	 1.0000e-120	 1.0000e-120	 1.0000e-120	 1.0000e-120	 1.0000e-120	 1.0000e-120	 1.0000e-120
6.9183e+18	 4.0910e-11	 4.0910e-11	 1.0015e-16	 1.0000e-120	 1.0000e-120	 1.0000e-120	 1.0000e-120	 1.0000e-120	 1.0000e-120	 1.0000e-120	 1.0000e-120	 1.0000e-120
9.1201e+18	 2.9201e-11	 2.9201e-11	 1.3452e-16	 1.0000e-120	 1.0000e-120	 1.0000e-120	 1.0000e-120	 1.0000e-120	 1.0000e-120	 1.0000e-120	 1.0000e-120	 1.0000e-120
1.2023e+19	 1.9947e-11	 1.9946e-11	 1.7772e-16	 1.0000e-120	 1.0000e-120	 1.0000e-120	 1.0000e-120	 1.0000e-120	 1.0000e-120	 1.0000e-120	 1.0000e-120	 1.0000e-120
1.5849e+19	 1.2489e-11	 1.2489e-11	 2.3481e-16	 1.0000e-120	 1.0000e-120	 1.0000e-120	 1.0000e-120	 1.0000e-120	 1.0000e-120	 1.0000e-120	 1.0000e-120	 1.0000e-120
2.0893e+19	 6.6855e-12	 6.6852e-12	 3.0466e-16	 1.0000e-120	 1.0000e-120	 1.0000e-120	 1.0000e-120	 1.0000e-120	 1.0000e-120	 1.0000e-120	 1.0000e-120	 1.0000e-120
2.7542e+19	 3.4505e-12	 3.4501e-12	 3.9370e-16	 1.0000e-120	 1.0000e-120	 1.0000e-120	 1.0000e-120	 1.0000e-120	 1.0000e-120	 1.0000e-120	 1.0000e-120	 1.0000e-120
3.6308e+19	 1.1396e-12	 1.1391e-12	 5.0306e-16	 1.0000e-120	 1.0000e-120	 1.0000e-120	 1.0000e-120	 1.0000e-120	 1.0000e-120	 1.0000e-120	 1.0000e-120	 1.0000e-120
4.7863e+19	 3.7674e-13	 3.7610e-13	 6.3487e-16	 1.0000e-120	 1.0000e-120	 1.0000e-120	 1.0000e-120	 1.0000e-120	 1.0000e-120	 1.0000e-120	 1.0000e-120	 1.0000e-120
6.3096e+19	 5.9951e-14	 5.9153e-14	 7.9887e-16	 1.0000e-120	 1.0000e-120	 1.0000e-120	 1.0000e-120	 1.0000e-120	 1.0000e-120	 1.0000e-120	 1.0000e-120	 1.0000e-120
8.3176e+19	 8.6630e-15	 7.6765e-15	 9.8654e-16	 1.0000e-120	 1.0000e-120	 1.0000e-120	 1.0000e-120	 1.0000e-120	 1.0000e-120	 1.0000e-120	 1.0000e-120	 1.0000e-120
1.0965e+20	 1.6194e-15	 4.0111e-16	 1.2183e-15	 1.0000e-120	 1.0000e-120	 1.0000e-120	 1.0000e-120	 1.0000e-120	 1.0000e-120	 1.0000e-120	 1.0000e-120	 1.0000e-120
1.4454e+20	 1.4919e-15	 8.8269e-18	 1.4830e-15	 1.0000e-120	 1.0000e-120	 1.0000e-120	 1.0000e-120	 1.0000e-120	 1.0000e-120	 1.0000e-120	 1.0000e-120	 1.0000e-120
1.9055e+20	 1.7987e-15	 8.9521e-20	 1.7986e-15	 1.0000e-120	 1.0000e-120	 1.0000e-120	 1.0000e-120	 1.0000e-120	 1.0000e-120	 1.0000e-120	 1.0000e-120	 1.0000e-120
2.5119e+20	 2.1684e-15	 6.9087e-23	 2.1684e-15	 1.0000e-120	 1.0000e-120	 1.0000e-120	 1.0000e-120	 1.0000e-120	 1.0000e-120	 1.0000e-120	 1.0000e-120	 1.0000e-120
3.3113e+20	 2.5954e-15	 5.3317e-26	 2.5954e-15	 1.0000e-120	 1.0000e-120	 1.0000e-120	 1.0000e-120	 1.0000e-120	 1.0000e-120	 1.0000e-120	 1.0000e-120	 1.0000e-120
4.3652e+20	 3.1030e-15	 1.0174e-31	 3.1030e-15	 1.0000e-120	 1.0000e-120	 1.0000e-120	 1.0000e-120	 1.0000e-120	 1.0000e-120	 1.0000e-120	 1.0000e-120	 1.0000e-120
5.7544e+20	 3.6757e-15	 1.4132e-37	 3.6757e-15	 1.0000e-120	 1.0000e-120	 1.0000e-120	 1.0000e-120	 1.0000e-120	 1.0000e-120	 1.0000e-120	 1.0000e-120	 1.0000e-120
7.5858e+20	 4.3541e-15	 0.0000e+00	 4.3541e-15	 1.0000e-120	 1.0000e-120	 1.0000e-120	 1.0000e-120	 1.0000e-120	 1.0000e-120	 1.0000e-120	 1.0000e-120	 1.0000e-120
1.0000e+21	 5.1251e-15	 0.0000e+00	 5.1251e-15	 1.0000e-120	 1.0000e-120	 1.0000e-120	 1.0000e-120	 1.0000e-120	 1.0000e-120	 1.0000e-120	 1.0000e-120	 1.0000e-120
1.3183e+21	 6.0212e-15	 0.0000e+00	 6.0212e-15	 1.0000e-120	 1.0000e-120	 1.0000e-120	 1.0000e-120	 1.0000e-120	 1.0000e-120	 1.0000e-120	 1.0000e-120	 1.0000e-120
1.7378e+21	 7.0510e-15	 0.0000e+00	 7.0510e-15	 1.0000e-120	 1.0000e-120	 1.0000e-120	 1.0000e-120	 1.0000e-120	 1.0000e-120	 1.0000e-120	 1.0000e-120	 1.0000e-120
2.2909e+21	 8.2210e-15	 0.0000e+00	 8.2210e-15	 1.0000e-120	 1.0000e-120	 1.0000e-120	 1.0000e-120	 1.0000e-120	 1.0000e-120	 1.0000e-120	 1.0000e-120	 1.0000e-120
3.0200e+21	 9.5793e-15	 0.0000e+00	 9.5793e-15	 1.0000e-120	 1.0000e-120	 1.0000e-120	 1.0000e-120	 1.0000e-120	 1.0000e-120	 1.0000e-120	 1.0000e-120	 1.0000e-120
3.9811e+21	 1.1090e-14	 0.0000e+00	 1.1090e-14	 1.0000e-120	 1.0000e-120	 1.0000e-120	 1.0000e-120	 1.0000e-120	 1.0000e-120	 1.0000e-120	 1.0000e-120	 1.0000e-120
5.2481e+21	 1.2838e-14	 0.0000e+00	 1.2838e-14	 1.0000e-120	 1.0000e-120	 1.0000e-120	 1.0000e-120	 1.0000e-120	 1.0000e-120	 1.0000e-120	 1.0000e-120	 1.0000e-120
6.9183e+21	 1.4780e-14	 0.0000e+00	 1.4780e-14	 1.0000e-120	 1.0000e-120	 1.0000e-120	 1.0000e-120	 1.0000e-120	 1.0000e-120	 1.0000e-120	 1.0000e-120	 1.0000e-120
9.1201e+21	 1.6982e-14	 0.0000e+00	 1.6982e-14	 1.0000e-120	 1.0000e-120	 1.0000e-120	 1.0000e-120	 1.0000e-120	 1.0000e-120	 1.0000e-120	 1.0000e-120	 1.0000e-120
1.2023e+22	 1.9451e-14	 0.0000e+00	 1.9451e-14	 1.0000e-120	 1.0000e-120	 1.0000e-120	 1.0000e-120	 1.0000e-120	 1.0000e-120	 1.0000e-120	 1.0000e-120	 1.0000e-120
1.5849e+22	 2.2172e-14	 0.0000e+00	 2.2172e-14	 1.0000e-120	 1.0000e-120	 1.0000e-120	 1.0000e-120	 1.0000e-120	 1.0000e-120	 1.0000e-120	 1.0000e-120	 1.0000e-120
2.0893e+22	 2.5261e-14	 0.0000e+00	 2.5261e-14	 1.0000e-120	 1.0000e-120	 1.0000e-120	 1.0000e-120	 1.0000e-120	 1.0000e-120	 1.0000e-120	 1.0000e-120	 1.0000e-120
2.7542e+22	 2.8543e-14	 0.0000e+00	 2.8543e-14	 1.0000e-120	 1.0000e-120	 1.0000e-120	 1.0000e-120	 1.0000e-120	 1.0000e-120	 1.0000e-120	 1.0000e-120	 1.0000e-120
3.6308e+22	 3.2252e-14	 0.0000e+00	 3.2252e-14	 1.0000e-120	 1.0000e-120	 1.0000e-120	 1.0000e-120	 1.0000e-120	 1.0000e-120	 1.0000e-120	 1.0000e-120	 1.0000e-120
4.7863e+22	 3.6202e-14	 0.0000e+00	 3.6202e-14	 1.0000e-120	 1.0000e-120	 1.0000e-120	 1.0000e-120	 1.0000e-120	 1.0000e-120	 1.0000e-120	 1.0000e-120	 1.0000e-120
6.3096e+22	 4.0531e-14	 0.0000e+00	 4.0531e-14	 1.0000e-120	 1.0000e-120	 1.0000e-120	 1.0000e-120	 1.0000e-120	 1.0000e-120	 1.0000e-120	 1.0000e-120	 1.0000e-120
8.3176e+22	 4.5209e-14	 0.0000e+00	 4.5209e-14	 1.0000e-120	 1.0000e-120	 1.0000e-120	 1.0000e-120	 1.0000e-120	 1.0000e-120	 1.0000e-120	 1.0000e-120	 1.0000e-120
1.0965e+23	 5.0119e-14	 0.0000e+00	 5.0119e-14	 1.0000e-120	 1.0000e-120	 1.0000e-120	 1.0000e-120	 1.0000e-120	 1.0000e-120	 1.0000e-120	 1.0000e-120	 1.0000e-120
1.4454e+23	 5.5541e-14	 0.0000e+00	 5.5541e-14	 1.0000e-120	 1.0000e-120	 1.0000e-120	 1.0000e-120	 1.0000e-120	 1.0000e-120	 1.0000e-120	 1.0000e-120	 1.0000e-120
1.9055e+23	 6.0946e-14	 0.0000e+00	 6.0946e-14	 1.0000e-120	 1.0000e-120	 1.0000e-120	 1.0000e-120	 1.0000e-120	 1.0000e-120	 1.0000e-120	 1.0000e-120	 1.0000e-120
2.5119e+23	 6.6877e-14	 0.0000e+00	 6.6877e-14	 1.0000e-120	 1.0000e-120	 1.0000e-120	 1.0000e-120	 1.0000e-120	 1.0000e-120	 1.0000e-120	 1.0000e-120	 1.0000e-120
3.3113e+23	 7.2857e-14	 0.0000e+00	 7.2857e-14	 1.0000e-120	 1.0000e-120	 1.0000e-120	 1.0000e-120	 1.0000e-120	 1.0000e-120	 1.0000e-120	 1.0000e-120	 1.0000e-120
4.3652e+23	 7.9122e-14	 0.0000e+00	 7.9122e-14	 1.0000e-120	 1.0000e-120	 1.0000e-120	 1.0000e-120	 1.0000e-120	 1.0000e-120	 1.0000e-120	 1.0000e-120	 1.0000e-120
5.7544e+23	 8.5563e-14	 0.0000e+00	 8.5563e-14	 1.0000e-120	 1.0000e-120	 1.0000e-120	 1.0000e-120	 1.0000e-120	 1.0000e-120	 1.0000e-120	 1.0000e-120	 1.0000e-120
7.5858e+23	 9.1820e-14	 0.0000e+00	 9.1820e-14	 1.0000e-120	 1.0000e-120	 1.0000e-120	 1.0000e-120	 1.0000e-120	 1.0000e-120	 1.0000e-120	 1.0000e-120	 1.0000e-120
1.0000e+24	 9.8518e-14	 0.0000e+00	 9.8518e-14	 1.0000e-120	 1.0000e-120	 1.0000e-120	 1.0000e-120	 1.0000e-120	 1.0000e-120	 1.0000e-120	 1.0000e-120	 1.0000e-120
1.3183e+24	 1.0443e-13	 0.0000e+00	 1.0443e-13	 1.0000e-120	 1.0000e-120	 1.0000e-120	 1.0000e-120	 1.0000e-120	 1.0000e-120	 1.0000e-120	 1.0000e-120	 1.0000e-120
1.7378e+24	 1.1070e-13	 0.0000e+00	 1.1070e-13	 1.0000e-120	 1.0000e-120	 1.0000e-120	 1.0000e-120	 1.0000e-120	 1.0000e-120	 1.0000e-120	 1.0000e-120	 1.0000e-120
2.2909e+24	 1.1626e-13	 0.0000e+00	 1.1626e-13	 1.0000e-120	 1.0000e-120	 1.0000e-120	 1.0000e-120	 1.0000e-120	 1.0000e-120	 1.0000e-120	 1.0000e-120	 1.0000e-120
3.0200e+24	 1.2153e-13	 0.0000e+00	 1.2153e-13	 1.0000e-120	 1.0000e-120	 1.0000e-120	 1.0000e-120	 1.0000e-120	 1.0000e-120	 1.0000e-120	 1.0000e-120	 1.0000e-120
3.9811e+24	 1.2635e-13	 0.0000e+00	 1.2635e-13	 1.0000e-120	 1.0000e-120	 1.0000e-120	 1.0000e-120	 1.0000e-120	 1.0000e-120	 1.0000e-120	 1.0000e-120	 1.0000e-120
5.2481e+24	 1.2987e-13	 0.0000e+00	 1.2987e-13	 1.0000e-120	 1.0000e-120	 1.0000e-120	 1.0000e-120	 1.0000e-120	 1.0000e-120	 1.0000e-120	 1.0000e-120	 1.0000e-120
6.9183e+24	 1.3350e-13	 0.0000e+00	 1.3350e-13	 1.0000e-120	 1.0000e-120	 1.0000e-120	 1.0000e-120	 1.0000e-120	 1.0000e-120	 1.0000e-120	 1.0000e-120	 1.0000e-120
9.1201e+24	 1.3432e-13	 0.0000e+00	 1.3432e-13	 1.0000e-120	 1.0000e-120	 1.0000e-120	 1.0000e-120	 1.0000e-120	 1.0000e-120	 1.0000e-120	 1.0000e-120	 1.0000e-120
1.2023e+25	 1.3511e-13	 0.0000e+00	 1.3511e-13	 1.0000e-120	 1.0000e-120	 1.0000e-120	 1.0000e-120	 1.0000e-120	 1.0000e-120	 1.0000e-120	 1.0000e-120	 1.0000e-120
1.5849e+25	 1.3328e-13	 0.0000e+00	 1.3328e-13	 1.0000e-120	 1.0000e-120	 1.0000e-120	 1.0000e-120	 1.0000e-120	 1.0000e-120	 1.0000e-120	 1.0000e-120	 1.0000e-120
2.0893e+25	 1.3009e-13	 0.0000e+00	 1.3009e-13	 1.0000e-120	 1.0000e-120	 1.0000e-120	 1.0000e-120	 1.0000e-120	 1.0000e-120	 1.0000e-120	 1.0000e-120	 1.0000e-120
2.7542e+25	 1.2537e-13	 0.0000e+00	 1.2537e-13	 1.0000e-120	 1.0000e-120	 1.0000e-120	 1.0000e-120	 1.0000e-120	 1.0000e-120	 1.0000e-120	 1.0000e-120	 1.0000e-120
3.6308e+25	 1.1738e-13	 0.0000e+00	 1.1738e-13	 1.0000e-120	 1.0000e-120	 1.0000e-120	 1.0000e-120	 1.0000e-120	 1.0000e-120	 1.0000e-120	 1.0000e-120	 1.0000e-120
4.7863e+25	 1.0990e-13	 0.0000e+00	 1.0990e-13	 1.0000e-120	 1.0000e-120	 1.0000e-120	 1.0000e-120	 1.0000e-120	 1.0000e-120	 1.0000e-120	 1.0000e-120	 1.0000e-120
6.3096e+25	 9.7440e-14	 0.0000e+00	 9.7440e-14	 1.0000e-120	 1.0000e-120	 1.0000e-120	 1.0000e-120	 1.0000e-120	 1.0000e-120	 1.0000e-120	 1.0000e-120	 1.0000e-120
8.3176e+25	 8.6226e-14	 0.0000e+00	 8.6226e-14	 1.0000e-120	 1.0000e-120	 1.0000e-120	 1.0000e-120	 1.0000e-120	 1.0000e-120	 1.0000e-120	 1.0000e-120	 1.0000e-120
1.0965e+26	 7.2920e-14	 0.0000e+00	 7.2920e-14	 1.0000e-120	 1.0000e-120	 1.0000e-120	 1.0000e-120	 1.0000e-120	 1.0000e-120	 1.0000e-120	 1.0000e-120	 1.0000e-120
1.4454e+26	 6.0004e-14	 0.0000e+00	 6.0004e-14	 1.0000e-120	 1.0000e-120	 1.0000e-120	 1.0000e-120	 1.0000e-120	 1.0000e-120	 1.0000e-120	 1.0000e-120	 1.0000e-120
1.9055e+26	 4.8181e-14	 0.0000e+00	 4.8181e-14	 1.0000e-120	 1.0000e-120	 1.0000e-120	 1.0000e-120	 1.0000e-120	 1.0000e-120	 1.0000e-120	 1.0000e-120	 1.0000e-120
2.5119e+26	 3.6353e-14	 0.0000e+00	 3.6353e-14	 1.0000e-120	 1.0000e-120	 1.0000e-120	 1.0000e-120	 1.0000e-120	 1.0000e-120	 1.0000e-120	 1.0000e-120	 1.0000e-120
3.3113e+26	 2.7429e-14	 0.0000e+00	 2.7429e-14	 1.0000e-120	 1.0000e-120	 1.0000e-120	 1.0000e-120	 1.0000e-120	 1.0000e-120	 1.0000e-120	 1.0000e-120	 1.0000e-120
4.3652e+26	 1.8646e-14	 0.0000e+00	 1.8646e-14	 1.0000e-120	 1.0000e-120	 1.0000e-120	 1.0000e-120	 1.0000e-120	 1.0000e-120	 1.0000e-120	 1.0000e-120	 1.0000e-120
5.7544e+26	 1.2593e-14	 0.0000e+00	 1.2593e-14	 1.0000e-120	 1.0000e-120	 1.0000e-120	 1.0000e-120	 1.0000e-120	 1.0000e-120	 1.0000e-120	 1.0000e-120	 1.0000e-120
7.5858e+26	 7.6617e-15	 0.0000e+00	 7.6617e-15	 1.0000e-120	 1.0000e-120	 1.0000e-120	 1.0000e-120	 1.0000e-120	 1.0000e-120	 1.0000e-120	 1.0000e-120	 1.0000e-120
1.0000e+27	 4.3476e-15	 0.0000e+00	 4.3476e-15	 1.0000e-120	 1.0000e-120	 1.0000e-120	 1.0000e-120	 1.0000e-120	 1.0000e-120	 1.0000e-120	 1.0000e-120	 1.0000e-120
1.3183e+27	 2.1138e-15	 0.0000e+00	 2.1138e-15	 1.0000e-120	 1.0000e-120	 1.0000e-120	 1.0000e-120	 1.0000e-120	 1.0000e-120	 1.0000e-120	 1.0000e-120	 1.0000e-120
1.7378e+27	 6.5938e-16	 0.0000e+00	 6.5938e-16	 1.0000e-120	 1.0000e-120	 1.0000e-120	 1.0000e-120	 1.0000e-120	 1.0000e-120	 1.0000e-120	 1.0000e-120	 1.0000e-120
2.2909e+27	 2.0568e-16	 0.0000e+00	 2.0568e-16	 1.0000e-120	 1.0000e-120	 1.0000e-120	 1.0000e-120	 1.0000e-120	 1.0000e-120	 1.0000e-120	 1.0000e-120	 1.0000e-120
3.0200e+27	 2.7661e-57	 0.0000e+00	 2.7661e-57	 1.0000e-120	 1.0000e-120	 1.0000e-120	 1.0000e-120	 1.0000e-120	 1.0000e-120	 1.0000e-120	 1.0000e-120	 1.0000e-120
3.9811e+27	 8.0977e-102	 0.0000e+00	 8.0977e-102	 1.0000e-120	 1.0000e-120	 1.0000e-120	 1.0000e-120	 1.0000e-120	 1.0000e-120	 1.0000e-120	 1.0000e-120	 1.0000e-120
5.2481e+27	 0.0000e+00	 0.0000e+00	 0.0000e+00	 1.0000e-120	 1.0000e-120	 1.0000e-120	 1.0000e-120	 1.0000e-120	 1.0000e-120	 1.0000e-120	 1.0000e-120	 1.0000e-120
6.9183e+27	 0.0000e+00	 0.0000e+00	 0.0000e+00	 1.0000e-120	 1.0000e-120	 1.0000e-120	 1.0000e-120	 1.0000e-120	 1.0000e-120	 1.0000e-120	 1.0000e-120	 1.0000e-120
9.1201e+27	 0.0000e+00	 0.0000e+00	 0.0000e+00	 1.0000e-120	 1.0000e-120	 1.0000e-120	 1.0000e-120	 1.0000e-120	 1.0000e-120	 1.0000e-120	 1.0000e-120	 1.0000e-120
1.2023e+28	 0.0000e+00	 0.0000e+00	 0.0000e+00	 1.0000e-120	 1.0000e-120	 1.0000e-120	 1.0000e-120	 1.0000e-120	 1.0000e-120	 1.0000e-120	 1.0000e-120	 1.0000e-120
1.5849e+28	 0.0000e+00	 0.0000e+00	 0.0000e+00	 1.0000e-120	 1.0000e-120	 1.0000e-120	 1.0000e-120	 1.0000e-120	 1.0000e-120	 1.0000e-120	 1.0000e-120	 1.0000e-120
2.0893e+28	 0.0000e+00	 0.0000e+00	 0.0000e+00	 1.0000e-120	 1.0000e-120	 1.0000e-120	 1.0000e-120	 1.0000e-120	 1.0000e-120	 1.0000e-120	 1.0000e-120	 1.0000e-120
2.7542e+28	 0.0000e+00	 0.0000e+00	 0.0000e+00	 1.0000e-120	 1.0000e-120	 1.0000e-120	 1.0000e-120	 1.0000e-120	 1.0000e-120	 1.0000e-120	 1.0000e-120	 1.0000e-120
3.6308e+28	 0.0000e+00	 0.0000e+00	 0.0000e+00	 1.0000e-120	 1.0000e-120	 1.0000e-120	 1.0000e-120	 1.0000e-120	 1.0000e-120	 1.0000e-120	 1.0000e-120	 1.0000e-120
4.7863e+28	 0.0000e+00	 0.0000e+00	 0.0000e+00	 1.0000e-120	 1.0000e-120	 1.0000e-120	 1.0000e-120	 1.0000e-120	 1.0000e-120	 1.0000e-120	 1.0000e-120	 1.0000e-120
6.3096e+28	 0.0000e+00	 0.0000e+00	 0.0000e+00	 1.0000e-120	 1.0000e-120	 1.0000e-120	 1.0000e-120	 1.0000e-120	 1.0000e-120	 1.0000e-120	 1.0000e-120	 1.0000e-120
8.3176e+28	 0.0000e+00	 0.0000e+00	 0.0000e+00	 1.0000e-120	 1.0000e-120	 1.0000e-120	 1.0000e-120	 1.0000e-120	 1.0000e-120	 1.0000e-120	 1.0000e-120	 1.0000e-120
1.0965e+29	 0.0000e+00	 0.0000e+00	 0.0000e+00	 1.0000e-120	 1.0000e-120	 1.0000e-120	 1.0000e-120	 1.0000e-120	 1.0000e-120	 1.0000e-120	 1.0000e-120	 1.0000e-120
1.4454e+29	 0.0000e+00	 0.0000e+00	 0.0000e+00	 1.0000e-120	 1.0000e-120	 1.0000e-120	 1.0000e-120	 1.0000e-120	 1.0000e-120	 1.0000e-120	 1.0000e-120	 1.0000e-120
1.9055e+29	 0.0000e+00	 0.0000e+00	 0.0000e+00	 1.0000e-120	 1.0000e-120	 1.0000e-120	 1.0000e-120	 1.0000e-120	 1.0000e-120	 1.0000e-120	 1.0000e-120	 1.0000e-120
2.5119e+29	 0.0000e+00	 0.0000e+00	 0.0000e+00	 1.0000e-120	 1.0000e-120	 1.0000e-120	 1.0000e-120	 1.0000e-120	 1.0000e-120	 1.0000e-120	 1.0000e-120	 1.0000e-120
3.3113e+29	 0.0000e+00	 0.0000e+00	 0.0000e+00	 1.0000e-120	 1.0000e-120	 1.0000e-120	 1.0000e-120	 1.0000e-120	 1.0000e-120	 1.0000e-120	 1.0000e-120	 1.0000e-120
4.3652e+29	 0.0000e+00	 0.0000e+00	 0.0000e+00	 1.0000e-120	 1.0000e-120	 1.0000e-120	 1.0000e-120	 1.0000e-120	 1.0000e-120	 1.0000e-120	 1.0000e-120	 1.0000e-120
5.7544e+29	 0.0000e+00	 0.0000e+00	 0.0000e+00	 1.0000e-120	 1.0000e-120	 1.0000e-120	 1.0000e-120	 1.0000e-120	 1.0000e-120	 1.0000e-120	 1.0000e-120	 1.0000e-120
7.5858e+29	 0.0000e+00	 0.0000e+00	 0.0000e+00	 1.0000e-120	 1.0000e-120	 1.0000e-120	 1.0000e-120	 1.0000e-120	 1.0000e-120	 1.0000e-120	 1.0000e-120	 1.0000e-120
