########################################################################
#_src is in the AGN rest frame:cosmo                 
#nu_src  nuFnu_somma_src  nuFnu_Sync_src nuFnu_SSC_src nu_Fnu_Disk_src  nu_Fnu_DT_src nu_Fnu_Star_src nu_Fnu_EC_Disk_src nu_Fnu_EC_BLR_src nu_Fnu_EC_DT_src nu_Fnu_EC_Star_src nu_Fnu_EC_CMB_src  
########################################################################
6.0144e+00	 -6.5596e+01	 -6.5596e+01	 -6.5596e+01	 -6.5596e+01	 -6.5596e+01	 -6.5596e+01	 -6.5596e+01	 -6.5596e+01	 -6.5596e+01	 -6.5596e+01	 -6.5596e+01	 -6.5596e+01
6.1344e+00	 -6.5596e+01	 -6.5596e+01	 -6.5596e+01	 -6.5596e+01	 -6.5596e+01	 -6.5596e+01	 -6.5596e+01	 -6.5596e+01	 -6.5596e+01	 -6.5596e+01	 -6.5596e+01	 -6.5596e+01
6.2544e+00	 -6.5596e+01	 -6.5596e+01	 -6.5596e+01	 -6.5596e+01	 -6.5596e+01	 -6.5596e+01	 -6.5596e+01	 -6.5596e+01	 -6.5596e+01	 -6.5596e+01	 -6.5596e+01	 -6.5596e+01
6.3744e+00	 -6.5596e+01	 -6.5596e+01	 -6.5596e+01	 -6.5596e+01	 -6.5596e+01	 -6.5596e+01	 -6.5596e+01	 -6.5596e+01	 -6.5596e+01	 -6.5596e+01	 -6.5596e+01	 -6.5596e+01
6.4944e+00	 -6.5596e+01	 -6.5596e+01	 -6.5596e+01	 -6.5596e+01	 -6.5596e+01	 -6.5596e+01	 -6.5596e+01	 -6.5596e+01	 -6.5596e+01	 -6.5596e+01	 -6.5596e+01	 -6.5596e+01
6.6144e+00	 -6.5596e+01	 -6.5596e+01	 -6.5596e+01	 -6.5596e+01	 -6.5596e+01	 -6.5596e+01	 -6.5596e+01	 -6.5596e+01	 -6.5596e+01	 -6.5596e+01	 -6.5596e+01	 -6.5596e+01
6.7344e+00	 -6.5596e+01	 -6.5596e+01	 -6.5596e+01	 -6.5596e+01	 -6.5596e+01	 -6.5596e+01	 -6.5596e+01	 -6.5596e+01	 -6.5596e+01	 -6.5596e+01	 -6.5596e+01	 -6.5596e+01
6.8544e+00	 -6.5596e+01	 -6.5596e+01	 -6.5596e+01	 -6.5596e+01	 -6.5596e+01	 -6.5596e+01	 -6.5596e+01	 -6.5596e+01	 -6.5596e+01	 -6.5596e+01	 -6.5596e+01	 -6.5596e+01
6.9744e+00	 -6.5596e+01	 -6.5596e+01	 -6.5596e+01	 -6.5596e+01	 -6.5596e+01	 -6.5596e+01	 -6.5596e+01	 -6.5596e+01	 -6.5596e+01	 -6.5596e+01	 -6.5596e+01	 -6.5596e+01
7.0944e+00	 -6.5596e+01	 -6.5596e+01	 -6.5596e+01	 -6.5596e+01	 -6.5596e+01	 -6.5596e+01	 -6.5596e+01	 -6.5596e+01	 -6.5596e+01	 -6.5596e+01	 -6.5596e+01	 -6.5596e+01
7.2144e+00	 -6.5596e+01	 -6.5596e+01	 -6.5596e+01	 -6.5596e+01	 -6.5596e+01	 -6.5596e+01	 -6.5596e+01	 -6.5596e+01	 -6.5596e+01	 -6.5596e+01	 -6.5596e+01	 -6.5596e+01
7.3344e+00	 -6.5596e+01	 -6.5596e+01	 -6.5596e+01	 -6.5596e+01	 -6.5596e+01	 -6.5596e+01	 -6.5596e+01	 -6.5596e+01	 -6.5596e+01	 -6.5596e+01	 -6.5596e+01	 -6.5596e+01
7.4544e+00	 3.5483e+01	 3.5483e+01	 -6.5596e+01	 -6.5596e+01	 -6.5596e+01	 -6.5596e+01	 -6.5596e+01	 -6.5596e+01	 -6.5596e+01	 -6.5596e+01	 -6.5596e+01	 -6.5596e+01
7.5744e+00	 3.5837e+01	 3.5837e+01	 -6.5596e+01	 -6.5596e+01	 -6.5596e+01	 -6.5596e+01	 -6.5596e+01	 -6.5596e+01	 -6.5596e+01	 -6.5596e+01	 -6.5596e+01	 -6.5596e+01
7.6944e+00	 3.6185e+01	 3.6185e+01	 -6.5596e+01	 -6.5596e+01	 -6.5596e+01	 -6.5596e+01	 -6.5596e+01	 -6.5596e+01	 -6.5596e+01	 -6.5596e+01	 -6.5596e+01	 -6.5596e+01
7.8144e+00	 3.6504e+01	 3.6504e+01	 -6.5596e+01	 -6.5596e+01	 -6.5596e+01	 -6.5596e+01	 -6.5596e+01	 -6.5596e+01	 -6.5596e+01	 -6.5596e+01	 -6.5596e+01	 -6.5596e+01
7.9344e+00	 3.6823e+01	 3.6823e+01	 -6.5596e+01	 -6.5596e+01	 -6.5596e+01	 -6.5596e+01	 -6.5596e+01	 -6.5596e+01	 -6.5596e+01	 -6.5596e+01	 -6.5596e+01	 -6.5596e+01
8.0544e+00	 3.7080e+01	 3.7080e+01	 -6.5596e+01	 -6.5596e+01	 -6.5596e+01	 -6.5596e+01	 -6.5596e+01	 -6.5596e+01	 -6.5596e+01	 -6.5596e+01	 -6.5596e+01	 -6.5596e+01
8.1744e+00	 3.7329e+01	 3.7329e+01	 -6.5596e+01	 -6.5596e+01	 -6.5596e+01	 -6.5596e+01	 -6.5596e+01	 -6.5596e+01	 -6.5596e+01	 -6.5596e+01	 -6.5596e+01	 -6.5596e+01
8.2944e+00	 3.7548e+01	 3.7548e+01	 -6.5596e+01	 -6.5596e+01	 -6.5596e+01	 -6.5596e+01	 -6.5596e+01	 -6.5596e+01	 -6.5596e+01	 -6.5596e+01	 -6.5596e+01	 -6.5596e+01
8.4144e+00	 3.7745e+01	 3.7745e+01	 -6.5596e+01	 -6.5596e+01	 -6.5596e+01	 -6.5596e+01	 -6.5596e+01	 -6.5596e+01	 -6.5596e+01	 -6.5596e+01	 -6.5596e+01	 -6.5596e+01
8.5344e+00	 3.7935e+01	 3.7935e+01	 -6.5596e+01	 -6.5596e+01	 -6.5596e+01	 -6.5596e+01	 -6.5596e+01	 -6.5596e+01	 -6.5596e+01	 -6.5596e+01	 -6.5596e+01	 -6.5596e+01
8.6544e+00	 3.8108e+01	 3.8108e+01	 -6.5596e+01	 -6.5596e+01	 -6.5596e+01	 -6.5596e+01	 -6.5596e+01	 -6.5596e+01	 -6.5596e+01	 -6.5596e+01	 -6.5596e+01	 -6.5596e+01
8.7744e+00	 3.8282e+01	 3.8282e+01	 -6.5596e+01	 -6.5596e+01	 -6.5596e+01	 -6.5596e+01	 -6.5596e+01	 -6.5596e+01	 -6.5596e+01	 -6.5596e+01	 -6.5596e+01	 -6.5596e+01
8.8944e+00	 3.8446e+01	 3.8446e+01	 -6.5596e+01	 -6.5596e+01	 -6.5596e+01	 -6.5596e+01	 -6.5596e+01	 -6.5596e+01	 -6.5596e+01	 -6.5596e+01	 -6.5596e+01	 -6.5596e+01
9.0144e+00	 3.8611e+01	 3.8611e+01	 -6.5596e+01	 -6.5596e+01	 -6.5596e+01	 -6.5596e+01	 -6.5596e+01	 -6.5596e+01	 -6.5596e+01	 -6.5596e+01	 -6.5596e+01	 -6.5596e+01
9.1344e+00	 3.8773e+01	 3.8773e+01	 -6.5596e+01	 -6.5596e+01	 -6.5596e+01	 -6.5596e+01	 -6.5596e+01	 -6.5596e+01	 -6.5596e+01	 -6.5596e+01	 -6.5596e+01	 -6.5596e+01
9.2544e+00	 3.8934e+01	 3.8934e+01	 -6.5596e+01	 -6.5596e+01	 -6.5596e+01	 -6.5596e+01	 -6.5596e+01	 -6.5596e+01	 -6.5596e+01	 -6.5596e+01	 -6.5596e+01	 -6.5596e+01
9.3744e+00	 3.9095e+01	 3.9095e+01	 -6.5596e+01	 -6.5596e+01	 -6.5596e+01	 -6.5596e+01	 -6.5596e+01	 -6.5596e+01	 -6.5596e+01	 -6.5596e+01	 -6.5596e+01	 -6.5596e+01
9.4944e+00	 3.9254e+01	 3.9254e+01	 -6.5596e+01	 -6.5596e+01	 -6.5596e+01	 -6.5596e+01	 -6.5596e+01	 -6.5596e+01	 -6.5596e+01	 -6.5596e+01	 -6.5596e+01	 -6.5596e+01
9.6144e+00	 3.9414e+01	 3.9414e+01	 -6.5596e+01	 -6.5596e+01	 -6.5596e+01	 -6.5596e+01	 -6.5596e+01	 -6.5596e+01	 -6.5596e+01	 -6.5596e+01	 -6.5596e+01	 -6.5596e+01
9.7344e+00	 3.9573e+01	 3.9573e+01	 -6.5596e+01	 -6.5596e+01	 -6.5596e+01	 -6.5596e+01	 -6.5596e+01	 -6.5596e+01	 -6.5596e+01	 -6.5596e+01	 -6.5596e+01	 -6.5596e+01
9.8544e+00	 3.9732e+01	 3.9732e+01	 -6.5596e+01	 -6.5596e+01	 -6.5596e+01	 -6.5596e+01	 -6.5596e+01	 -6.5596e+01	 -6.5596e+01	 -6.5596e+01	 -6.5596e+01	 -6.5596e+01
9.9744e+00	 3.9890e+01	 3.9890e+01	 -6.5596e+01	 -6.5596e+01	 -6.5596e+01	 -6.5596e+01	 -6.5596e+01	 -6.5596e+01	 -6.5596e+01	 -6.5596e+01	 -6.5596e+01	 -6.5596e+01
1.0094e+01	 4.0048e+01	 4.0048e+01	 -6.5596e+01	 -6.5596e+01	 -6.5596e+01	 -6.5596e+01	 -6.5596e+01	 -6.5596e+01	 -6.5596e+01	 -6.5596e+01	 -6.5596e+01	 -6.5596e+01
1.0214e+01	 4.0205e+01	 4.0205e+01	 -6.5596e+01	 -6.5596e+01	 -6.5596e+01	 -6.5596e+01	 -6.5596e+01	 -6.5596e+01	 -6.5596e+01	 -6.5596e+01	 -6.5596e+01	 -6.5596e+01
1.0334e+01	 4.0362e+01	 4.0362e+01	 -6.5596e+01	 -6.5596e+01	 -6.5596e+01	 -6.5596e+01	 -6.5596e+01	 -6.5596e+01	 -6.5596e+01	 -6.5596e+01	 -6.5596e+01	 -6.5596e+01
1.0454e+01	 4.0518e+01	 4.0518e+01	 -6.5596e+01	 -6.5596e+01	 -6.5596e+01	 -6.5596e+01	 -6.5596e+01	 -6.5596e+01	 -6.5596e+01	 -6.5596e+01	 -6.5596e+01	 -6.5596e+01
1.0574e+01	 4.0673e+01	 4.0673e+01	 -6.5596e+01	 -6.5596e+01	 -6.5596e+01	 -6.5596e+01	 -6.5596e+01	 -6.5596e+01	 -6.5596e+01	 -6.5596e+01	 -6.5596e+01	 -6.5596e+01
1.0694e+01	 4.0828e+01	 4.0828e+01	 -6.5596e+01	 -6.5596e+01	 -6.5596e+01	 -6.5596e+01	 -6.5596e+01	 -6.5596e+01	 -6.5596e+01	 -6.5596e+01	 -6.5596e+01	 -6.5596e+01
1.0814e+01	 4.0981e+01	 4.0981e+01	 -6.5596e+01	 -6.5596e+01	 -6.5596e+01	 -6.5596e+01	 -6.5596e+01	 -6.5596e+01	 -6.5596e+01	 -6.5596e+01	 -6.5596e+01	 -6.5596e+01
1.0934e+01	 4.1133e+01	 4.1133e+01	 -6.5596e+01	 -6.5596e+01	 -6.5596e+01	 -6.5596e+01	 -6.5596e+01	 -6.5596e+01	 -6.5596e+01	 -6.5596e+01	 -6.5596e+01	 -6.5596e+01
1.1054e+01	 4.1282e+01	 4.1282e+01	 -6.5596e+01	 -6.5596e+01	 -6.5596e+01	 -6.5596e+01	 -6.5596e+01	 -6.5596e+01	 -6.5596e+01	 -6.5596e+01	 -6.5596e+01	 -6.5596e+01
1.1174e+01	 4.1430e+01	 4.1430e+01	 -6.5596e+01	 -6.5596e+01	 -6.5596e+01	 -6.5596e+01	 -6.5596e+01	 -6.5596e+01	 -6.5596e+01	 -6.5596e+01	 -6.5596e+01	 -6.5596e+01
1.1294e+01	 4.1575e+01	 4.1575e+01	 -6.5596e+01	 -6.5596e+01	 -6.5596e+01	 -6.5596e+01	 -6.5596e+01	 -6.5596e+01	 -6.5596e+01	 -6.5596e+01	 -6.5596e+01	 -6.5596e+01
1.1414e+01	 4.1715e+01	 4.1715e+01	 -6.5596e+01	 -6.5596e+01	 -6.5596e+01	 -6.5596e+01	 -6.5596e+01	 -6.5596e+01	 -6.5596e+01	 -6.5596e+01	 -6.5596e+01	 -6.5596e+01
1.1534e+01	 4.1856e+01	 4.1856e+01	 -6.5596e+01	 -6.5596e+01	 -6.5596e+01	 -6.5596e+01	 -6.5596e+01	 -6.5596e+01	 -6.5596e+01	 -6.5596e+01	 -6.5596e+01	 -6.5596e+01
1.1654e+01	 4.1984e+01	 4.1984e+01	 -6.5596e+01	 -6.5596e+01	 -6.5596e+01	 -6.5596e+01	 -6.5596e+01	 -6.5596e+01	 -6.5596e+01	 -6.5596e+01	 -6.5596e+01	 -6.5596e+01
1.1774e+01	 4.2113e+01	 4.2113e+01	 -6.5596e+01	 -6.5596e+01	 -6.5596e+01	 -6.5596e+01	 -6.5596e+01	 -6.5596e+01	 -6.5596e+01	 -6.5596e+01	 -6.5596e+01	 -6.5596e+01
1.1894e+01	 4.2229e+01	 4.2229e+01	 -6.5596e+01	 -6.5596e+01	 -6.5596e+01	 -6.5596e+01	 -6.5596e+01	 -6.5596e+01	 -6.5596e+01	 -6.5596e+01	 -6.5596e+01	 -6.5596e+01
1.2014e+01	 4.2339e+01	 4.2339e+01	 -6.5596e+01	 -6.5596e+01	 -6.5596e+01	 -6.5596e+01	 -6.5596e+01	 -6.5596e+01	 -6.5596e+01	 -6.5596e+01	 -6.5596e+01	 -6.5596e+01
1.2134e+01	 4.2441e+01	 4.2441e+01	 -6.5596e+01	 -6.5596e+01	 -6.5596e+01	 -6.5596e+01	 -6.5596e+01	 -6.5596e+01	 -6.5596e+01	 -6.5596e+01	 -6.5596e+01	 -6.5596e+01
1.2254e+01	 4.2527e+01	 4.2527e+01	 -6.5596e+01	 -6.5596e+01	 -6.5596e+01	 -6.5596e+01	 -6.5596e+01	 -6.5596e+01	 -6.5596e+01	 -6.5596e+01	 -6.5596e+01	 -6.5596e+01
1.2374e+01	 4.2611e+01	 4.2611e+01	 -6.5596e+01	 -6.5596e+01	 -6.5596e+01	 -6.5596e+01	 -6.5596e+01	 -6.5596e+01	 -6.5596e+01	 -6.5596e+01	 -6.5596e+01	 -6.5596e+01
1.2494e+01	 4.2672e+01	 4.2672e+01	 -6.5596e+01	 -6.5596e+01	 -6.5596e+01	 -6.5596e+01	 -6.5596e+01	 -6.5596e+01	 -6.5596e+01	 -6.5596e+01	 -6.5596e+01	 -6.5596e+01
1.2614e+01	 4.2733e+01	 4.2733e+01	 -6.5596e+01	 -6.5596e+01	 -6.5596e+01	 -6.5596e+01	 -6.5596e+01	 -6.5596e+01	 -6.5596e+01	 -6.5596e+01	 -6.5596e+01	 -6.5596e+01
1.2734e+01	 4.2784e+01	 4.2784e+01	 -6.5596e+01	 -6.5596e+01	 -6.5596e+01	 -6.5596e+01	 -6.5596e+01	 -6.5596e+01	 -6.5596e+01	 -6.5596e+01	 -6.5596e+01	 -6.5596e+01
1.2854e+01	 4.2831e+01	 4.2831e+01	 -6.5596e+01	 -6.5596e+01	 -6.5596e+01	 -6.5596e+01	 -6.5596e+01	 -6.5596e+01	 -6.5596e+01	 -6.5596e+01	 -6.5596e+01	 -6.5596e+01
1.2974e+01	 4.2877e+01	 4.2877e+01	 -6.5596e+01	 -6.5596e+01	 -6.5596e+01	 -6.5596e+01	 -6.5596e+01	 -6.5596e+01	 -6.5596e+01	 -6.5596e+01	 -6.5596e+01	 -6.5596e+01
1.3094e+01	 4.2922e+01	 4.2922e+01	 -6.5596e+01	 -6.5596e+01	 -6.5596e+01	 -6.5596e+01	 -6.5596e+01	 -6.5596e+01	 -6.5596e+01	 -6.5596e+01	 -6.5596e+01	 -6.5596e+01
1.3214e+01	 4.2966e+01	 4.2966e+01	 -6.5596e+01	 -6.5596e+01	 -6.5596e+01	 -6.5596e+01	 -6.5596e+01	 -6.5596e+01	 -6.5596e+01	 -6.5596e+01	 -6.5596e+01	 -6.5596e+01
1.3334e+01	 4.3010e+01	 4.3010e+01	 -6.5596e+01	 -6.5596e+01	 -6.5596e+01	 -6.5596e+01	 -6.5596e+01	 -6.5596e+01	 -6.5596e+01	 -6.5596e+01	 -6.5596e+01	 -6.5596e+01
1.3454e+01	 4.3055e+01	 4.3055e+01	 -6.5596e+01	 -6.5596e+01	 -6.5596e+01	 -6.5596e+01	 -6.5596e+01	 -6.5596e+01	 -6.5596e+01	 -6.5596e+01	 -6.5596e+01	 -6.5596e+01
1.3574e+01	 4.3099e+01	 4.3099e+01	 -6.5596e+01	 -6.5596e+01	 -6.5596e+01	 -6.5596e+01	 -6.5596e+01	 -6.5596e+01	 -6.5596e+01	 -6.5596e+01	 -6.5596e+01	 -6.5596e+01
1.3694e+01	 4.3143e+01	 4.3143e+01	 -6.5596e+01	 -6.5596e+01	 -6.5596e+01	 -6.5596e+01	 -6.5596e+01	 -6.5596e+01	 -6.5596e+01	 -6.5596e+01	 -6.5596e+01	 -6.5596e+01
1.3814e+01	 4.3186e+01	 4.3186e+01	 -6.5596e+01	 -6.5596e+01	 -6.5596e+01	 -6.5596e+01	 -6.5596e+01	 -6.5596e+01	 -6.5596e+01	 -6.5596e+01	 -6.5596e+01	 -6.5596e+01
1.3934e+01	 4.3230e+01	 4.3230e+01	 -6.5596e+01	 -6.5596e+01	 -6.5596e+01	 -6.5596e+01	 -6.5596e+01	 -6.5596e+01	 -6.5596e+01	 -6.5596e+01	 -6.5596e+01	 -6.5596e+01
1.4054e+01	 4.3273e+01	 4.3273e+01	 -6.5596e+01	 -6.5596e+01	 -6.5596e+01	 -6.5596e+01	 -6.5596e+01	 -6.5596e+01	 -6.5596e+01	 -6.5596e+01	 -6.5596e+01	 -6.5596e+01
1.4174e+01	 4.3316e+01	 4.3316e+01	 -6.5596e+01	 -6.5596e+01	 -6.5596e+01	 -6.5596e+01	 -6.5596e+01	 -6.5596e+01	 -6.5596e+01	 -6.5596e+01	 -6.5596e+01	 -6.5596e+01
1.4294e+01	 4.3360e+01	 4.3360e+01	 -6.5596e+01	 -6.5596e+01	 -6.5596e+01	 -6.5596e+01	 -6.5596e+01	 -6.5596e+01	 -6.5596e+01	 -6.5596e+01	 -6.5596e+01	 -6.5596e+01
1.4414e+01	 4.3402e+01	 4.3402e+01	 -6.5596e+01	 -6.5596e+01	 -6.5596e+01	 -6.5596e+01	 -6.5596e+01	 -6.5596e+01	 -6.5596e+01	 -6.5596e+01	 -6.5596e+01	 -6.5596e+01
1.4534e+01	 4.3444e+01	 4.3444e+01	 -6.5596e+01	 -6.5596e+01	 -6.5596e+01	 -6.5596e+01	 -6.5596e+01	 -6.5596e+01	 -6.5596e+01	 -6.5596e+01	 -6.5596e+01	 -6.5596e+01
1.4654e+01	 4.3486e+01	 4.3486e+01	 -6.5596e+01	 -6.5596e+01	 -6.5596e+01	 -6.5596e+01	 -6.5596e+01	 -6.5596e+01	 -6.5596e+01	 -6.5596e+01	 -6.5596e+01	 -6.5596e+01
1.4774e+01	 4.3527e+01	 4.3527e+01	 -6.5596e+01	 -6.5596e+01	 -6.5596e+01	 -6.5596e+01	 -6.5596e+01	 -6.5596e+01	 -6.5596e+01	 -6.5596e+01	 -6.5596e+01	 -6.5596e+01
1.4894e+01	 4.3568e+01	 4.3568e+01	 -6.5596e+01	 -6.5596e+01	 -6.5596e+01	 -6.5596e+01	 -6.5596e+01	 -6.5596e+01	 -6.5596e+01	 -6.5596e+01	 -6.5596e+01	 -6.5596e+01
1.5014e+01	 4.3609e+01	 4.3609e+01	 -6.5596e+01	 -6.5596e+01	 -6.5596e+01	 -6.5596e+01	 -6.5596e+01	 -6.5596e+01	 -6.5596e+01	 -6.5596e+01	 -6.5596e+01	 -6.5596e+01
1.5134e+01	 4.3649e+01	 4.3649e+01	 -6.5596e+01	 -6.5596e+01	 -6.5596e+01	 -6.5596e+01	 -6.5596e+01	 -6.5596e+01	 -6.5596e+01	 -6.5596e+01	 -6.5596e+01	 -6.5596e+01
1.5254e+01	 4.3687e+01	 4.3687e+01	 -6.5596e+01	 -6.5596e+01	 -6.5596e+01	 -6.5596e+01	 -6.5596e+01	 -6.5596e+01	 -6.5596e+01	 -6.5596e+01	 -6.5596e+01	 -6.5596e+01
1.5374e+01	 4.3726e+01	 4.3726e+01	 -6.5596e+01	 -6.5596e+01	 -6.5596e+01	 -6.5596e+01	 -6.5596e+01	 -6.5596e+01	 -6.5596e+01	 -6.5596e+01	 -6.5596e+01	 -6.5596e+01
1.5494e+01	 4.3763e+01	 4.3763e+01	 -6.5596e+01	 -6.5596e+01	 -6.5596e+01	 -6.5596e+01	 -6.5596e+01	 -6.5596e+01	 -6.5596e+01	 -6.5596e+01	 -6.5596e+01	 -6.5596e+01
1.5614e+01	 4.3799e+01	 4.3799e+01	 -6.5596e+01	 -6.5596e+01	 -6.5596e+01	 -6.5596e+01	 -6.5596e+01	 -6.5596e+01	 -6.5596e+01	 -6.5596e+01	 -6.5596e+01	 -6.5596e+01
1.5734e+01	 4.3834e+01	 4.3834e+01	 -6.5596e+01	 -6.5596e+01	 -6.5596e+01	 -6.5596e+01	 -6.5596e+01	 -6.5596e+01	 -6.5596e+01	 -6.5596e+01	 -6.5596e+01	 -6.5596e+01
1.5854e+01	 4.3868e+01	 4.3868e+01	 -6.5596e+01	 -6.5596e+01	 -6.5596e+01	 -6.5596e+01	 -6.5596e+01	 -6.5596e+01	 -6.5596e+01	 -6.5596e+01	 -6.5596e+01	 -6.5596e+01
1.5974e+01	 4.3901e+01	 4.3901e+01	 -6.5596e+01	 -6.5596e+01	 -6.5596e+01	 -6.5596e+01	 -6.5596e+01	 -6.5596e+01	 -6.5596e+01	 -6.5596e+01	 -6.5596e+01	 -6.5596e+01
1.6094e+01	 4.3931e+01	 4.3931e+01	 -6.5596e+01	 -6.5596e+01	 -6.5596e+01	 -6.5596e+01	 -6.5596e+01	 -6.5596e+01	 -6.5596e+01	 -6.5596e+01	 -6.5596e+01	 -6.5596e+01
1.6214e+01	 4.3961e+01	 4.3961e+01	 -6.5596e+01	 -6.5596e+01	 -6.5596e+01	 -6.5596e+01	 -6.5596e+01	 -6.5596e+01	 -6.5596e+01	 -6.5596e+01	 -6.5596e+01	 -6.5596e+01
1.6334e+01	 4.3987e+01	 4.3987e+01	 -6.5596e+01	 -6.5596e+01	 -6.5596e+01	 -6.5596e+01	 -6.5596e+01	 -6.5596e+01	 -6.5596e+01	 -6.5596e+01	 -6.5596e+01	 -6.5596e+01
1.6454e+01	 4.4013e+01	 4.4013e+01	 -6.5596e+01	 -6.5596e+01	 -6.5596e+01	 -6.5596e+01	 -6.5596e+01	 -6.5596e+01	 -6.5596e+01	 -6.5596e+01	 -6.5596e+01	 -6.5596e+01
1.6574e+01	 4.4035e+01	 4.4035e+01	 -6.5596e+01	 -6.5596e+01	 -6.5596e+01	 -6.5596e+01	 -6.5596e+01	 -6.5596e+01	 -6.5596e+01	 -6.5596e+01	 -6.5596e+01	 -6.5596e+01
1.6694e+01	 4.4055e+01	 4.4055e+01	 -6.5596e+01	 -6.5596e+01	 -6.5596e+01	 -6.5596e+01	 -6.5596e+01	 -6.5596e+01	 -6.5596e+01	 -6.5596e+01	 -6.5596e+01	 -6.5596e+01
1.6814e+01	 4.4072e+01	 4.4072e+01	 -6.5596e+01	 -6.5596e+01	 -6.5596e+01	 -6.5596e+01	 -6.5596e+01	 -6.5596e+01	 -6.5596e+01	 -6.5596e+01	 -6.5596e+01	 -6.5596e+01
1.6934e+01	 4.4085e+01	 4.4085e+01	 -6.5596e+01	 -6.5596e+01	 -6.5596e+01	 -6.5596e+01	 -6.5596e+01	 -6.5596e+01	 -6.5596e+01	 -6.5596e+01	 -6.5596e+01	 -6.5596e+01
1.7054e+01	 4.4097e+01	 4.4097e+01	 -6.5596e+01	 -6.5596e+01	 -6.5596e+01	 -6.5596e+01	 -6.5596e+01	 -6.5596e+01	 -6.5596e+01	 -6.5596e+01	 -6.5596e+01	 -6.5596e+01
1.7174e+01	 4.4100e+01	 4.4100e+01	 -6.5596e+01	 -6.5596e+01	 -6.5596e+01	 -6.5596e+01	 -6.5596e+01	 -6.5596e+01	 -6.5596e+01	 -6.5596e+01	 -6.5596e+01	 -6.5596e+01
1.7294e+01	 4.4103e+01	 4.4103e+01	 -6.5596e+01	 -6.5596e+01	 -6.5596e+01	 -6.5596e+01	 -6.5596e+01	 -6.5596e+01	 -6.5596e+01	 -6.5596e+01	 -6.5596e+01	 -6.5596e+01
1.7414e+01	 4.4098e+01	 4.4098e+01	 -6.5596e+01	 -6.5596e+01	 -6.5596e+01	 -6.5596e+01	 -6.5596e+01	 -6.5596e+01	 -6.5596e+01	 -6.5596e+01	 -6.5596e+01	 -6.5596e+01
1.7534e+01	 4.4089e+01	 4.4089e+01	 -6.5596e+01	 -6.5596e+01	 -6.5596e+01	 -6.5596e+01	 -6.5596e+01	 -6.5596e+01	 -6.5596e+01	 -6.5596e+01	 -6.5596e+01	 -6.5596e+01
1.7654e+01	 4.4075e+01	 4.4075e+01	 -6.5596e+01	 -6.5596e+01	 -6.5596e+01	 -6.5596e+01	 -6.5596e+01	 -6.5596e+01	 -6.5596e+01	 -6.5596e+01	 -6.5596e+01	 -6.5596e+01
1.7774e+01	 4.4051e+01	 4.4051e+01	 -6.5596e+01	 -6.5596e+01	 -6.5596e+01	 -6.5596e+01	 -6.5596e+01	 -6.5596e+01	 -6.5596e+01	 -6.5596e+01	 -6.5596e+01	 -6.5596e+01
1.7894e+01	 4.4026e+01	 4.4026e+01	 -6.5596e+01	 -6.5596e+01	 -6.5596e+01	 -6.5596e+01	 -6.5596e+01	 -6.5596e+01	 -6.5596e+01	 -6.5596e+01	 -6.5596e+01	 -6.5596e+01
1.8014e+01	 4.3984e+01	 4.3984e+01	 -6.5596e+01	 -6.5596e+01	 -6.5596e+01	 -6.5596e+01	 -6.5596e+01	 -6.5596e+01	 -6.5596e+01	 -6.5596e+01	 -6.5596e+01	 -6.5596e+01
1.8134e+01	 4.3942e+01	 4.3942e+01	 -6.5596e+01	 -6.5596e+01	 -6.5596e+01	 -6.5596e+01	 -6.5596e+01	 -6.5596e+01	 -6.5596e+01	 -6.5596e+01	 -6.5596e+01	 -6.5596e+01
1.8254e+01	 4.3882e+01	 4.3882e+01	 -6.5596e+01	 -6.5596e+01	 -6.5596e+01	 -6.5596e+01	 -6.5596e+01	 -6.5596e+01	 -6.5596e+01	 -6.5596e+01	 -6.5596e+01	 -6.5596e+01
1.8374e+01	 4.3816e+01	 4.3816e+01	 -6.5596e+01	 -6.5596e+01	 -6.5596e+01	 -6.5596e+01	 -6.5596e+01	 -6.5596e+01	 -6.5596e+01	 -6.5596e+01	 -6.5596e+01	 -6.5596e+01
1.8494e+01	 4.3737e+01	 4.3737e+01	 -6.5596e+01	 -6.5596e+01	 -6.5596e+01	 -6.5596e+01	 -6.5596e+01	 -6.5596e+01	 -6.5596e+01	 -6.5596e+01	 -6.5596e+01	 -6.5596e+01
1.8614e+01	 4.3642e+01	 4.3642e+01	 -6.5596e+01	 -6.5596e+01	 -6.5596e+01	 -6.5596e+01	 -6.5596e+01	 -6.5596e+01	 -6.5596e+01	 -6.5596e+01	 -6.5596e+01	 -6.5596e+01
1.8734e+01	 4.3540e+01	 4.3540e+01	 -6.5596e+01	 -6.5596e+01	 -6.5596e+01	 -6.5596e+01	 -6.5596e+01	 -6.5596e+01	 -6.5596e+01	 -6.5596e+01	 -6.5596e+01	 -6.5596e+01
1.8854e+01	 4.3405e+01	 4.3405e+01	 -6.5596e+01	 -6.5596e+01	 -6.5596e+01	 -6.5596e+01	 -6.5596e+01	 -6.5596e+01	 -6.5596e+01	 -6.5596e+01	 -6.5596e+01	 -6.5596e+01
1.8974e+01	 4.3269e+01	 4.3269e+01	 -6.5596e+01	 -6.5596e+01	 -6.5596e+01	 -6.5596e+01	 -6.5596e+01	 -6.5596e+01	 -6.5596e+01	 -6.5596e+01	 -6.5596e+01	 -6.5596e+01
1.9094e+01	 4.3081e+01	 4.3081e+01	 -6.5596e+01	 -6.5596e+01	 -6.5596e+01	 -6.5596e+01	 -6.5596e+01	 -6.5596e+01	 -6.5596e+01	 -6.5596e+01	 -6.5596e+01	 -6.5596e+01
1.9214e+01	 4.2885e+01	 4.2885e+01	 -6.5596e+01	 -6.5596e+01	 -6.5596e+01	 -6.5596e+01	 -6.5596e+01	 -6.5596e+01	 -6.5596e+01	 -6.5596e+01	 -6.5596e+01	 -6.5596e+01
1.9334e+01	 4.2629e+01	 4.2629e+01	 -6.5596e+01	 -6.5596e+01	 -6.5596e+01	 -6.5596e+01	 -6.5596e+01	 -6.5596e+01	 -6.5596e+01	 -6.5596e+01	 -6.5596e+01	 -6.5596e+01
1.9454e+01	 4.2327e+01	 4.2327e+01	 -6.5596e+01	 -6.5596e+01	 -6.5596e+01	 -6.5596e+01	 -6.5596e+01	 -6.5596e+01	 -6.5596e+01	 -6.5596e+01	 -6.5596e+01	 -6.5596e+01
1.9574e+01	 4.1971e+01	 4.1971e+01	 -6.5596e+01	 -6.5596e+01	 -6.5596e+01	 -6.5596e+01	 -6.5596e+01	 -6.5596e+01	 -6.5596e+01	 -6.5596e+01	 -6.5596e+01	 -6.5596e+01
1.9694e+01	 4.1464e+01	 4.1464e+01	 -6.5596e+01	 -6.5596e+01	 -6.5596e+01	 -6.5596e+01	 -6.5596e+01	 -6.5596e+01	 -6.5596e+01	 -6.5596e+01	 -6.5596e+01	 -6.5596e+01
1.9814e+01	 4.0957e+01	 4.0957e+01	 -6.5596e+01	 -6.5596e+01	 -6.5596e+01	 -6.5596e+01	 -6.5596e+01	 -6.5596e+01	 -6.5596e+01	 -6.5596e+01	 -6.5596e+01	 -6.5596e+01
1.9934e+01	 4.0066e+01	 4.0066e+01	 -6.5596e+01	 -6.5596e+01	 -6.5596e+01	 -6.5596e+01	 -6.5596e+01	 -6.5596e+01	 -6.5596e+01	 -6.5596e+01	 -6.5596e+01	 -6.5596e+01
2.0054e+01	 3.9158e+01	 3.9158e+01	 -6.5596e+01	 -6.5596e+01	 -6.5596e+01	 -6.5596e+01	 -6.5596e+01	 -6.5596e+01	 -6.5596e+01	 -6.5596e+01	 -6.5596e+01	 -6.5596e+01
2.0174e+01	 3.7740e+01	 3.7740e+01	 -6.5596e+01	 -6.5596e+01	 -6.5596e+01	 -6.5596e+01	 -6.5596e+01	 -6.5596e+01	 -6.5596e+01	 -6.5596e+01	 -6.5596e+01	 -6.5596e+01
2.0294e+01	 3.6056e+01	 3.6056e+01	 -6.5596e+01	 -6.5596e+01	 -6.5596e+01	 -6.5596e+01	 -6.5596e+01	 -6.5596e+01	 -6.5596e+01	 -6.5596e+01	 -6.5596e+01	 -6.5596e+01
2.0414e+01	 3.3845e+01	 3.3845e+01	 -6.5596e+01	 -6.5596e+01	 -6.5596e+01	 -6.5596e+01	 -6.5596e+01	 -6.5596e+01	 -6.5596e+01	 -6.5596e+01	 -6.5596e+01	 -6.5596e+01
2.0534e+01	 3.0682e+01	 3.0682e+01	 -6.5596e+01	 -6.5596e+01	 -6.5596e+01	 -6.5596e+01	 -6.5596e+01	 -6.5596e+01	 -6.5596e+01	 -6.5596e+01	 -6.5596e+01	 -6.5596e+01
2.0654e+01	 -6.5596e+01	 -6.5596e+01	 -6.5596e+01	 -6.5596e+01	 -6.5596e+01	 -6.5596e+01	 -6.5596e+01	 -6.5596e+01	 -6.5596e+01	 -6.5596e+01	 -6.5596e+01	 -6.5596e+01
2.0774e+01	 -6.5596e+01	 -6.5596e+01	 -6.5596e+01	 -6.5596e+01	 -6.5596e+01	 -6.5596e+01	 -6.5596e+01	 -6.5596e+01	 -6.5596e+01	 -6.5596e+01	 -6.5596e+01	 -6.5596e+01
2.0894e+01	 -6.5596e+01	 -6.5596e+01	 -6.5596e+01	 -6.5596e+01	 -6.5596e+01	 -6.5596e+01	 -6.5596e+01	 -6.5596e+01	 -6.5596e+01	 -6.5596e+01	 -6.5596e+01	 -6.5596e+01
2.1014e+01	 -6.5596e+01	 -6.5596e+01	 -6.5596e+01	 -6.5596e+01	 -6.5596e+01	 -6.5596e+01	 -6.5596e+01	 -6.5596e+01	 -6.5596e+01	 -6.5596e+01	 -6.5596e+01	 -6.5596e+01
2.1134e+01	 -6.5596e+01	 -6.5596e+01	 -6.5596e+01	 -6.5596e+01	 -6.5596e+01	 -6.5596e+01	 -6.5596e+01	 -6.5596e+01	 -6.5596e+01	 -6.5596e+01	 -6.5596e+01	 -6.5596e+01
2.1254e+01	 -6.5596e+01	 -6.5596e+01	 -6.5596e+01	 -6.5596e+01	 -6.5596e+01	 -6.5596e+01	 -6.5596e+01	 -6.5596e+01	 -6.5596e+01	 -6.5596e+01	 -6.5596e+01	 -6.5596e+01
2.1374e+01	 -6.5596e+01	 -6.5596e+01	 -6.5596e+01	 -6.5596e+01	 -6.5596e+01	 -6.5596e+01	 -6.5596e+01	 -6.5596e+01	 -6.5596e+01	 -6.5596e+01	 -6.5596e+01	 -6.5596e+01
2.1494e+01	 -6.5596e+01	 -6.5596e+01	 -6.5596e+01	 -6.5596e+01	 -6.5596e+01	 -6.5596e+01	 -6.5596e+01	 -6.5596e+01	 -6.5596e+01	 -6.5596e+01	 -6.5596e+01	 -6.5596e+01
2.1614e+01	 -6.5596e+01	 -6.5596e+01	 -6.5596e+01	 -6.5596e+01	 -6.5596e+01	 -6.5596e+01	 -6.5596e+01	 -6.5596e+01	 -6.5596e+01	 -6.5596e+01	 -6.5596e+01	 -6.5596e+01
2.1734e+01	 -6.5596e+01	 -6.5596e+01	 -6.5596e+01	 -6.5596e+01	 -6.5596e+01	 -6.5596e+01	 -6.5596e+01	 -6.5596e+01	 -6.5596e+01	 -6.5596e+01	 -6.5596e+01	 -6.5596e+01
2.1854e+01	 -6.5596e+01	 -6.5596e+01	 -6.5596e+01	 -6.5596e+01	 -6.5596e+01	 -6.5596e+01	 -6.5596e+01	 -6.5596e+01	 -6.5596e+01	 -6.5596e+01	 -6.5596e+01	 -6.5596e+01
2.1974e+01	 -6.5596e+01	 -6.5596e+01	 -6.5596e+01	 -6.5596e+01	 -6.5596e+01	 -6.5596e+01	 -6.5596e+01	 -6.5596e+01	 -6.5596e+01	 -6.5596e+01	 -6.5596e+01	 -6.5596e+01
2.2094e+01	 -6.5596e+01	 -6.5596e+01	 -6.5596e+01	 -6.5596e+01	 -6.5596e+01	 -6.5596e+01	 -6.5596e+01	 -6.5596e+01	 -6.5596e+01	 -6.5596e+01	 -6.5596e+01	 -6.5596e+01
2.2214e+01	 -6.5596e+01	 -6.5596e+01	 -6.5596e+01	 -6.5596e+01	 -6.5596e+01	 -6.5596e+01	 -6.5596e+01	 -6.5596e+01	 -6.5596e+01	 -6.5596e+01	 -6.5596e+01	 -6.5596e+01
2.2334e+01	 -6.5596e+01	 -6.5596e+01	 -6.5596e+01	 -6.5596e+01	 -6.5596e+01	 -6.5596e+01	 -6.5596e+01	 -6.5596e+01	 -6.5596e+01	 -6.5596e+01	 -6.5596e+01	 -6.5596e+01
2.2454e+01	 -6.5596e+01	 -6.5596e+01	 -6.5596e+01	 -6.5596e+01	 -6.5596e+01	 -6.5596e+01	 -6.5596e+01	 -6.5596e+01	 -6.5596e+01	 -6.5596e+01	 -6.5596e+01	 -6.5596e+01
2.2574e+01	 -6.5596e+01	 -6.5596e+01	 -6.5596e+01	 -6.5596e+01	 -6.5596e+01	 -6.5596e+01	 -6.5596e+01	 -6.5596e+01	 -6.5596e+01	 -6.5596e+01	 -6.5596e+01	 -6.5596e+01
2.2694e+01	 -6.5596e+01	 -6.5596e+01	 -6.5596e+01	 -6.5596e+01	 -6.5596e+01	 -6.5596e+01	 -6.5596e+01	 -6.5596e+01	 -6.5596e+01	 -6.5596e+01	 -6.5596e+01	 -6.5596e+01
2.2814e+01	 -6.5596e+01	 -6.5596e+01	 -6.5596e+01	 -6.5596e+01	 -6.5596e+01	 -6.5596e+01	 -6.5596e+01	 -6.5596e+01	 -6.5596e+01	 -6.5596e+01	 -6.5596e+01	 -6.5596e+01
2.2934e+01	 -6.5596e+01	 -6.5596e+01	 -6.5596e+01	 -6.5596e+01	 -6.5596e+01	 -6.5596e+01	 -6.5596e+01	 -6.5596e+01	 -6.5596e+01	 -6.5596e+01	 -6.5596e+01	 -6.5596e+01
2.3054e+01	 -6.5596e+01	 -6.5596e+01	 -6.5596e+01	 -6.5596e+01	 -6.5596e+01	 -6.5596e+01	 -6.5596e+01	 -6.5596e+01	 -6.5596e+01	 -6.5596e+01	 -6.5596e+01	 -6.5596e+01
2.3174e+01	 -6.5596e+01	 -6.5596e+01	 -6.5596e+01	 -6.5596e+01	 -6.5596e+01	 -6.5596e+01	 -6.5596e+01	 -6.5596e+01	 -6.5596e+01	 -6.5596e+01	 -6.5596e+01	 -6.5596e+01
2.3294e+01	 -6.5596e+01	 -6.5596e+01	 -6.5596e+01	 -6.5596e+01	 -6.5596e+01	 -6.5596e+01	 -6.5596e+01	 -6.5596e+01	 -6.5596e+01	 -6.5596e+01	 -6.5596e+01	 -6.5596e+01
2.3414e+01	 -6.5596e+01	 -6.5596e+01	 -6.5596e+01	 -6.5596e+01	 -6.5596e+01	 -6.5596e+01	 -6.5596e+01	 -6.5596e+01	 -6.5596e+01	 -6.5596e+01	 -6.5596e+01	 -6.5596e+01
2.3534e+01	 -6.5596e+01	 -6.5596e+01	 -6.5596e+01	 -6.5596e+01	 -6.5596e+01	 -6.5596e+01	 -6.5596e+01	 -6.5596e+01	 -6.5596e+01	 -6.5596e+01	 -6.5596e+01	 -6.5596e+01
2.3654e+01	 -6.5596e+01	 -6.5596e+01	 -6.5596e+01	 -6.5596e+01	 -6.5596e+01	 -6.5596e+01	 -6.5596e+01	 -6.5596e+01	 -6.5596e+01	 -6.5596e+01	 -6.5596e+01	 -6.5596e+01
2.3774e+01	 -6.5596e+01	 -6.5596e+01	 -6.5596e+01	 -6.5596e+01	 -6.5596e+01	 -6.5596e+01	 -6.5596e+01	 -6.5596e+01	 -6.5596e+01	 -6.5596e+01	 -6.5596e+01	 -6.5596e+01
2.3894e+01	 -6.5596e+01	 -6.5596e+01	 -6.5596e+01	 -6.5596e+01	 -6.5596e+01	 -6.5596e+01	 -6.5596e+01	 -6.5596e+01	 -6.5596e+01	 -6.5596e+01	 -6.5596e+01	 -6.5596e+01
2.4014e+01	 -6.5596e+01	 -6.5596e+01	 -6.5596e+01	 -6.5596e+01	 -6.5596e+01	 -6.5596e+01	 -6.5596e+01	 -6.5596e+01	 -6.5596e+01	 -6.5596e+01	 -6.5596e+01	 -6.5596e+01
2.4134e+01	 -6.5596e+01	 -6.5596e+01	 -6.5596e+01	 -6.5596e+01	 -6.5596e+01	 -6.5596e+01	 -6.5596e+01	 -6.5596e+01	 -6.5596e+01	 -6.5596e+01	 -6.5596e+01	 -6.5596e+01
2.4254e+01	 -6.5596e+01	 -6.5596e+01	 -6.5596e+01	 -6.5596e+01	 -6.5596e+01	 -6.5596e+01	 -6.5596e+01	 -6.5596e+01	 -6.5596e+01	 -6.5596e+01	 -6.5596e+01	 -6.5596e+01
2.4374e+01	 -6.5596e+01	 -6.5596e+01	 -6.5596e+01	 -6.5596e+01	 -6.5596e+01	 -6.5596e+01	 -6.5596e+01	 -6.5596e+01	 -6.5596e+01	 -6.5596e+01	 -6.5596e+01	 -6.5596e+01
2.4494e+01	 -6.5596e+01	 -6.5596e+01	 -6.5596e+01	 -6.5596e+01	 -6.5596e+01	 -6.5596e+01	 -6.5596e+01	 -6.5596e+01	 -6.5596e+01	 -6.5596e+01	 -6.5596e+01	 -6.5596e+01
2.4614e+01	 -6.5596e+01	 -6.5596e+01	 -6.5596e+01	 -6.5596e+01	 -6.5596e+01	 -6.5596e+01	 -6.5596e+01	 -6.5596e+01	 -6.5596e+01	 -6.5596e+01	 -6.5596e+01	 -6.5596e+01
2.4734e+01	 -6.5596e+01	 -6.5596e+01	 -6.5596e+01	 -6.5596e+01	 -6.5596e+01	 -6.5596e+01	 -6.5596e+01	 -6.5596e+01	 -6.5596e+01	 -6.5596e+01	 -6.5596e+01	 -6.5596e+01
2.4854e+01	 -6.5596e+01	 -6.5596e+01	 -6.5596e+01	 -6.5596e+01	 -6.5596e+01	 -6.5596e+01	 -6.5596e+01	 -6.5596e+01	 -6.5596e+01	 -6.5596e+01	 -6.5596e+01	 -6.5596e+01
2.4974e+01	 -6.5596e+01	 -6.5596e+01	 -6.5596e+01	 -6.5596e+01	 -6.5596e+01	 -6.5596e+01	 -6.5596e+01	 -6.5596e+01	 -6.5596e+01	 -6.5596e+01	 -6.5596e+01	 -6.5596e+01
2.5094e+01	 -6.5596e+01	 -6.5596e+01	 -6.5596e+01	 -6.5596e+01	 -6.5596e+01	 -6.5596e+01	 -6.5596e+01	 -6.5596e+01	 -6.5596e+01	 -6.5596e+01	 -6.5596e+01	 -6.5596e+01
2.5214e+01	 -6.5596e+01	 -6.5596e+01	 -6.5596e+01	 -6.5596e+01	 -6.5596e+01	 -6.5596e+01	 -6.5596e+01	 -6.5596e+01	 -6.5596e+01	 -6.5596e+01	 -6.5596e+01	 -6.5596e+01
2.5334e+01	 -6.5596e+01	 -6.5596e+01	 -6.5596e+01	 -6.5596e+01	 -6.5596e+01	 -6.5596e+01	 -6.5596e+01	 -6.5596e+01	 -6.5596e+01	 -6.5596e+01	 -6.5596e+01	 -6.5596e+01
2.5454e+01	 -6.5596e+01	 -6.5596e+01	 -6.5596e+01	 -6.5596e+01	 -6.5596e+01	 -6.5596e+01	 -6.5596e+01	 -6.5596e+01	 -6.5596e+01	 -6.5596e+01	 -6.5596e+01	 -6.5596e+01
2.5574e+01	 -6.5596e+01	 -6.5596e+01	 -6.5596e+01	 -6.5596e+01	 -6.5596e+01	 -6.5596e+01	 -6.5596e+01	 -6.5596e+01	 -6.5596e+01	 -6.5596e+01	 -6.5596e+01	 -6.5596e+01
2.5694e+01	 -6.5596e+01	 -6.5596e+01	 -6.5596e+01	 -6.5596e+01	 -6.5596e+01	 -6.5596e+01	 -6.5596e+01	 -6.5596e+01	 -6.5596e+01	 -6.5596e+01	 -6.5596e+01	 -6.5596e+01
2.5814e+01	 -6.5596e+01	 -6.5596e+01	 -6.5596e+01	 -6.5596e+01	 -6.5596e+01	 -6.5596e+01	 -6.5596e+01	 -6.5596e+01	 -6.5596e+01	 -6.5596e+01	 -6.5596e+01	 -6.5596e+01
2.5934e+01	 -6.5596e+01	 -6.5596e+01	 -6.5596e+01	 -6.5596e+01	 -6.5596e+01	 -6.5596e+01	 -6.5596e+01	 -6.5596e+01	 -6.5596e+01	 -6.5596e+01	 -6.5596e+01	 -6.5596e+01
2.6054e+01	 -6.5596e+01	 -6.5596e+01	 -6.5596e+01	 -6.5596e+01	 -6.5596e+01	 -6.5596e+01	 -6.5596e+01	 -6.5596e+01	 -6.5596e+01	 -6.5596e+01	 -6.5596e+01	 -6.5596e+01
2.6174e+01	 -6.5596e+01	 -6.5596e+01	 -6.5596e+01	 -6.5596e+01	 -6.5596e+01	 -6.5596e+01	 -6.5596e+01	 -6.5596e+01	 -6.5596e+01	 -6.5596e+01	 -6.5596e+01	 -6.5596e+01
2.6294e+01	 -6.5596e+01	 -6.5596e+01	 -6.5596e+01	 -6.5596e+01	 -6.5596e+01	 -6.5596e+01	 -6.5596e+01	 -6.5596e+01	 -6.5596e+01	 -6.5596e+01	 -6.5596e+01	 -6.5596e+01
2.6414e+01	 -6.5596e+01	 -6.5596e+01	 -6.5596e+01	 -6.5596e+01	 -6.5596e+01	 -6.5596e+01	 -6.5596e+01	 -6.5596e+01	 -6.5596e+01	 -6.5596e+01	 -6.5596e+01	 -6.5596e+01
2.6534e+01	 -6.5596e+01	 -6.5596e+01	 -6.5596e+01	 -6.5596e+01	 -6.5596e+01	 -6.5596e+01	 -6.5596e+01	 -6.5596e+01	 -6.5596e+01	 -6.5596e+01	 -6.5596e+01	 -6.5596e+01
2.6654e+01	 -6.5596e+01	 -6.5596e+01	 -6.5596e+01	 -6.5596e+01	 -6.5596e+01	 -6.5596e+01	 -6.5596e+01	 -6.5596e+01	 -6.5596e+01	 -6.5596e+01	 -6.5596e+01	 -6.5596e+01
2.6774e+01	 -6.5596e+01	 -6.5596e+01	 -6.5596e+01	 -6.5596e+01	 -6.5596e+01	 -6.5596e+01	 -6.5596e+01	 -6.5596e+01	 -6.5596e+01	 -6.5596e+01	 -6.5596e+01	 -6.5596e+01
2.6894e+01	 -6.5596e+01	 -6.5596e+01	 -6.5596e+01	 -6.5596e+01	 -6.5596e+01	 -6.5596e+01	 -6.5596e+01	 -6.5596e+01	 -6.5596e+01	 -6.5596e+01	 -6.5596e+01	 -6.5596e+01
2.7014e+01	 -6.5596e+01	 -6.5596e+01	 -6.5596e+01	 -6.5596e+01	 -6.5596e+01	 -6.5596e+01	 -6.5596e+01	 -6.5596e+01	 -6.5596e+01	 -6.5596e+01	 -6.5596e+01	 -6.5596e+01
2.7134e+01	 -6.5596e+01	 -6.5596e+01	 -6.5596e+01	 -6.5596e+01	 -6.5596e+01	 -6.5596e+01	 -6.5596e+01	 -6.5596e+01	 -6.5596e+01	 -6.5596e+01	 -6.5596e+01	 -6.5596e+01
2.7254e+01	 -6.5596e+01	 -6.5596e+01	 -6.5596e+01	 -6.5596e+01	 -6.5596e+01	 -6.5596e+01	 -6.5596e+01	 -6.5596e+01	 -6.5596e+01	 -6.5596e+01	 -6.5596e+01	 -6.5596e+01
2.7374e+01	 -6.5596e+01	 -6.5596e+01	 -6.5596e+01	 -6.5596e+01	 -6.5596e+01	 -6.5596e+01	 -6.5596e+01	 -6.5596e+01	 -6.5596e+01	 -6.5596e+01	 -6.5596e+01	 -6.5596e+01
2.7494e+01	 -6.5596e+01	 -6.5596e+01	 -6.5596e+01	 -6.5596e+01	 -6.5596e+01	 -6.5596e+01	 -6.5596e+01	 -6.5596e+01	 -6.5596e+01	 -6.5596e+01	 -6.5596e+01	 -6.5596e+01
2.7614e+01	 -6.5596e+01	 -6.5596e+01	 -6.5596e+01	 -6.5596e+01	 -6.5596e+01	 -6.5596e+01	 -6.5596e+01	 -6.5596e+01	 -6.5596e+01	 -6.5596e+01	 -6.5596e+01	 -6.5596e+01
2.7734e+01	 -6.5596e+01	 -6.5596e+01	 -6.5596e+01	 -6.5596e+01	 -6.5596e+01	 -6.5596e+01	 -6.5596e+01	 -6.5596e+01	 -6.5596e+01	 -6.5596e+01	 -6.5596e+01	 -6.5596e+01
2.7854e+01	 -6.5596e+01	 -6.5596e+01	 -6.5596e+01	 -6.5596e+01	 -6.5596e+01	 -6.5596e+01	 -6.5596e+01	 -6.5596e+01	 -6.5596e+01	 -6.5596e+01	 -6.5596e+01	 -6.5596e+01
2.7974e+01	 -6.5596e+01	 -6.5596e+01	 -6.5596e+01	 -6.5596e+01	 -6.5596e+01	 -6.5596e+01	 -6.5596e+01	 -6.5596e+01	 -6.5596e+01	 -6.5596e+01	 -6.5596e+01	 -6.5596e+01
2.8094e+01	 -6.5596e+01	 -6.5596e+01	 -6.5596e+01	 -6.5596e+01	 -6.5596e+01	 -6.5596e+01	 -6.5596e+01	 -6.5596e+01	 -6.5596e+01	 -6.5596e+01	 -6.5596e+01	 -6.5596e+01
2.8214e+01	 -6.5596e+01	 -6.5596e+01	 -6.5596e+01	 -6.5596e+01	 -6.5596e+01	 -6.5596e+01	 -6.5596e+01	 -6.5596e+01	 -6.5596e+01	 -6.5596e+01	 -6.5596e+01	 -6.5596e+01
2.8334e+01	 -6.5596e+01	 -6.5596e+01	 -6.5596e+01	 -6.5596e+01	 -6.5596e+01	 -6.5596e+01	 -6.5596e+01	 -6.5596e+01	 -6.5596e+01	 -6.5596e+01	 -6.5596e+01	 -6.5596e+01
2.8454e+01	 -6.5596e+01	 -6.5596e+01	 -6.5596e+01	 -6.5596e+01	 -6.5596e+01	 -6.5596e+01	 -6.5596e+01	 -6.5596e+01	 -6.5596e+01	 -6.5596e+01	 -6.5596e+01	 -6.5596e+01
2.8574e+01	 -6.5596e+01	 -6.5596e+01	 -6.5596e+01	 -6.5596e+01	 -6.5596e+01	 -6.5596e+01	 -6.5596e+01	 -6.5596e+01	 -6.5596e+01	 -6.5596e+01	 -6.5596e+01	 -6.5596e+01
2.8694e+01	 -6.5596e+01	 -6.5596e+01	 -6.5596e+01	 -6.5596e+01	 -6.5596e+01	 -6.5596e+01	 -6.5596e+01	 -6.5596e+01	 -6.5596e+01	 -6.5596e+01	 -6.5596e+01	 -6.5596e+01
2.8814e+01	 -6.5596e+01	 -6.5596e+01	 -6.5596e+01	 -6.5596e+01	 -6.5596e+01	 -6.5596e+01	 -6.5596e+01	 -6.5596e+01	 -6.5596e+01	 -6.5596e+01	 -6.5596e+01	 -6.5596e+01
2.8934e+01	 -6.5596e+01	 -6.5596e+01	 -6.5596e+01	 -6.5596e+01	 -6.5596e+01	 -6.5596e+01	 -6.5596e+01	 -6.5596e+01	 -6.5596e+01	 -6.5596e+01	 -6.5596e+01	 -6.5596e+01
2.9054e+01	 -6.5596e+01	 -6.5596e+01	 -6.5596e+01	 -6.5596e+01	 -6.5596e+01	 -6.5596e+01	 -6.5596e+01	 -6.5596e+01	 -6.5596e+01	 -6.5596e+01	 -6.5596e+01	 -6.5596e+01
2.9174e+01	 -6.5596e+01	 -6.5596e+01	 -6.5596e+01	 -6.5596e+01	 -6.5596e+01	 -6.5596e+01	 -6.5596e+01	 -6.5596e+01	 -6.5596e+01	 -6.5596e+01	 -6.5596e+01	 -6.5596e+01
2.9294e+01	 -6.5596e+01	 -6.5596e+01	 -6.5596e+01	 -6.5596e+01	 -6.5596e+01	 -6.5596e+01	 -6.5596e+01	 -6.5596e+01	 -6.5596e+01	 -6.5596e+01	 -6.5596e+01	 -6.5596e+01
2.9414e+01	 -6.5596e+01	 -6.5596e+01	 -6.5596e+01	 -6.5596e+01	 -6.5596e+01	 -6.5596e+01	 -6.5596e+01	 -6.5596e+01	 -6.5596e+01	 -6.5596e+01	 -6.5596e+01	 -6.5596e+01
2.9534e+01	 -6.5596e+01	 -6.5596e+01	 -6.5596e+01	 -6.5596e+01	 -6.5596e+01	 -6.5596e+01	 -6.5596e+01	 -6.5596e+01	 -6.5596e+01	 -6.5596e+01	 -6.5596e+01	 -6.5596e+01
2.9654e+01	 -6.5596e+01	 -6.5596e+01	 -6.5596e+01	 -6.5596e+01	 -6.5596e+01	 -6.5596e+01	 -6.5596e+01	 -6.5596e+01	 -6.5596e+01	 -6.5596e+01	 -6.5596e+01	 -6.5596e+01
2.9774e+01	 -6.5596e+01	 -6.5596e+01	 -6.5596e+01	 -6.5596e+01	 -6.5596e+01	 -6.5596e+01	 -6.5596e+01	 -6.5596e+01	 -6.5596e+01	 -6.5596e+01	 -6.5596e+01	 -6.5596e+01
2.9894e+01	 -6.5596e+01	 -6.5596e+01	 -6.5596e+01	 -6.5596e+01	 -6.5596e+01	 -6.5596e+01	 -6.5596e+01	 -6.5596e+01	 -6.5596e+01	 -6.5596e+01	 -6.5596e+01	 -6.5596e+01
