#######################################################################################################
#_obs is as observed from the earth: beaming+cosmo   
#_src is in the AGN rest frame     :cosmo         
#_blob is in the blob rest frame                   
# log(nu_obs)|  log(nu_obs*F_nu_obs)|  nu_obs| nu_obs*F_nu_obs|   nu_src| nu_src*L_nu_src|  nu_blob| nu_blob*L_nu_blob|     
#######################################################################################################
7.3836e+00	 -1.9088e+01	 2.4187e+07	 8.1747e-20	2.5000e+07	2.0745e+35	1.0000e+06	5.3347e+29 
7.6596e+00	 -1.8274e+01	 4.5669e+07	 5.3206e-19	4.7203e+07	1.3502e+36	1.8881e+06	3.4970e+30 
7.9357e+00	 -1.7540e+01	 8.6229e+07	 2.8827e-18	8.9127e+07	7.3155e+36	3.5651e+06	1.7330e+31 
8.2117e+00	 -1.6968e+01	 1.6281e+08	 1.0754e-17	1.6828e+08	2.7291e+37	6.7313e+06	5.7634e+31 
8.4877e+00	 -1.6516e+01	 3.0741e+08	 3.0475e-17	3.1774e+08	7.7336e+37	1.2710e+07	1.5395e+32 
8.7638e+00	 -1.6117e+01	 5.8044e+08	 7.6319e-17	5.9994e+08	1.9368e+38	2.3998e+07	3.7668e+32 
9.0398e+00	 -1.5739e+01	 1.0959e+09	 1.8233e-16	1.1328e+09	4.6269e+38	4.5311e+07	8.9238e+32 
9.3158e+00	 -1.5369e+01	 2.0693e+09	 4.2797e-16	2.1388e+09	1.0860e+39	8.5553e+07	2.0885e+33 
9.5919e+00	 -1.5001e+01	 3.9071e+09	 9.9711e-16	4.0384e+09	2.5304e+39	1.6154e+08	4.8609e+33 
9.8679e+00	 -1.4636e+01	 7.3772e+09	 2.3126e-15	7.6250e+09	5.8687e+39	3.0500e+08	1.1270e+34 
1.0144e+01	 -1.4273e+01	 1.3929e+10	 5.3391e-15	1.4397e+10	1.3549e+40	5.7588e+08	2.6015e+34 
1.0420e+01	 -1.3912e+01	 2.6300e+10	 1.2248e-14	2.7184e+10	3.1081e+40	1.0873e+09	5.9679e+34 
1.0696e+01	 -1.3556e+01	 4.9658e+10	 2.7828e-14	5.1327e+10	7.0620e+40	2.0531e+09	1.3559e+35 
1.0972e+01	 -1.3206e+01	 9.3761e+10	 6.2273e-14	9.6911e+10	1.5803e+41	3.8765e+09	3.0342e+35 
1.1248e+01	 -1.2866e+01	 1.7703e+11	 1.3601e-13	1.8298e+11	3.4514e+41	7.3193e+09	6.6267e+35 
1.1524e+01	 -1.2544e+01	 3.3426e+11	 2.8565e-13	3.4550e+11	7.2490e+41	1.3820e+10	1.3918e+36 
1.1800e+01	 -1.2249e+01	 6.3114e+11	 5.6368e-13	6.5234e+11	1.4304e+42	2.6094e+10	2.7465e+36 
1.2076e+01	 -1.1995e+01	 1.1917e+12	 1.0112e-12	1.2317e+12	2.5661e+42	4.9268e+10	4.9269e+36 
1.2352e+01	 -1.1798e+01	 2.2500e+12	 1.5940e-12	2.3256e+12	4.0451e+42	9.3026e+10	7.7667e+36 
1.2628e+01	 -1.1657e+01	 4.2484e+12	 2.2032e-12	4.3911e+12	5.5912e+42	1.7565e+11	1.0735e+37 
1.2904e+01	 -1.1548e+01	 8.0215e+12	 2.8304e-12	8.2911e+12	7.1826e+42	3.3164e+11	1.3791e+37 
1.3180e+01	 -1.1446e+01	 1.5146e+13	 3.5839e-12	1.5655e+13	9.0948e+42	6.2619e+11	1.7462e+37 
1.3456e+01	 -1.1344e+01	 2.8597e+13	 4.5309e-12	2.9558e+13	1.1498e+43	1.1823e+12	2.2076e+37 
1.3732e+01	 -1.1243e+01	 5.3995e+13	 5.7193e-12	5.5810e+13	1.4514e+43	2.2324e+12	2.7867e+37 
1.4008e+01	 -1.1142e+01	 1.0195e+14	 7.2046e-12	1.0538e+14	1.8283e+43	4.2151e+12	3.5103e+37 
1.4284e+01	 -1.1043e+01	 1.9250e+14	 9.0504e-12	1.9897e+14	2.2967e+43	7.9586e+12	4.4097e+37 
1.4560e+01	 -1.0946e+01	 3.6346e+14	 1.1327e-11	3.7567e+14	2.8744e+43	1.5027e+13	5.5189e+37 
1.4836e+01	 -1.0851e+01	 6.8626e+14	 1.4106e-11	7.0932e+14	3.5797e+43	2.8373e+13	6.8730e+37 
1.5113e+01	 -1.0758e+01	 1.2958e+15	 1.7452e-11	1.3393e+15	4.4289e+43	5.3572e+13	8.5034e+37 
1.5389e+01	 -1.0669e+01	 2.4466e+15	 2.1407e-11	2.5288e+15	5.4324e+43	1.0115e+14	1.0430e+38 
1.5665e+01	 -1.0586e+01	 4.6195e+15	 2.5963e-11	4.7747e+15	6.5886e+43	1.9099e+14	1.2650e+38 
1.5941e+01	 -1.0508e+01	 8.7222e+15	 3.1030e-11	9.0153e+15	7.8745e+43	3.6061e+14	1.5119e+38 
1.6217e+01	 -1.0439e+01	 1.6469e+16	 3.6390e-11	1.7022e+16	9.2347e+43	6.8088e+14	1.7731e+38 
1.6493e+01	 -1.0380e+01	 3.1095e+16	 4.1650e-11	3.2140e+16	1.0569e+44	1.2856e+15	2.0293e+38 
1.6769e+01	 -1.0335e+01	 5.8712e+16	 4.6213e-11	6.0685e+16	1.1727e+44	2.4274e+15	2.2517e+38 
1.7045e+01	 -1.0307e+01	 1.1086e+17	 4.9298e-11	1.1458e+17	1.2510e+44	4.5832e+15	2.4020e+38 
1.7321e+01	 -1.0301e+01	 2.0931e+17	 5.0041e-11	2.1634e+17	1.2699e+44	8.6538e+15	2.4382e+38 
1.7597e+01	 -1.0321e+01	 3.9521e+17	 4.7722e-11	4.0849e+17	1.2110e+44	1.6339e+16	2.3252e+38 
1.7873e+01	 -1.0376e+01	 7.4621e+17	 4.2091e-11	7.7128e+17	1.0681e+44	3.0851e+16	2.0508e+38 
1.8149e+01	 -1.0473e+01	 1.4089e+18	 3.3663e-11	1.4563e+18	8.5426e+43	5.8251e+16	1.6402e+38 
1.8425e+01	 -1.0623e+01	 2.6603e+18	 2.3803e-11	2.7497e+18	6.0405e+43	1.0999e+17	1.1598e+38 
1.8701e+01	 -1.0842e+01	 5.0230e+18	 1.4371e-11	5.1917e+18	3.6470e+43	2.0767e+17	7.0023e+37 
1.8977e+01	 -1.1154e+01	 9.4840e+18	 7.0075e-12	9.8027e+18	1.7783e+43	3.9211e+17	3.4143e+37 
1.9253e+01	 -1.1606e+01	 1.7907e+19	 2.4754e-12	1.8509e+19	6.2819e+42	7.4035e+17	1.2061e+37 
1.9529e+01	 -1.2302e+01	 3.3811e+19	 4.9844e-13	3.4947e+19	1.2649e+42	1.3979e+18	2.4286e+36 
1.9805e+01	 -1.3469e+01	 6.3840e+19	 3.3999e-14	6.5985e+19	8.6278e+40	2.6394e+18	1.6565e+35 
2.0081e+01	 -1.5558e+01	 1.2054e+20	 2.7693e-16	1.2459e+20	7.0277e+38	4.9836e+18	1.3493e+33 
2.0357e+01	 -1.9431e+01	 2.2759e+20	 3.7092e-20	2.3524e+20	9.4127e+34	9.4097e+18	1.8072e+29 
2.0633e+01	 -2.6706e+01	 4.2973e+20	 1.9685e-27	4.4417e+20	4.9955e+27	1.7767e+19	9.5914e+21 
