########################################################################
#_obs is as observed from the earth: beaming+cosmo   
#log(nu_obs) log(nuFnu_somma_obs)  log(nuFnu_Sync_obs) log(nuFnu_SSC_obs)  log(nu_Fnu_Disk_obs) log(nu_Fnu_DT_obs)  log(nu_Fnu_Star_obs) log(nu_Fnu_EC_Disk_obs) log(nu_Fnu_EC_BLR_obs) log(nu_Fnu_EC_DT_obs)   log(nu_Fnu_EC_Star_obs) log(nu_Fnu_EC_CMB_obs)  
########################################################################
6.0000e+00	 -1.2000e+02	 -1.2000e+02	 -1.2000e+02	 -1.2000e+02	 -1.2000e+02	 -1.2000e+02	 -1.2000e+02	 -1.2000e+02	 -1.2000e+02	 -1.2000e+02	 -1.2000e+02	 -1.2000e+02
6.1200e+00	 -1.2000e+02	 -1.2000e+02	 -1.2000e+02	 -1.2000e+02	 -1.2000e+02	 -1.2000e+02	 -1.2000e+02	 -1.2000e+02	 -1.2000e+02	 -1.2000e+02	 -1.2000e+02	 -1.2000e+02
6.2400e+00	 -1.2000e+02	 -1.2000e+02	 -1.2000e+02	 -1.2000e+02	 -1.2000e+02	 -1.2000e+02	 -1.2000e+02	 -1.2000e+02	 -1.2000e+02	 -1.2000e+02	 -1.2000e+02	 -1.2000e+02
6.3600e+00	 -1.2000e+02	 -1.2000e+02	 -1.2000e+02	 -1.2000e+02	 -1.2000e+02	 -1.2000e+02	 -1.2000e+02	 -1.2000e+02	 -1.2000e+02	 -1.2000e+02	 -1.2000e+02	 -1.2000e+02
6.4800e+00	 -1.2000e+02	 -1.2000e+02	 -1.2000e+02	 -1.2000e+02	 -1.2000e+02	 -1.2000e+02	 -1.2000e+02	 -1.2000e+02	 -1.2000e+02	 -1.2000e+02	 -1.2000e+02	 -1.2000e+02
6.6000e+00	 -1.2000e+02	 -1.2000e+02	 -1.2000e+02	 -1.2000e+02	 -1.2000e+02	 -1.2000e+02	 -1.2000e+02	 -1.2000e+02	 -1.2000e+02	 -1.2000e+02	 -1.2000e+02	 -1.2000e+02
6.7200e+00	 -1.2000e+02	 -1.2000e+02	 -1.2000e+02	 -1.2000e+02	 -1.2000e+02	 -1.2000e+02	 -1.2000e+02	 -1.2000e+02	 -1.2000e+02	 -1.2000e+02	 -1.2000e+02	 -1.2000e+02
6.8400e+00	 -1.2000e+02	 -1.2000e+02	 -1.2000e+02	 -1.2000e+02	 -1.2000e+02	 -1.2000e+02	 -1.2000e+02	 -1.2000e+02	 -1.2000e+02	 -1.2000e+02	 -1.2000e+02	 -1.2000e+02
6.9600e+00	 -1.2000e+02	 -1.2000e+02	 -1.2000e+02	 -1.2000e+02	 -1.2000e+02	 -1.2000e+02	 -1.2000e+02	 -1.2000e+02	 -1.2000e+02	 -1.2000e+02	 -1.2000e+02	 -1.2000e+02
7.0800e+00	 -1.2000e+02	 -1.2000e+02	 -1.2000e+02	 -1.2000e+02	 -1.2000e+02	 -1.2000e+02	 -1.2000e+02	 -1.2000e+02	 -1.2000e+02	 -1.2000e+02	 -1.2000e+02	 -1.2000e+02
7.2000e+00	 -1.2000e+02	 -1.2000e+02	 -1.2000e+02	 -1.2000e+02	 -1.2000e+02	 -1.2000e+02	 -1.2000e+02	 -1.2000e+02	 -1.2000e+02	 -1.2000e+02	 -1.2000e+02	 -1.2000e+02
7.3200e+00	 -1.2000e+02	 -1.2000e+02	 -1.2000e+02	 -1.2000e+02	 -1.2000e+02	 -1.2000e+02	 -1.2000e+02	 -1.2000e+02	 -1.2000e+02	 -1.2000e+02	 -1.2000e+02	 -1.2000e+02
7.4400e+00	 -1.7986e+01	 -1.7986e+01	 -1.2000e+02	 -1.2000e+02	 -1.2000e+02	 -1.2000e+02	 -1.2000e+02	 -1.2000e+02	 -1.2000e+02	 -1.2000e+02	 -1.2000e+02	 -1.2000e+02
7.5600e+00	 -1.7787e+01	 -1.7787e+01	 -1.2000e+02	 -1.2000e+02	 -1.2000e+02	 -1.2000e+02	 -1.2000e+02	 -1.2000e+02	 -1.2000e+02	 -1.2000e+02	 -1.2000e+02	 -1.2000e+02
7.6800e+00	 -1.7593e+01	 -1.7593e+01	 -1.2000e+02	 -1.2000e+02	 -1.2000e+02	 -1.2000e+02	 -1.2000e+02	 -1.2000e+02	 -1.2000e+02	 -1.2000e+02	 -1.2000e+02	 -1.2000e+02
7.8000e+00	 -1.7418e+01	 -1.7418e+01	 -1.2000e+02	 -1.2000e+02	 -1.2000e+02	 -1.2000e+02	 -1.2000e+02	 -1.2000e+02	 -1.2000e+02	 -1.2000e+02	 -1.2000e+02	 -1.2000e+02
7.9200e+00	 -1.7244e+01	 -1.7244e+01	 -1.2000e+02	 -1.2000e+02	 -1.2000e+02	 -1.2000e+02	 -1.2000e+02	 -1.2000e+02	 -1.2000e+02	 -1.2000e+02	 -1.2000e+02	 -1.2000e+02
8.0400e+00	 -1.7078e+01	 -1.7078e+01	 -1.2000e+02	 -1.2000e+02	 -1.2000e+02	 -1.2000e+02	 -1.2000e+02	 -1.2000e+02	 -1.2000e+02	 -1.2000e+02	 -1.2000e+02	 -1.2000e+02
8.1600e+00	 -1.6913e+01	 -1.6913e+01	 -1.2000e+02	 -1.2000e+02	 -1.2000e+02	 -1.2000e+02	 -1.2000e+02	 -1.2000e+02	 -1.2000e+02	 -1.2000e+02	 -1.2000e+02	 -1.2000e+02
8.2800e+00	 -1.6750e+01	 -1.6750e+01	 -1.2000e+02	 -1.2000e+02	 -1.2000e+02	 -1.2000e+02	 -1.2000e+02	 -1.2000e+02	 -1.2000e+02	 -1.2000e+02	 -1.2000e+02	 -1.2000e+02
8.4000e+00	 -1.6588e+01	 -1.6588e+01	 -1.2000e+02	 -1.2000e+02	 -1.2000e+02	 -1.2000e+02	 -1.2000e+02	 -1.2000e+02	 -1.2000e+02	 -1.2000e+02	 -1.2000e+02	 -1.2000e+02
8.5200e+00	 -1.6427e+01	 -1.6427e+01	 -1.2000e+02	 -1.2000e+02	 -1.2000e+02	 -1.2000e+02	 -1.2000e+02	 -1.2000e+02	 -1.2000e+02	 -1.2000e+02	 -1.2000e+02	 -1.2000e+02
8.6400e+00	 -1.6267e+01	 -1.6267e+01	 -1.2000e+02	 -1.2000e+02	 -1.2000e+02	 -1.2000e+02	 -1.2000e+02	 -1.2000e+02	 -1.2000e+02	 -1.2000e+02	 -1.2000e+02	 -1.2000e+02
8.7600e+00	 -1.6106e+01	 -1.6106e+01	 -1.2000e+02	 -1.2000e+02	 -1.2000e+02	 -1.2000e+02	 -1.2000e+02	 -1.2000e+02	 -1.2000e+02	 -1.2000e+02	 -1.2000e+02	 -1.2000e+02
8.8800e+00	 -1.5946e+01	 -1.5946e+01	 -1.2000e+02	 -1.2000e+02	 -1.2000e+02	 -1.2000e+02	 -1.2000e+02	 -1.2000e+02	 -1.2000e+02	 -1.2000e+02	 -1.2000e+02	 -1.2000e+02
9.0000e+00	 -1.5787e+01	 -1.5787e+01	 -1.2000e+02	 -1.2000e+02	 -1.2000e+02	 -1.2000e+02	 -1.2000e+02	 -1.2000e+02	 -1.2000e+02	 -1.2000e+02	 -1.2000e+02	 -1.2000e+02
9.1200e+00	 -1.5627e+01	 -1.5627e+01	 -1.2000e+02	 -1.2000e+02	 -1.2000e+02	 -1.2000e+02	 -1.2000e+02	 -1.2000e+02	 -1.2000e+02	 -1.2000e+02	 -1.2000e+02	 -1.2000e+02
9.2400e+00	 -1.5467e+01	 -1.5467e+01	 -1.2000e+02	 -1.2000e+02	 -1.2000e+02	 -1.2000e+02	 -1.2000e+02	 -1.2000e+02	 -1.2000e+02	 -1.2000e+02	 -1.2000e+02	 -1.2000e+02
9.3600e+00	 -1.5308e+01	 -1.5308e+01	 -1.2000e+02	 -1.2000e+02	 -1.2000e+02	 -1.2000e+02	 -1.2000e+02	 -1.2000e+02	 -1.2000e+02	 -1.2000e+02	 -1.2000e+02	 -1.2000e+02
9.4800e+00	 -1.5149e+01	 -1.5149e+01	 -1.2000e+02	 -1.2000e+02	 -1.2000e+02	 -1.2000e+02	 -1.2000e+02	 -1.2000e+02	 -1.2000e+02	 -1.2000e+02	 -1.2000e+02	 -1.2000e+02
9.6000e+00	 -1.4990e+01	 -1.4990e+01	 -1.2000e+02	 -1.2000e+02	 -1.2000e+02	 -1.2000e+02	 -1.2000e+02	 -1.2000e+02	 -1.2000e+02	 -1.2000e+02	 -1.2000e+02	 -1.2000e+02
9.7200e+00	 -1.4831e+01	 -1.4831e+01	 -1.2000e+02	 -1.2000e+02	 -1.2000e+02	 -1.2000e+02	 -1.2000e+02	 -1.2000e+02	 -1.2000e+02	 -1.2000e+02	 -1.2000e+02	 -1.2000e+02
9.8400e+00	 -1.4673e+01	 -1.4673e+01	 -1.2000e+02	 -1.2000e+02	 -1.2000e+02	 -1.2000e+02	 -1.2000e+02	 -1.2000e+02	 -1.2000e+02	 -1.2000e+02	 -1.2000e+02	 -1.2000e+02
9.9600e+00	 -1.4514e+01	 -1.4514e+01	 -1.2000e+02	 -1.2000e+02	 -1.2000e+02	 -1.2000e+02	 -1.2000e+02	 -1.2000e+02	 -1.2000e+02	 -1.2000e+02	 -1.2000e+02	 -1.2000e+02
1.0080e+01	 -1.4357e+01	 -1.4357e+01	 -1.2000e+02	 -1.2000e+02	 -1.2000e+02	 -1.2000e+02	 -1.2000e+02	 -1.2000e+02	 -1.2000e+02	 -1.2000e+02	 -1.2000e+02	 -1.2000e+02
1.0200e+01	 -1.4199e+01	 -1.4199e+01	 -1.2000e+02	 -1.2000e+02	 -1.2000e+02	 -1.2000e+02	 -1.2000e+02	 -1.2000e+02	 -1.2000e+02	 -1.2000e+02	 -1.2000e+02	 -1.2000e+02
1.0320e+01	 -1.4042e+01	 -1.4042e+01	 -1.2000e+02	 -1.2000e+02	 -1.2000e+02	 -1.2000e+02	 -1.2000e+02	 -1.2000e+02	 -1.2000e+02	 -1.2000e+02	 -1.2000e+02	 -1.2000e+02
1.0440e+01	 -1.3886e+01	 -1.3886e+01	 -1.2000e+02	 -1.2000e+02	 -1.2000e+02	 -1.2000e+02	 -1.2000e+02	 -1.2000e+02	 -1.2000e+02	 -1.2000e+02	 -1.2000e+02	 -1.2000e+02
1.0560e+01	 -1.3731e+01	 -1.3731e+01	 -1.2000e+02	 -1.2000e+02	 -1.2000e+02	 -1.2000e+02	 -1.2000e+02	 -1.2000e+02	 -1.2000e+02	 -1.2000e+02	 -1.2000e+02	 -1.2000e+02
1.0680e+01	 -1.3576e+01	 -1.3576e+01	 -1.2000e+02	 -1.2000e+02	 -1.2000e+02	 -1.2000e+02	 -1.2000e+02	 -1.2000e+02	 -1.2000e+02	 -1.2000e+02	 -1.2000e+02	 -1.2000e+02
1.0800e+01	 -1.3424e+01	 -1.3424e+01	 -1.2000e+02	 -1.2000e+02	 -1.2000e+02	 -1.2000e+02	 -1.2000e+02	 -1.2000e+02	 -1.2000e+02	 -1.2000e+02	 -1.2000e+02	 -1.2000e+02
1.0920e+01	 -1.3272e+01	 -1.3272e+01	 -1.2000e+02	 -1.2000e+02	 -1.2000e+02	 -1.2000e+02	 -1.2000e+02	 -1.2000e+02	 -1.2000e+02	 -1.2000e+02	 -1.2000e+02	 -1.2000e+02
1.1040e+01	 -1.3122e+01	 -1.3122e+01	 -1.2000e+02	 -1.2000e+02	 -1.2000e+02	 -1.2000e+02	 -1.2000e+02	 -1.2000e+02	 -1.2000e+02	 -1.2000e+02	 -1.2000e+02	 -1.2000e+02
1.1160e+01	 -1.2975e+01	 -1.2975e+01	 -1.2000e+02	 -1.2000e+02	 -1.2000e+02	 -1.2000e+02	 -1.2000e+02	 -1.2000e+02	 -1.2000e+02	 -1.2000e+02	 -1.2000e+02	 -1.2000e+02
1.1280e+01	 -1.2829e+01	 -1.2829e+01	 -1.2000e+02	 -1.2000e+02	 -1.2000e+02	 -1.2000e+02	 -1.2000e+02	 -1.2000e+02	 -1.2000e+02	 -1.2000e+02	 -1.2000e+02	 -1.2000e+02
1.1400e+01	 -1.2689e+01	 -1.2689e+01	 -1.2000e+02	 -1.2000e+02	 -1.2000e+02	 -1.2000e+02	 -1.2000e+02	 -1.2000e+02	 -1.2000e+02	 -1.2000e+02	 -1.2000e+02	 -1.2000e+02
1.1520e+01	 -1.2549e+01	 -1.2549e+01	 -1.2000e+02	 -1.2000e+02	 -1.2000e+02	 -1.2000e+02	 -1.2000e+02	 -1.2000e+02	 -1.2000e+02	 -1.2000e+02	 -1.2000e+02	 -1.2000e+02
1.1640e+01	 -1.2420e+01	 -1.2420e+01	 -1.2000e+02	 -1.2000e+02	 -1.2000e+02	 -1.2000e+02	 -1.2000e+02	 -1.2000e+02	 -1.2000e+02	 -1.2000e+02	 -1.2000e+02	 -1.2000e+02
1.1760e+01	 -1.2292e+01	 -1.2292e+01	 -1.2000e+02	 -1.2000e+02	 -1.2000e+02	 -1.2000e+02	 -1.2000e+02	 -1.2000e+02	 -1.2000e+02	 -1.2000e+02	 -1.2000e+02	 -1.2000e+02
1.1880e+01	 -1.2176e+01	 -1.2176e+01	 -1.2000e+02	 -1.2000e+02	 -1.2000e+02	 -1.2000e+02	 -1.2000e+02	 -1.2000e+02	 -1.2000e+02	 -1.2000e+02	 -1.2000e+02	 -1.2000e+02
1.2000e+01	 -1.2065e+01	 -1.2065e+01	 -1.2000e+02	 -1.2000e+02	 -1.2000e+02	 -1.2000e+02	 -1.2000e+02	 -1.2000e+02	 -1.2000e+02	 -1.2000e+02	 -1.2000e+02	 -1.2000e+02
1.2120e+01	 -1.1964e+01	 -1.1964e+01	 -1.2000e+02	 -1.2000e+02	 -1.2000e+02	 -1.2000e+02	 -1.2000e+02	 -1.2000e+02	 -1.2000e+02	 -1.2000e+02	 -1.2000e+02	 -1.2000e+02
1.2240e+01	 -1.1878e+01	 -1.1878e+01	 -1.2000e+02	 -1.2000e+02	 -1.2000e+02	 -1.2000e+02	 -1.2000e+02	 -1.2000e+02	 -1.2000e+02	 -1.2000e+02	 -1.2000e+02	 -1.2000e+02
1.2360e+01	 -1.1794e+01	 -1.1794e+01	 -1.2000e+02	 -1.2000e+02	 -1.2000e+02	 -1.2000e+02	 -1.2000e+02	 -1.2000e+02	 -1.2000e+02	 -1.2000e+02	 -1.2000e+02	 -1.2000e+02
1.2480e+01	 -1.1732e+01	 -1.1732e+01	 -1.2000e+02	 -1.2000e+02	 -1.2000e+02	 -1.2000e+02	 -1.2000e+02	 -1.2000e+02	 -1.2000e+02	 -1.2000e+02	 -1.2000e+02	 -1.2000e+02
1.2600e+01	 -1.1671e+01	 -1.1671e+01	 -1.2000e+02	 -1.2000e+02	 -1.2000e+02	 -1.2000e+02	 -1.2000e+02	 -1.2000e+02	 -1.2000e+02	 -1.2000e+02	 -1.2000e+02	 -1.2000e+02
1.2720e+01	 -1.1621e+01	 -1.1621e+01	 -1.2000e+02	 -1.2000e+02	 -1.2000e+02	 -1.2000e+02	 -1.2000e+02	 -1.2000e+02	 -1.2000e+02	 -1.2000e+02	 -1.2000e+02	 -1.2000e+02
1.2840e+01	 -1.1573e+01	 -1.1573e+01	 -1.2000e+02	 -1.2000e+02	 -1.2000e+02	 -1.2000e+02	 -1.2000e+02	 -1.2000e+02	 -1.2000e+02	 -1.2000e+02	 -1.2000e+02	 -1.2000e+02
1.2960e+01	 -1.1527e+01	 -1.1527e+01	 -1.2000e+02	 -1.2000e+02	 -1.2000e+02	 -1.2000e+02	 -1.2000e+02	 -1.2000e+02	 -1.2000e+02	 -1.2000e+02	 -1.2000e+02	 -1.2000e+02
1.3080e+01	 -1.1483e+01	 -1.1483e+01	 -1.2000e+02	 -1.2000e+02	 -1.2000e+02	 -1.2000e+02	 -1.2000e+02	 -1.2000e+02	 -1.2000e+02	 -1.2000e+02	 -1.2000e+02	 -1.2000e+02
1.3200e+01	 -1.1438e+01	 -1.1438e+01	 -1.2000e+02	 -1.2000e+02	 -1.2000e+02	 -1.2000e+02	 -1.2000e+02	 -1.2000e+02	 -1.2000e+02	 -1.2000e+02	 -1.2000e+02	 -1.2000e+02
1.3320e+01	 -1.1394e+01	 -1.1394e+01	 -1.2000e+02	 -1.2000e+02	 -1.2000e+02	 -1.2000e+02	 -1.2000e+02	 -1.2000e+02	 -1.2000e+02	 -1.2000e+02	 -1.2000e+02	 -1.2000e+02
1.3440e+01	 -1.1350e+01	 -1.1350e+01	 -1.2000e+02	 -1.2000e+02	 -1.2000e+02	 -1.2000e+02	 -1.2000e+02	 -1.2000e+02	 -1.2000e+02	 -1.2000e+02	 -1.2000e+02	 -1.2000e+02
1.3560e+01	 -1.1306e+01	 -1.1306e+01	 -1.2000e+02	 -1.2000e+02	 -1.2000e+02	 -1.2000e+02	 -1.2000e+02	 -1.2000e+02	 -1.2000e+02	 -1.2000e+02	 -1.2000e+02	 -1.2000e+02
1.3680e+01	 -1.1262e+01	 -1.1262e+01	 -1.2000e+02	 -1.2000e+02	 -1.2000e+02	 -1.2000e+02	 -1.2000e+02	 -1.2000e+02	 -1.2000e+02	 -1.2000e+02	 -1.2000e+02	 -1.2000e+02
1.3800e+01	 -1.1218e+01	 -1.1218e+01	 -1.2000e+02	 -1.2000e+02	 -1.2000e+02	 -1.2000e+02	 -1.2000e+02	 -1.2000e+02	 -1.2000e+02	 -1.2000e+02	 -1.2000e+02	 -1.2000e+02
1.3920e+01	 -1.1174e+01	 -1.1174e+01	 -1.2000e+02	 -1.2000e+02	 -1.2000e+02	 -1.2000e+02	 -1.2000e+02	 -1.2000e+02	 -1.2000e+02	 -1.2000e+02	 -1.2000e+02	 -1.2000e+02
1.4040e+01	 -1.1131e+01	 -1.1131e+01	 -1.2000e+02	 -1.2000e+02	 -1.2000e+02	 -1.2000e+02	 -1.2000e+02	 -1.2000e+02	 -1.2000e+02	 -1.2000e+02	 -1.2000e+02	 -1.2000e+02
1.4160e+01	 -1.1088e+01	 -1.1088e+01	 -1.2000e+02	 -1.2000e+02	 -1.2000e+02	 -1.2000e+02	 -1.2000e+02	 -1.2000e+02	 -1.2000e+02	 -1.2000e+02	 -1.2000e+02	 -1.2000e+02
1.4280e+01	 -1.1045e+01	 -1.1045e+01	 -1.2000e+02	 -1.2000e+02	 -1.2000e+02	 -1.2000e+02	 -1.2000e+02	 -1.2000e+02	 -1.2000e+02	 -1.2000e+02	 -1.2000e+02	 -1.2000e+02
1.4400e+01	 -1.1003e+01	 -1.1003e+01	 -1.2000e+02	 -1.2000e+02	 -1.2000e+02	 -1.2000e+02	 -1.2000e+02	 -1.2000e+02	 -1.2000e+02	 -1.2000e+02	 -1.2000e+02	 -1.2000e+02
1.4520e+01	 -1.0960e+01	 -1.0960e+01	 -1.2000e+02	 -1.2000e+02	 -1.2000e+02	 -1.2000e+02	 -1.2000e+02	 -1.2000e+02	 -1.2000e+02	 -1.2000e+02	 -1.2000e+02	 -1.2000e+02
1.4640e+01	 -1.0918e+01	 -1.0918e+01	 -1.2000e+02	 -1.2000e+02	 -1.2000e+02	 -1.2000e+02	 -1.2000e+02	 -1.2000e+02	 -1.2000e+02	 -1.2000e+02	 -1.2000e+02	 -1.2000e+02
1.4760e+01	 -1.0877e+01	 -1.0877e+01	 -1.2000e+02	 -1.2000e+02	 -1.2000e+02	 -1.2000e+02	 -1.2000e+02	 -1.2000e+02	 -1.2000e+02	 -1.2000e+02	 -1.2000e+02	 -1.2000e+02
1.4880e+01	 -1.0836e+01	 -1.0836e+01	 -1.2000e+02	 -1.2000e+02	 -1.2000e+02	 -1.2000e+02	 -1.2000e+02	 -1.2000e+02	 -1.2000e+02	 -1.2000e+02	 -1.2000e+02	 -1.2000e+02
1.5000e+01	 -1.0796e+01	 -1.0796e+01	 -1.2000e+02	 -1.2000e+02	 -1.2000e+02	 -1.2000e+02	 -1.2000e+02	 -1.2000e+02	 -1.2000e+02	 -1.2000e+02	 -1.2000e+02	 -1.2000e+02
1.5120e+01	 -1.0756e+01	 -1.0756e+01	 -1.2000e+02	 -1.2000e+02	 -1.2000e+02	 -1.2000e+02	 -1.2000e+02	 -1.2000e+02	 -1.2000e+02	 -1.2000e+02	 -1.2000e+02	 -1.2000e+02
1.5240e+01	 -1.0717e+01	 -1.0717e+01	 -1.2000e+02	 -1.2000e+02	 -1.2000e+02	 -1.2000e+02	 -1.2000e+02	 -1.2000e+02	 -1.2000e+02	 -1.2000e+02	 -1.2000e+02	 -1.2000e+02
1.5360e+01	 -1.0679e+01	 -1.0679e+01	 -1.2000e+02	 -1.2000e+02	 -1.2000e+02	 -1.2000e+02	 -1.2000e+02	 -1.2000e+02	 -1.2000e+02	 -1.2000e+02	 -1.2000e+02	 -1.2000e+02
1.5480e+01	 -1.0642e+01	 -1.0642e+01	 -1.2000e+02	 -1.2000e+02	 -1.2000e+02	 -1.2000e+02	 -1.2000e+02	 -1.2000e+02	 -1.2000e+02	 -1.2000e+02	 -1.2000e+02	 -1.2000e+02
1.5600e+01	 -1.0605e+01	 -1.0605e+01	 -1.2000e+02	 -1.2000e+02	 -1.2000e+02	 -1.2000e+02	 -1.2000e+02	 -1.2000e+02	 -1.2000e+02	 -1.2000e+02	 -1.2000e+02	 -1.2000e+02
1.5720e+01	 -1.0570e+01	 -1.0570e+01	 -1.2000e+02	 -1.2000e+02	 -1.2000e+02	 -1.2000e+02	 -1.2000e+02	 -1.2000e+02	 -1.2000e+02	 -1.2000e+02	 -1.2000e+02	 -1.2000e+02
1.5840e+01	 -1.0536e+01	 -1.0536e+01	 -1.2000e+02	 -1.2000e+02	 -1.2000e+02	 -1.2000e+02	 -1.2000e+02	 -1.2000e+02	 -1.2000e+02	 -1.2000e+02	 -1.2000e+02	 -1.2000e+02
1.5960e+01	 -1.0503e+01	 -1.0503e+01	 -1.2000e+02	 -1.2000e+02	 -1.2000e+02	 -1.2000e+02	 -1.2000e+02	 -1.2000e+02	 -1.2000e+02	 -1.2000e+02	 -1.2000e+02	 -1.2000e+02
1.6080e+01	 -1.0473e+01	 -1.0473e+01	 -1.2000e+02	 -1.2000e+02	 -1.2000e+02	 -1.2000e+02	 -1.2000e+02	 -1.2000e+02	 -1.2000e+02	 -1.2000e+02	 -1.2000e+02	 -1.2000e+02
1.6200e+01	 -1.0443e+01	 -1.0443e+01	 -1.2000e+02	 -1.2000e+02	 -1.2000e+02	 -1.2000e+02	 -1.2000e+02	 -1.2000e+02	 -1.2000e+02	 -1.2000e+02	 -1.2000e+02	 -1.2000e+02
1.6320e+01	 -1.0417e+01	 -1.0417e+01	 -1.2000e+02	 -1.2000e+02	 -1.2000e+02	 -1.2000e+02	 -1.2000e+02	 -1.2000e+02	 -1.2000e+02	 -1.2000e+02	 -1.2000e+02	 -1.2000e+02
1.6440e+01	 -1.0392e+01	 -1.0392e+01	 -1.2000e+02	 -1.2000e+02	 -1.2000e+02	 -1.2000e+02	 -1.2000e+02	 -1.2000e+02	 -1.2000e+02	 -1.2000e+02	 -1.2000e+02	 -1.2000e+02
1.6560e+01	 -1.0369e+01	 -1.0369e+01	 -1.2000e+02	 -1.2000e+02	 -1.2000e+02	 -1.2000e+02	 -1.2000e+02	 -1.2000e+02	 -1.2000e+02	 -1.2000e+02	 -1.2000e+02	 -1.2000e+02
1.6680e+01	 -1.0350e+01	 -1.0350e+01	 -1.2000e+02	 -1.2000e+02	 -1.2000e+02	 -1.2000e+02	 -1.2000e+02	 -1.2000e+02	 -1.2000e+02	 -1.2000e+02	 -1.2000e+02	 -1.2000e+02
1.6800e+01	 -1.0332e+01	 -1.0332e+01	 -1.2000e+02	 -1.2000e+02	 -1.2000e+02	 -1.2000e+02	 -1.2000e+02	 -1.2000e+02	 -1.2000e+02	 -1.2000e+02	 -1.2000e+02	 -1.2000e+02
1.6920e+01	 -1.0320e+01	 -1.0320e+01	 -1.2000e+02	 -1.2000e+02	 -1.2000e+02	 -1.2000e+02	 -1.2000e+02	 -1.2000e+02	 -1.2000e+02	 -1.2000e+02	 -1.2000e+02	 -1.2000e+02
1.7040e+01	 -1.0308e+01	 -1.0308e+01	 -1.2000e+02	 -1.2000e+02	 -1.2000e+02	 -1.2000e+02	 -1.2000e+02	 -1.2000e+02	 -1.2000e+02	 -1.2000e+02	 -1.2000e+02	 -1.2000e+02
1.7160e+01	 -1.0304e+01	 -1.0304e+01	 -1.2000e+02	 -1.2000e+02	 -1.2000e+02	 -1.2000e+02	 -1.2000e+02	 -1.2000e+02	 -1.2000e+02	 -1.2000e+02	 -1.2000e+02	 -1.2000e+02
1.7280e+01	 -1.0302e+01	 -1.0302e+01	 -1.2000e+02	 -1.2000e+02	 -1.2000e+02	 -1.2000e+02	 -1.2000e+02	 -1.2000e+02	 -1.2000e+02	 -1.2000e+02	 -1.2000e+02	 -1.2000e+02
1.7400e+01	 -1.0307e+01	 -1.0307e+01	 -1.6555e+01	 -1.2000e+02	 -1.2000e+02	 -1.2000e+02	 -1.2000e+02	 -1.2000e+02	 -1.2000e+02	 -1.2000e+02	 -1.2000e+02	 -1.2000e+02
1.7520e+01	 -1.0316e+01	 -1.0316e+01	 -1.6407e+01	 -1.2000e+02	 -1.2000e+02	 -1.2000e+02	 -1.2000e+02	 -1.2000e+02	 -1.2000e+02	 -1.2000e+02	 -1.2000e+02	 -1.2000e+02
1.7640e+01	 -1.0330e+01	 -1.0330e+01	 -1.6261e+01	 -1.2000e+02	 -1.2000e+02	 -1.2000e+02	 -1.2000e+02	 -1.2000e+02	 -1.2000e+02	 -1.2000e+02	 -1.2000e+02	 -1.2000e+02
1.7760e+01	 -1.0354e+01	 -1.0354e+01	 -1.6123e+01	 -1.2000e+02	 -1.2000e+02	 -1.2000e+02	 -1.2000e+02	 -1.2000e+02	 -1.2000e+02	 -1.2000e+02	 -1.2000e+02	 -1.2000e+02
1.7880e+01	 -1.0378e+01	 -1.0378e+01	 -1.5984e+01	 -1.2000e+02	 -1.2000e+02	 -1.2000e+02	 -1.2000e+02	 -1.2000e+02	 -1.2000e+02	 -1.2000e+02	 -1.2000e+02	 -1.2000e+02
1.8000e+01	 -1.0421e+01	 -1.0421e+01	 -1.5846e+01	 -1.2000e+02	 -1.2000e+02	 -1.2000e+02	 -1.2000e+02	 -1.2000e+02	 -1.2000e+02	 -1.2000e+02	 -1.2000e+02	 -1.2000e+02
1.8120e+01	 -1.0463e+01	 -1.0463e+01	 -1.5707e+01	 -1.2000e+02	 -1.2000e+02	 -1.2000e+02	 -1.2000e+02	 -1.2000e+02	 -1.2000e+02	 -1.2000e+02	 -1.2000e+02	 -1.2000e+02
1.8240e+01	 -1.0523e+01	 -1.0523e+01	 -1.5576e+01	 -1.2000e+02	 -1.2000e+02	 -1.2000e+02	 -1.2000e+02	 -1.2000e+02	 -1.2000e+02	 -1.2000e+02	 -1.2000e+02	 -1.2000e+02
1.8360e+01	 -1.0588e+01	 -1.0588e+01	 -1.5450e+01	 -1.2000e+02	 -1.2000e+02	 -1.2000e+02	 -1.2000e+02	 -1.2000e+02	 -1.2000e+02	 -1.2000e+02	 -1.2000e+02	 -1.2000e+02
1.8480e+01	 -1.0667e+01	 -1.0667e+01	 -1.5325e+01	 -1.2000e+02	 -1.2000e+02	 -1.2000e+02	 -1.2000e+02	 -1.2000e+02	 -1.2000e+02	 -1.2000e+02	 -1.2000e+02	 -1.2000e+02
1.8600e+01	 -1.0762e+01	 -1.0762e+01	 -1.5206e+01	 -1.2000e+02	 -1.2000e+02	 -1.2000e+02	 -1.2000e+02	 -1.2000e+02	 -1.2000e+02	 -1.2000e+02	 -1.2000e+02	 -1.2000e+02
1.8720e+01	 -1.0864e+01	 -1.0864e+01	 -1.5087e+01	 -1.2000e+02	 -1.2000e+02	 -1.2000e+02	 -1.2000e+02	 -1.2000e+02	 -1.2000e+02	 -1.2000e+02	 -1.2000e+02	 -1.2000e+02
1.8840e+01	 -1.1000e+01	 -1.1000e+01	 -1.4976e+01	 -1.2000e+02	 -1.2000e+02	 -1.2000e+02	 -1.2000e+02	 -1.2000e+02	 -1.2000e+02	 -1.2000e+02	 -1.2000e+02	 -1.2000e+02
1.8960e+01	 -1.1135e+01	 -1.1135e+01	 -1.4866e+01	 -1.2000e+02	 -1.2000e+02	 -1.2000e+02	 -1.2000e+02	 -1.2000e+02	 -1.2000e+02	 -1.2000e+02	 -1.2000e+02	 -1.2000e+02
1.9080e+01	 -1.1323e+01	 -1.1323e+01	 -1.4763e+01	 -1.2000e+02	 -1.2000e+02	 -1.2000e+02	 -1.2000e+02	 -1.2000e+02	 -1.2000e+02	 -1.2000e+02	 -1.2000e+02	 -1.2000e+02
1.9200e+01	 -1.1519e+01	 -1.1520e+01	 -1.4667e+01	 -1.2000e+02	 -1.2000e+02	 -1.2000e+02	 -1.2000e+02	 -1.2000e+02	 -1.2000e+02	 -1.2000e+02	 -1.2000e+02	 -1.2000e+02
1.9320e+01	 -1.1775e+01	 -1.1775e+01	 -1.4573e+01	 -1.2000e+02	 -1.2000e+02	 -1.2000e+02	 -1.2000e+02	 -1.2000e+02	 -1.2000e+02	 -1.2000e+02	 -1.2000e+02	 -1.2000e+02
1.9440e+01	 -1.2076e+01	 -1.2078e+01	 -1.4484e+01	 -1.2000e+02	 -1.2000e+02	 -1.2000e+02	 -1.2000e+02	 -1.2000e+02	 -1.2000e+02	 -1.2000e+02	 -1.2000e+02	 -1.2000e+02
1.9560e+01	 -1.2428e+01	 -1.2433e+01	 -1.4395e+01	 -1.2000e+02	 -1.2000e+02	 -1.2000e+02	 -1.2000e+02	 -1.2000e+02	 -1.2000e+02	 -1.2000e+02	 -1.2000e+02	 -1.2000e+02
1.9680e+01	 -1.2922e+01	 -1.2940e+01	 -1.4313e+01	 -1.2000e+02	 -1.2000e+02	 -1.2000e+02	 -1.2000e+02	 -1.2000e+02	 -1.2000e+02	 -1.2000e+02	 -1.2000e+02	 -1.2000e+02
1.9800e+01	 -1.3381e+01	 -1.3447e+01	 -1.4232e+01	 -1.2000e+02	 -1.2000e+02	 -1.2000e+02	 -1.2000e+02	 -1.2000e+02	 -1.2000e+02	 -1.2000e+02	 -1.2000e+02	 -1.2000e+02
1.9920e+01	 -1.3935e+01	 -1.4338e+01	 -1.4154e+01	 -1.2000e+02	 -1.2000e+02	 -1.2000e+02	 -1.2000e+02	 -1.2000e+02	 -1.2000e+02	 -1.2000e+02	 -1.2000e+02	 -1.2000e+02
2.0040e+01	 -1.4051e+01	 -1.5246e+01	 -1.4080e+01	 -1.2000e+02	 -1.2000e+02	 -1.2000e+02	 -1.2000e+02	 -1.2000e+02	 -1.2000e+02	 -1.2000e+02	 -1.2000e+02	 -1.2000e+02
2.0160e+01	 -1.4005e+01	 -1.6664e+01	 -1.4006e+01	 -1.2000e+02	 -1.2000e+02	 -1.2000e+02	 -1.2000e+02	 -1.2000e+02	 -1.2000e+02	 -1.2000e+02	 -1.2000e+02	 -1.2000e+02
2.0280e+01	 -1.3936e+01	 -1.8348e+01	 -1.3936e+01	 -1.2000e+02	 -1.2000e+02	 -1.2000e+02	 -1.2000e+02	 -1.2000e+02	 -1.2000e+02	 -1.2000e+02	 -1.2000e+02	 -1.2000e+02
2.0400e+01	 -1.3867e+01	 -2.0560e+01	 -1.3867e+01	 -1.2000e+02	 -1.2000e+02	 -1.2000e+02	 -1.2000e+02	 -1.2000e+02	 -1.2000e+02	 -1.2000e+02	 -1.2000e+02	 -1.2000e+02
2.0520e+01	 -1.3799e+01	 -2.3723e+01	 -1.3799e+01	 -1.2000e+02	 -1.2000e+02	 -1.2000e+02	 -1.2000e+02	 -1.2000e+02	 -1.2000e+02	 -1.2000e+02	 -1.2000e+02	 -1.2000e+02
2.0640e+01	 -1.3732e+01	 -1.2000e+02	 -1.3732e+01	 -1.2000e+02	 -1.2000e+02	 -1.2000e+02	 -1.2000e+02	 -1.2000e+02	 -1.2000e+02	 -1.2000e+02	 -1.2000e+02	 -1.2000e+02
2.0760e+01	 -1.3666e+01	 -1.2000e+02	 -1.3666e+01	 -1.2000e+02	 -1.2000e+02	 -1.2000e+02	 -1.2000e+02	 -1.2000e+02	 -1.2000e+02	 -1.2000e+02	 -1.2000e+02	 -1.2000e+02
2.0880e+01	 -1.3602e+01	 -1.2000e+02	 -1.3602e+01	 -1.2000e+02	 -1.2000e+02	 -1.2000e+02	 -1.2000e+02	 -1.2000e+02	 -1.2000e+02	 -1.2000e+02	 -1.2000e+02	 -1.2000e+02
2.1000e+01	 -1.3539e+01	 -1.2000e+02	 -1.3539e+01	 -1.2000e+02	 -1.2000e+02	 -1.2000e+02	 -1.2000e+02	 -1.2000e+02	 -1.2000e+02	 -1.2000e+02	 -1.2000e+02	 -1.2000e+02
2.1120e+01	 -1.3477e+01	 -1.2000e+02	 -1.3477e+01	 -1.2000e+02	 -1.2000e+02	 -1.2000e+02	 -1.2000e+02	 -1.2000e+02	 -1.2000e+02	 -1.2000e+02	 -1.2000e+02	 -1.2000e+02
2.1240e+01	 -1.3415e+01	 -1.2000e+02	 -1.3415e+01	 -1.2000e+02	 -1.2000e+02	 -1.2000e+02	 -1.2000e+02	 -1.2000e+02	 -1.2000e+02	 -1.2000e+02	 -1.2000e+02	 -1.2000e+02
2.1360e+01	 -1.3355e+01	 -1.2000e+02	 -1.3355e+01	 -1.2000e+02	 -1.2000e+02	 -1.2000e+02	 -1.2000e+02	 -1.2000e+02	 -1.2000e+02	 -1.2000e+02	 -1.2000e+02	 -1.2000e+02
2.1480e+01	 -1.3295e+01	 -1.2000e+02	 -1.3295e+01	 -1.2000e+02	 -1.2000e+02	 -1.2000e+02	 -1.2000e+02	 -1.2000e+02	 -1.2000e+02	 -1.2000e+02	 -1.2000e+02	 -1.2000e+02
2.1600e+01	 -1.3236e+01	 -1.2000e+02	 -1.3236e+01	 -1.2000e+02	 -1.2000e+02	 -1.2000e+02	 -1.2000e+02	 -1.2000e+02	 -1.2000e+02	 -1.2000e+02	 -1.2000e+02	 -1.2000e+02
2.1720e+01	 -1.3179e+01	 -1.2000e+02	 -1.3179e+01	 -1.2000e+02	 -1.2000e+02	 -1.2000e+02	 -1.2000e+02	 -1.2000e+02	 -1.2000e+02	 -1.2000e+02	 -1.2000e+02	 -1.2000e+02
2.1840e+01	 -1.3122e+01	 -1.2000e+02	 -1.3122e+01	 -1.2000e+02	 -1.2000e+02	 -1.2000e+02	 -1.2000e+02	 -1.2000e+02	 -1.2000e+02	 -1.2000e+02	 -1.2000e+02	 -1.2000e+02
2.1960e+01	 -1.3066e+01	 -1.2000e+02	 -1.3066e+01	 -1.2000e+02	 -1.2000e+02	 -1.2000e+02	 -1.2000e+02	 -1.2000e+02	 -1.2000e+02	 -1.2000e+02	 -1.2000e+02	 -1.2000e+02
2.2080e+01	 -1.3010e+01	 -1.2000e+02	 -1.3010e+01	 -1.2000e+02	 -1.2000e+02	 -1.2000e+02	 -1.2000e+02	 -1.2000e+02	 -1.2000e+02	 -1.2000e+02	 -1.2000e+02	 -1.2000e+02
2.2200e+01	 -1.2955e+01	 -1.2000e+02	 -1.2955e+01	 -1.2000e+02	 -1.2000e+02	 -1.2000e+02	 -1.2000e+02	 -1.2000e+02	 -1.2000e+02	 -1.2000e+02	 -1.2000e+02	 -1.2000e+02
2.2320e+01	 -1.2901e+01	 -1.2000e+02	 -1.2901e+01	 -1.2000e+02	 -1.2000e+02	 -1.2000e+02	 -1.2000e+02	 -1.2000e+02	 -1.2000e+02	 -1.2000e+02	 -1.2000e+02	 -1.2000e+02
2.2440e+01	 -1.2847e+01	 -1.2000e+02	 -1.2847e+01	 -1.2000e+02	 -1.2000e+02	 -1.2000e+02	 -1.2000e+02	 -1.2000e+02	 -1.2000e+02	 -1.2000e+02	 -1.2000e+02	 -1.2000e+02
2.2560e+01	 -1.2795e+01	 -1.2000e+02	 -1.2795e+01	 -1.2000e+02	 -1.2000e+02	 -1.2000e+02	 -1.2000e+02	 -1.2000e+02	 -1.2000e+02	 -1.2000e+02	 -1.2000e+02	 -1.2000e+02
2.2680e+01	 -1.2743e+01	 -1.2000e+02	 -1.2743e+01	 -1.2000e+02	 -1.2000e+02	 -1.2000e+02	 -1.2000e+02	 -1.2000e+02	 -1.2000e+02	 -1.2000e+02	 -1.2000e+02	 -1.2000e+02
2.2800e+01	 -1.2693e+01	 -1.2000e+02	 -1.2693e+01	 -1.2000e+02	 -1.2000e+02	 -1.2000e+02	 -1.2000e+02	 -1.2000e+02	 -1.2000e+02	 -1.2000e+02	 -1.2000e+02	 -1.2000e+02
2.2920e+01	 -1.2643e+01	 -1.2000e+02	 -1.2643e+01	 -1.2000e+02	 -1.2000e+02	 -1.2000e+02	 -1.2000e+02	 -1.2000e+02	 -1.2000e+02	 -1.2000e+02	 -1.2000e+02	 -1.2000e+02
2.3040e+01	 -1.2594e+01	 -1.2000e+02	 -1.2594e+01	 -1.2000e+02	 -1.2000e+02	 -1.2000e+02	 -1.2000e+02	 -1.2000e+02	 -1.2000e+02	 -1.2000e+02	 -1.2000e+02	 -1.2000e+02
2.3160e+01	 -1.2546e+01	 -1.2000e+02	 -1.2546e+01	 -1.2000e+02	 -1.2000e+02	 -1.2000e+02	 -1.2000e+02	 -1.2000e+02	 -1.2000e+02	 -1.2000e+02	 -1.2000e+02	 -1.2000e+02
2.3280e+01	 -1.2499e+01	 -1.2000e+02	 -1.2499e+01	 -1.2000e+02	 -1.2000e+02	 -1.2000e+02	 -1.2000e+02	 -1.2000e+02	 -1.2000e+02	 -1.2000e+02	 -1.2000e+02	 -1.2000e+02
2.3400e+01	 -1.2454e+01	 -1.2000e+02	 -1.2454e+01	 -1.2000e+02	 -1.2000e+02	 -1.2000e+02	 -1.2000e+02	 -1.2000e+02	 -1.2000e+02	 -1.2000e+02	 -1.2000e+02	 -1.2000e+02
2.3520e+01	 -1.2410e+01	 -1.2000e+02	 -1.2410e+01	 -1.2000e+02	 -1.2000e+02	 -1.2000e+02	 -1.2000e+02	 -1.2000e+02	 -1.2000e+02	 -1.2000e+02	 -1.2000e+02	 -1.2000e+02
2.3640e+01	 -1.2367e+01	 -1.2000e+02	 -1.2367e+01	 -1.2000e+02	 -1.2000e+02	 -1.2000e+02	 -1.2000e+02	 -1.2000e+02	 -1.2000e+02	 -1.2000e+02	 -1.2000e+02	 -1.2000e+02
2.3760e+01	 -1.2326e+01	 -1.2000e+02	 -1.2326e+01	 -1.2000e+02	 -1.2000e+02	 -1.2000e+02	 -1.2000e+02	 -1.2000e+02	 -1.2000e+02	 -1.2000e+02	 -1.2000e+02	 -1.2000e+02
2.3880e+01	 -1.2285e+01	 -1.2000e+02	 -1.2285e+01	 -1.2000e+02	 -1.2000e+02	 -1.2000e+02	 -1.2000e+02	 -1.2000e+02	 -1.2000e+02	 -1.2000e+02	 -1.2000e+02	 -1.2000e+02
2.4000e+01	 -1.2248e+01	 -1.2000e+02	 -1.2248e+01	 -1.2000e+02	 -1.2000e+02	 -1.2000e+02	 -1.2000e+02	 -1.2000e+02	 -1.2000e+02	 -1.2000e+02	 -1.2000e+02	 -1.2000e+02
2.4120e+01	 -1.2211e+01	 -1.2000e+02	 -1.2211e+01	 -1.2000e+02	 -1.2000e+02	 -1.2000e+02	 -1.2000e+02	 -1.2000e+02	 -1.2000e+02	 -1.2000e+02	 -1.2000e+02	 -1.2000e+02
2.4240e+01	 -1.2178e+01	 -1.2000e+02	 -1.2178e+01	 -1.2000e+02	 -1.2000e+02	 -1.2000e+02	 -1.2000e+02	 -1.2000e+02	 -1.2000e+02	 -1.2000e+02	 -1.2000e+02	 -1.2000e+02
2.4360e+01	 -1.2145e+01	 -1.2000e+02	 -1.2145e+01	 -1.2000e+02	 -1.2000e+02	 -1.2000e+02	 -1.2000e+02	 -1.2000e+02	 -1.2000e+02	 -1.2000e+02	 -1.2000e+02	 -1.2000e+02
2.4480e+01	 -1.2116e+01	 -1.2000e+02	 -1.2116e+01	 -1.2000e+02	 -1.2000e+02	 -1.2000e+02	 -1.2000e+02	 -1.2000e+02	 -1.2000e+02	 -1.2000e+02	 -1.2000e+02	 -1.2000e+02
2.4600e+01	 -1.2088e+01	 -1.2000e+02	 -1.2088e+01	 -1.2000e+02	 -1.2000e+02	 -1.2000e+02	 -1.2000e+02	 -1.2000e+02	 -1.2000e+02	 -1.2000e+02	 -1.2000e+02	 -1.2000e+02
2.4720e+01	 -1.2062e+01	 -1.2000e+02	 -1.2062e+01	 -1.2000e+02	 -1.2000e+02	 -1.2000e+02	 -1.2000e+02	 -1.2000e+02	 -1.2000e+02	 -1.2000e+02	 -1.2000e+02	 -1.2000e+02
2.4840e+01	 -1.2039e+01	 -1.2000e+02	 -1.2039e+01	 -1.2000e+02	 -1.2000e+02	 -1.2000e+02	 -1.2000e+02	 -1.2000e+02	 -1.2000e+02	 -1.2000e+02	 -1.2000e+02	 -1.2000e+02
2.4960e+01	 -1.2017e+01	 -1.2000e+02	 -1.2017e+01	 -1.2000e+02	 -1.2000e+02	 -1.2000e+02	 -1.2000e+02	 -1.2000e+02	 -1.2000e+02	 -1.2000e+02	 -1.2000e+02	 -1.2000e+02
2.5080e+01	 -1.1998e+01	 -1.2000e+02	 -1.1998e+01	 -1.2000e+02	 -1.2000e+02	 -1.2000e+02	 -1.2000e+02	 -1.2000e+02	 -1.2000e+02	 -1.2000e+02	 -1.2000e+02	 -1.2000e+02
2.5200e+01	 -1.1981e+01	 -1.2000e+02	 -1.1981e+01	 -1.2000e+02	 -1.2000e+02	 -1.2000e+02	 -1.2000e+02	 -1.2000e+02	 -1.2000e+02	 -1.2000e+02	 -1.2000e+02	 -1.2000e+02
2.5320e+01	 -1.1966e+01	 -1.2000e+02	 -1.1966e+01	 -1.2000e+02	 -1.2000e+02	 -1.2000e+02	 -1.2000e+02	 -1.2000e+02	 -1.2000e+02	 -1.2000e+02	 -1.2000e+02	 -1.2000e+02
2.5440e+01	 -1.1954e+01	 -1.2000e+02	 -1.1954e+01	 -1.2000e+02	 -1.2000e+02	 -1.2000e+02	 -1.2000e+02	 -1.2000e+02	 -1.2000e+02	 -1.2000e+02	 -1.2000e+02	 -1.2000e+02
2.5560e+01	 -1.1944e+01	 -1.2000e+02	 -1.1944e+01	 -1.2000e+02	 -1.2000e+02	 -1.2000e+02	 -1.2000e+02	 -1.2000e+02	 -1.2000e+02	 -1.2000e+02	 -1.2000e+02	 -1.2000e+02
2.5680e+01	 -1.1940e+01	 -1.2000e+02	 -1.1940e+01	 -1.2000e+02	 -1.2000e+02	 -1.2000e+02	 -1.2000e+02	 -1.2000e+02	 -1.2000e+02	 -1.2000e+02	 -1.2000e+02	 -1.2000e+02
2.5800e+01	 -1.1936e+01	 -1.2000e+02	 -1.1936e+01	 -1.2000e+02	 -1.2000e+02	 -1.2000e+02	 -1.2000e+02	 -1.2000e+02	 -1.2000e+02	 -1.2000e+02	 -1.2000e+02	 -1.2000e+02
2.5920e+01	 -1.1940e+01	 -1.2000e+02	 -1.1940e+01	 -1.2000e+02	 -1.2000e+02	 -1.2000e+02	 -1.2000e+02	 -1.2000e+02	 -1.2000e+02	 -1.2000e+02	 -1.2000e+02	 -1.2000e+02
2.6040e+01	 -1.1947e+01	 -1.2000e+02	 -1.1947e+01	 -1.2000e+02	 -1.2000e+02	 -1.2000e+02	 -1.2000e+02	 -1.2000e+02	 -1.2000e+02	 -1.2000e+02	 -1.2000e+02	 -1.2000e+02
2.6160e+01	 -1.1958e+01	 -1.2000e+02	 -1.1958e+01	 -1.2000e+02	 -1.2000e+02	 -1.2000e+02	 -1.2000e+02	 -1.2000e+02	 -1.2000e+02	 -1.2000e+02	 -1.2000e+02	 -1.2000e+02
2.6280e+01	 -1.1979e+01	 -1.2000e+02	 -1.1979e+01	 -1.2000e+02	 -1.2000e+02	 -1.2000e+02	 -1.2000e+02	 -1.2000e+02	 -1.2000e+02	 -1.2000e+02	 -1.2000e+02	 -1.2000e+02
2.6400e+01	 -1.1999e+01	 -1.2000e+02	 -1.1999e+01	 -1.2000e+02	 -1.2000e+02	 -1.2000e+02	 -1.2000e+02	 -1.2000e+02	 -1.2000e+02	 -1.2000e+02	 -1.2000e+02	 -1.2000e+02
2.6520e+01	 -1.2039e+01	 -1.2000e+02	 -1.2039e+01	 -1.2000e+02	 -1.2000e+02	 -1.2000e+02	 -1.2000e+02	 -1.2000e+02	 -1.2000e+02	 -1.2000e+02	 -1.2000e+02	 -1.2000e+02
2.6640e+01	 -1.2079e+01	 -1.2000e+02	 -1.2079e+01	 -1.2000e+02	 -1.2000e+02	 -1.2000e+02	 -1.2000e+02	 -1.2000e+02	 -1.2000e+02	 -1.2000e+02	 -1.2000e+02	 -1.2000e+02
2.6760e+01	 -1.2137e+01	 -1.2000e+02	 -1.2137e+01	 -1.2000e+02	 -1.2000e+02	 -1.2000e+02	 -1.2000e+02	 -1.2000e+02	 -1.2000e+02	 -1.2000e+02	 -1.2000e+02	 -1.2000e+02
2.6880e+01	 -1.2205e+01	 -1.2000e+02	 -1.2205e+01	 -1.2000e+02	 -1.2000e+02	 -1.2000e+02	 -1.2000e+02	 -1.2000e+02	 -1.2000e+02	 -1.2000e+02	 -1.2000e+02	 -1.2000e+02
2.7000e+01	 -1.2285e+01	 -1.2000e+02	 -1.2285e+01	 -1.2000e+02	 -1.2000e+02	 -1.2000e+02	 -1.2000e+02	 -1.2000e+02	 -1.2000e+02	 -1.2000e+02	 -1.2000e+02	 -1.2000e+02
2.7120e+01	 -1.2395e+01	 -1.2000e+02	 -1.2395e+01	 -1.2000e+02	 -1.2000e+02	 -1.2000e+02	 -1.2000e+02	 -1.2000e+02	 -1.2000e+02	 -1.2000e+02	 -1.2000e+02	 -1.2000e+02
2.7240e+01	 -1.2505e+01	 -1.2000e+02	 -1.2505e+01	 -1.2000e+02	 -1.2000e+02	 -1.2000e+02	 -1.2000e+02	 -1.2000e+02	 -1.2000e+02	 -1.2000e+02	 -1.2000e+02	 -1.2000e+02
2.7360e+01	 -1.2677e+01	 -1.2000e+02	 -1.2677e+01	 -1.2000e+02	 -1.2000e+02	 -1.2000e+02	 -1.2000e+02	 -1.2000e+02	 -1.2000e+02	 -1.2000e+02	 -1.2000e+02	 -1.2000e+02
2.7480e+01	 -1.2854e+01	 -1.2000e+02	 -1.2854e+01	 -1.2000e+02	 -1.2000e+02	 -1.2000e+02	 -1.2000e+02	 -1.2000e+02	 -1.2000e+02	 -1.2000e+02	 -1.2000e+02	 -1.2000e+02
2.7600e+01	 -1.3096e+01	 -1.2000e+02	 -1.3096e+01	 -1.2000e+02	 -1.2000e+02	 -1.2000e+02	 -1.2000e+02	 -1.2000e+02	 -1.2000e+02	 -1.2000e+02	 -1.2000e+02	 -1.2000e+02
2.7720e+01	 -1.3389e+01	 -1.2000e+02	 -1.3389e+01	 -1.2000e+02	 -1.2000e+02	 -1.2000e+02	 -1.2000e+02	 -1.2000e+02	 -1.2000e+02	 -1.2000e+02	 -1.2000e+02	 -1.2000e+02
2.7840e+01	 -1.3740e+01	 -1.2000e+02	 -1.3740e+01	 -1.2000e+02	 -1.2000e+02	 -1.2000e+02	 -1.2000e+02	 -1.2000e+02	 -1.2000e+02	 -1.2000e+02	 -1.2000e+02	 -1.2000e+02
2.7960e+01	 -1.4329e+01	 -1.2000e+02	 -1.4329e+01	 -1.2000e+02	 -1.2000e+02	 -1.2000e+02	 -1.2000e+02	 -1.2000e+02	 -1.2000e+02	 -1.2000e+02	 -1.2000e+02	 -1.2000e+02
2.8080e+01	 -1.4918e+01	 -1.2000e+02	 -1.4918e+01	 -1.2000e+02	 -1.2000e+02	 -1.2000e+02	 -1.2000e+02	 -1.2000e+02	 -1.2000e+02	 -1.2000e+02	 -1.2000e+02	 -1.2000e+02
2.8200e+01	 -5.1832e+01	 -1.2000e+02	 -5.1832e+01	 -1.2000e+02	 -1.2000e+02	 -1.2000e+02	 -1.2000e+02	 -1.2000e+02	 -1.2000e+02	 -1.2000e+02	 -1.2000e+02	 -1.2000e+02
2.8320e+01	 -9.6241e+01	 -1.2000e+02	 -9.6241e+01	 -1.2000e+02	 -1.2000e+02	 -1.2000e+02	 -1.2000e+02	 -1.2000e+02	 -1.2000e+02	 -1.2000e+02	 -1.2000e+02	 -1.2000e+02
2.8440e+01	 -1.2000e+02	 -1.2000e+02	 -1.2000e+02	 -1.2000e+02	 -1.2000e+02	 -1.2000e+02	 -1.2000e+02	 -1.2000e+02	 -1.2000e+02	 -1.2000e+02	 -1.2000e+02	 -1.2000e+02
2.8560e+01	 -1.2000e+02	 -1.2000e+02	 -1.2000e+02	 -1.2000e+02	 -1.2000e+02	 -1.2000e+02	 -1.2000e+02	 -1.2000e+02	 -1.2000e+02	 -1.2000e+02	 -1.2000e+02	 -1.2000e+02
2.8680e+01	 -1.2000e+02	 -1.2000e+02	 -1.2000e+02	 -1.2000e+02	 -1.2000e+02	 -1.2000e+02	 -1.2000e+02	 -1.2000e+02	 -1.2000e+02	 -1.2000e+02	 -1.2000e+02	 -1.2000e+02
2.8800e+01	 -1.2000e+02	 -1.2000e+02	 -1.2000e+02	 -1.2000e+02	 -1.2000e+02	 -1.2000e+02	 -1.2000e+02	 -1.2000e+02	 -1.2000e+02	 -1.2000e+02	 -1.2000e+02	 -1.2000e+02
2.8920e+01	 -1.2000e+02	 -1.2000e+02	 -1.2000e+02	 -1.2000e+02	 -1.2000e+02	 -1.2000e+02	 -1.2000e+02	 -1.2000e+02	 -1.2000e+02	 -1.2000e+02	 -1.2000e+02	 -1.2000e+02
2.9040e+01	 -1.2000e+02	 -1.2000e+02	 -1.2000e+02	 -1.2000e+02	 -1.2000e+02	 -1.2000e+02	 -1.2000e+02	 -1.2000e+02	 -1.2000e+02	 -1.2000e+02	 -1.2000e+02	 -1.2000e+02
2.9160e+01	 -1.2000e+02	 -1.2000e+02	 -1.2000e+02	 -1.2000e+02	 -1.2000e+02	 -1.2000e+02	 -1.2000e+02	 -1.2000e+02	 -1.2000e+02	 -1.2000e+02	 -1.2000e+02	 -1.2000e+02
2.9280e+01	 -1.2000e+02	 -1.2000e+02	 -1.2000e+02	 -1.2000e+02	 -1.2000e+02	 -1.2000e+02	 -1.2000e+02	 -1.2000e+02	 -1.2000e+02	 -1.2000e+02	 -1.2000e+02	 -1.2000e+02
2.9400e+01	 -1.2000e+02	 -1.2000e+02	 -1.2000e+02	 -1.2000e+02	 -1.2000e+02	 -1.2000e+02	 -1.2000e+02	 -1.2000e+02	 -1.2000e+02	 -1.2000e+02	 -1.2000e+02	 -1.2000e+02
2.9520e+01	 -1.2000e+02	 -1.2000e+02	 -1.2000e+02	 -1.2000e+02	 -1.2000e+02	 -1.2000e+02	 -1.2000e+02	 -1.2000e+02	 -1.2000e+02	 -1.2000e+02	 -1.2000e+02	 -1.2000e+02
2.9640e+01	 -1.2000e+02	 -1.2000e+02	 -1.2000e+02	 -1.2000e+02	 -1.2000e+02	 -1.2000e+02	 -1.2000e+02	 -1.2000e+02	 -1.2000e+02	 -1.2000e+02	 -1.2000e+02	 -1.2000e+02
2.9760e+01	 -1.2000e+02	 -1.2000e+02	 -1.2000e+02	 -1.2000e+02	 -1.2000e+02	 -1.2000e+02	 -1.2000e+02	 -1.2000e+02	 -1.2000e+02	 -1.2000e+02	 -1.2000e+02	 -1.2000e+02
2.9880e+01	 -1.2000e+02	 -1.2000e+02	 -1.2000e+02	 -1.2000e+02	 -1.2000e+02	 -1.2000e+02	 -1.2000e+02	 -1.2000e+02	 -1.2000e+02	 -1.2000e+02	 -1.2000e+02	 -1.2000e+02
