#######################################################################################################
#_obs is as observed from the earth: beaming+cosmo   
#_src is in the AGN rest frame     :cosmo         
#_blob is in the blob rest frame                   
# log(nu_obs)|  log(nu_obs*F_nu_obs)|  nu_obs| nu_obs*F_nu_obs|   nu_src| nu_src*L_nu_src|  nu_blob| nu_blob*L_nu_blob|     
#######################################################################################################
7.3836e+00	 -1.8891e+01	 2.4187e+07	 1.2842e-19	2.5000e+07	3.2588e+35	1.0000e+06	8.3710e+29 
7.6729e+00	 -1.8036e+01	 4.7083e+07	 9.2083e-19	4.8665e+07	2.3368e+36	1.9466e+06	6.0614e+30 
7.9621e+00	 -1.7258e+01	 9.1652e+07	 5.5172e-18	9.4731e+07	1.4001e+37	3.7892e+06	3.3343e+31 
8.2514e+00	 -1.6656e+01	 1.7841e+08	 2.2078e-17	1.8440e+08	5.6027e+37	7.3761e+06	1.1824e+32 
8.5407e+00	 -1.6184e+01	 3.4729e+08	 6.5431e-17	3.5896e+08	1.6604e+38	1.4358e+07	3.2988e+32 
8.8300e+00	 -1.5769e+01	 6.7603e+08	 1.7035e-16	6.9875e+08	4.3231e+38	2.7950e+07	8.3970e+32 
9.1192e+00	 -1.5373e+01	 1.3160e+09	 4.2324e-16	1.3602e+09	1.0740e+39	5.4407e+07	2.0701e+33 
9.4085e+00	 -1.4985e+01	 2.5617e+09	 1.0343e-15	2.6477e+09	2.6247e+39	1.0591e+08	5.0459e+33 
9.6978e+00	 -1.4600e+01	 4.9865e+09	 2.5112e-15	5.1541e+09	6.3726e+39	2.0616e+08	1.2240e+34 
9.9871e+00	 -1.4217e+01	 9.7067e+09	 6.0739e-15	1.0033e+10	1.5414e+40	4.0132e+08	2.9598e+34 
1.0276e+01	 -1.3835e+01	 1.8895e+10	 1.4636e-14	1.9530e+10	3.7140e+40	7.8120e+08	7.1312e+34 
1.0566e+01	 -1.3455e+01	 3.6781e+10	 3.5084e-14	3.8017e+10	8.9032e+40	1.5207e+09	1.7091e+35 
1.0855e+01	 -1.3079e+01	 7.1598e+10	 8.3379e-14	7.4004e+10	2.1159e+41	2.9602e+09	4.0626e+35 
1.1144e+01	 -1.2709e+01	 1.3937e+11	 1.9558e-13	1.4406e+11	4.9633e+41	5.7622e+09	9.5295e+35 
1.1433e+01	 -1.2348e+01	 2.7130e+11	 4.4898e-13	2.8042e+11	1.1394e+42	1.1217e+10	2.1876e+36 
1.1723e+01	 -1.2002e+01	 5.2812e+11	 9.9476e-13	5.4586e+11	2.5244e+42	2.1834e+10	4.8469e+36 
1.2012e+01	 -1.1682e+01	 1.0280e+12	 2.0794e-12	1.0626e+12	5.2768e+42	4.2503e+10	1.0132e+37 
1.2301e+01	 -1.1402e+01	 2.0012e+12	 3.9623e-12	2.0684e+12	1.0055e+43	8.2736e+10	1.9306e+37 
1.2591e+01	 -1.1180e+01	 3.8955e+12	 6.6082e-12	4.0263e+12	1.6770e+43	1.6105e+11	3.2198e+37 
1.2880e+01	 -1.1022e+01	 7.5829e+12	 9.5029e-12	7.8377e+12	2.4115e+43	3.1351e+11	4.6302e+37 
1.3169e+01	 -1.0905e+01	 1.4761e+13	 1.2453e-11	1.5257e+13	3.1602e+43	6.1027e+11	6.0676e+37 
1.3458e+01	 -1.0796e+01	 2.8733e+13	 1.5996e-11	2.9699e+13	4.0592e+43	1.1880e+12	7.7937e+37 
1.3748e+01	 -1.0688e+01	 5.5932e+13	 2.0531e-11	5.7812e+13	5.2101e+43	2.3125e+12	1.0003e+38 
1.4037e+01	 -1.0579e+01	 1.0888e+14	 2.6351e-11	1.1254e+14	6.6871e+43	4.5014e+12	1.2839e+38 
1.4326e+01	 -1.0471e+01	 2.1194e+14	 3.3820e-11	2.1906e+14	8.5825e+43	8.7625e+12	1.6478e+38 
1.4615e+01	 -1.0362e+01	 4.1256e+14	 4.3403e-11	4.2643e+14	1.1014e+44	1.7057e+13	2.1148e+38 
1.4905e+01	 -1.0254e+01	 8.0310e+14	 5.5693e-11	8.3008e+14	1.4133e+44	3.3203e+13	2.7135e+38 
1.5194e+01	 -1.0146e+01	 1.5633e+15	 7.1442e-11	1.6158e+15	1.8130e+44	6.4633e+13	3.4809e+38 
1.5483e+01	 -1.0038e+01	 3.0431e+15	 9.1598e-11	3.1454e+15	2.3245e+44	1.2581e+14	4.4630e+38 
1.5773e+01	 -9.9306e+00	 5.9237e+15	 1.1733e-10	6.1228e+15	2.9774e+44	2.4491e+14	5.7166e+38 
1.6062e+01	 -9.8239e+00	 1.1531e+16	 1.5002e-10	1.1919e+16	3.8069e+44	4.7674e+14	7.3093e+38 
1.6351e+01	 -9.7185e+00	 2.2446e+16	 1.9119e-10	2.3201e+16	4.8519e+44	9.2803e+14	9.3156e+38 
1.6640e+01	 -9.6157e+00	 4.3694e+16	 2.4229e-10	4.5162e+16	6.1485e+44	1.8065e+15	1.1805e+39 
1.6930e+01	 -9.5170e+00	 8.5055e+16	 3.0408e-10	8.7913e+16	7.7167e+44	3.5165e+15	1.4816e+39 
1.7219e+01	 -9.4250e+00	 1.6557e+17	 3.7583e-10	1.7113e+17	9.5375e+44	6.8452e+15	1.8312e+39 
1.7508e+01	 -9.3426e+00	 3.2229e+17	 4.5440e-10	3.3312e+17	1.1531e+45	1.3325e+16	2.2140e+39 
1.7798e+01	 -9.2722e+00	 6.2738e+17	 5.3433e-10	6.4846e+17	1.3560e+45	2.5938e+16	2.6035e+39 
1.8087e+01	 -9.2155e+00	 1.2213e+18	 6.0885e-10	1.2623e+18	1.5451e+45	5.0491e+16	2.9665e+39 
1.8376e+01	 -9.1740e+00	 2.3773e+18	 6.6986e-10	2.4572e+18	1.6999e+45	9.8287e+16	3.2638e+39 
1.8665e+01	 -9.1508e+00	 4.6276e+18	 7.0671e-10	4.7831e+18	1.7934e+45	1.9132e+17	3.4433e+39 
1.8955e+01	 -9.1523e+00	 9.0081e+18	 7.0429e-10	9.3108e+18	1.7873e+45	3.7243e+17	3.4315e+39 
1.9244e+01	 -9.1926e+00	 1.7535e+19	 6.4187e-10	1.8124e+19	1.6289e+45	7.2497e+17	3.1274e+39 
1.9533e+01	 -9.3013e+00	 3.4134e+19	 4.9972e-10	3.5281e+19	1.2681e+45	1.4112e+18	2.4348e+39 
1.9822e+01	 -9.5388e+00	 6.6445e+19	 2.8920e-10	6.8678e+19	7.3389e+44	2.7471e+18	1.4091e+39 
2.0112e+01	 -1.0025e+01	 1.2934e+20	 9.4379e-11	1.3369e+20	2.3951e+44	5.3475e+18	4.5985e+38 
2.0401e+01	 -1.0994e+01	 2.5178e+20	 1.0128e-11	2.6024e+20	2.5702e+43	1.0409e+19	4.9347e+37 
2.0690e+01	 -1.2902e+01	 4.9011e+20	 1.2531e-13	5.0657e+20	3.1801e+41	2.0263e+19	6.1057e+35 
2.0980e+01	 -1.6632e+01	 9.5404e+20	 2.3331e-17	9.8610e+20	5.9207e+37	3.9444e+19	1.1368e+32 
2.1269e+01	 -2.3908e+01	 1.8571e+21	 1.2352e-24	1.9195e+21	3.1346e+30	7.6781e+19	6.0185e+24 
2.1558e+01	 -3.8095e+01	 3.6151e+21	 8.0412e-39	3.7366e+21	2.0406e+16	1.4946e+20	3.9180e+10 
