########################################################################
#_src is in the AGN rest frame:cosmo                 
#nu_src  nuFnu_somma_src  nuFnu_Sync_src nuFnu_SSC_src nu_Fnu_Disk_src  nu_Fnu_DT_src nu_Fnu_Star_src nu_Fnu_EC_Disk_src nu_Fnu_EC_BLR_src nu_Fnu_EC_DT_src nu_Fnu_EC_Star_src nu_Fnu_EC_CMB_src  
########################################################################
6.0144e+00	 -6.5596e+01	 -6.5596e+01	 -6.5596e+01	 -6.5596e+01	 -6.5596e+01	 -6.5596e+01	 -6.5596e+01	 -6.5596e+01	 -6.5596e+01	 -6.5596e+01	 -6.5596e+01	 -6.5596e+01
6.1344e+00	 -6.5596e+01	 -6.5596e+01	 -6.5596e+01	 -6.5596e+01	 -6.5596e+01	 -6.5596e+01	 -6.5596e+01	 -6.5596e+01	 -6.5596e+01	 -6.5596e+01	 -6.5596e+01	 -6.5596e+01
6.2544e+00	 -6.5596e+01	 -6.5596e+01	 -6.5596e+01	 -6.5596e+01	 -6.5596e+01	 -6.5596e+01	 -6.5596e+01	 -6.5596e+01	 -6.5596e+01	 -6.5596e+01	 -6.5596e+01	 -6.5596e+01
6.3744e+00	 -6.5596e+01	 -6.5596e+01	 -6.5596e+01	 -6.5596e+01	 -6.5596e+01	 -6.5596e+01	 -6.5596e+01	 -6.5596e+01	 -6.5596e+01	 -6.5596e+01	 -6.5596e+01	 -6.5596e+01
6.4944e+00	 -6.5596e+01	 -6.5596e+01	 -6.5596e+01	 -6.5596e+01	 -6.5596e+01	 -6.5596e+01	 -6.5596e+01	 -6.5596e+01	 -6.5596e+01	 -6.5596e+01	 -6.5596e+01	 -6.5596e+01
6.6144e+00	 -6.5596e+01	 -6.5596e+01	 -6.5596e+01	 -6.5596e+01	 -6.5596e+01	 -6.5596e+01	 -6.5596e+01	 -6.5596e+01	 -6.5596e+01	 -6.5596e+01	 -6.5596e+01	 -6.5596e+01
6.7344e+00	 -6.5596e+01	 -6.5596e+01	 -6.5596e+01	 -6.5596e+01	 -6.5596e+01	 -6.5596e+01	 -6.5596e+01	 -6.5596e+01	 -6.5596e+01	 -6.5596e+01	 -6.5596e+01	 -6.5596e+01
6.8544e+00	 -6.5596e+01	 -6.5596e+01	 -6.5596e+01	 -6.5596e+01	 -6.5596e+01	 -6.5596e+01	 -6.5596e+01	 -6.5596e+01	 -6.5596e+01	 -6.5596e+01	 -6.5596e+01	 -6.5596e+01
6.9744e+00	 -6.5596e+01	 -6.5596e+01	 -6.5596e+01	 -6.5596e+01	 -6.5596e+01	 -6.5596e+01	 -6.5596e+01	 -6.5596e+01	 -6.5596e+01	 -6.5596e+01	 -6.5596e+01	 -6.5596e+01
7.0944e+00	 -6.5596e+01	 -6.5596e+01	 -6.5596e+01	 -6.5596e+01	 -6.5596e+01	 -6.5596e+01	 -6.5596e+01	 -6.5596e+01	 -6.5596e+01	 -6.5596e+01	 -6.5596e+01	 -6.5596e+01
7.2144e+00	 -6.5596e+01	 -6.5596e+01	 -6.5596e+01	 -6.5596e+01	 -6.5596e+01	 -6.5596e+01	 -6.5596e+01	 -6.5596e+01	 -6.5596e+01	 -6.5596e+01	 -6.5596e+01	 -6.5596e+01
7.3344e+00	 -6.5596e+01	 -6.5596e+01	 -6.5596e+01	 -6.5596e+01	 -6.5596e+01	 -6.5596e+01	 -6.5596e+01	 -6.5596e+01	 -6.5596e+01	 -6.5596e+01	 -6.5596e+01	 -6.5596e+01
7.4544e+00	 3.5680e+01	 3.5680e+01	 -6.5596e+01	 -6.5596e+01	 -6.5596e+01	 -6.5596e+01	 -6.5596e+01	 -6.5596e+01	 -6.5596e+01	 -6.5596e+01	 -6.5596e+01	 -6.5596e+01
7.5744e+00	 3.6035e+01	 3.6035e+01	 -6.5596e+01	 -6.5596e+01	 -6.5596e+01	 -6.5596e+01	 -6.5596e+01	 -6.5596e+01	 -6.5596e+01	 -6.5596e+01	 -6.5596e+01	 -6.5596e+01
7.6944e+00	 3.6388e+01	 3.6388e+01	 -6.5596e+01	 -6.5596e+01	 -6.5596e+01	 -6.5596e+01	 -6.5596e+01	 -6.5596e+01	 -6.5596e+01	 -6.5596e+01	 -6.5596e+01	 -6.5596e+01
7.8144e+00	 3.6710e+01	 3.6710e+01	 -6.5596e+01	 -6.5596e+01	 -6.5596e+01	 -6.5596e+01	 -6.5596e+01	 -6.5596e+01	 -6.5596e+01	 -6.5596e+01	 -6.5596e+01	 -6.5596e+01
7.9344e+00	 3.7033e+01	 3.7033e+01	 -6.5596e+01	 -6.5596e+01	 -6.5596e+01	 -6.5596e+01	 -6.5596e+01	 -6.5596e+01	 -6.5596e+01	 -6.5596e+01	 -6.5596e+01	 -6.5596e+01
8.0544e+00	 3.7308e+01	 3.7308e+01	 -6.5596e+01	 -6.5596e+01	 -6.5596e+01	 -6.5596e+01	 -6.5596e+01	 -6.5596e+01	 -6.5596e+01	 -6.5596e+01	 -6.5596e+01	 -6.5596e+01
8.1744e+00	 3.7558e+01	 3.7558e+01	 -6.5596e+01	 -6.5596e+01	 -6.5596e+01	 -6.5596e+01	 -6.5596e+01	 -6.5596e+01	 -6.5596e+01	 -6.5596e+01	 -6.5596e+01	 -6.5596e+01
8.2944e+00	 3.7795e+01	 3.7795e+01	 -6.5596e+01	 -6.5596e+01	 -6.5596e+01	 -6.5596e+01	 -6.5596e+01	 -6.5596e+01	 -6.5596e+01	 -6.5596e+01	 -6.5596e+01	 -6.5596e+01
8.4144e+00	 3.7991e+01	 3.7991e+01	 -6.5596e+01	 -6.5596e+01	 -6.5596e+01	 -6.5596e+01	 -6.5596e+01	 -6.5596e+01	 -6.5596e+01	 -6.5596e+01	 -6.5596e+01	 -6.5596e+01
8.5344e+00	 3.8186e+01	 3.8186e+01	 -6.5596e+01	 -6.5596e+01	 -6.5596e+01	 -6.5596e+01	 -6.5596e+01	 -6.5596e+01	 -6.5596e+01	 -6.5596e+01	 -6.5596e+01	 -6.5596e+01
8.6544e+00	 3.8363e+01	 3.8363e+01	 -6.5596e+01	 -6.5596e+01	 -6.5596e+01	 -6.5596e+01	 -6.5596e+01	 -6.5596e+01	 -6.5596e+01	 -6.5596e+01	 -6.5596e+01	 -6.5596e+01
8.7744e+00	 3.8535e+01	 3.8535e+01	 -6.5596e+01	 -6.5596e+01	 -6.5596e+01	 -6.5596e+01	 -6.5596e+01	 -6.5596e+01	 -6.5596e+01	 -6.5596e+01	 -6.5596e+01	 -6.5596e+01
8.8944e+00	 3.8704e+01	 3.8704e+01	 -6.5596e+01	 -6.5596e+01	 -6.5596e+01	 -6.5596e+01	 -6.5596e+01	 -6.5596e+01	 -6.5596e+01	 -6.5596e+01	 -6.5596e+01	 -6.5596e+01
9.0144e+00	 3.8868e+01	 3.8868e+01	 -6.5596e+01	 -6.5596e+01	 -6.5596e+01	 -6.5596e+01	 -6.5596e+01	 -6.5596e+01	 -6.5596e+01	 -6.5596e+01	 -6.5596e+01	 -6.5596e+01
9.1344e+00	 3.9032e+01	 3.9032e+01	 -6.5596e+01	 -6.5596e+01	 -6.5596e+01	 -6.5596e+01	 -6.5596e+01	 -6.5596e+01	 -6.5596e+01	 -6.5596e+01	 -6.5596e+01	 -6.5596e+01
9.2544e+00	 3.9193e+01	 3.9193e+01	 -6.5596e+01	 -6.5596e+01	 -6.5596e+01	 -6.5596e+01	 -6.5596e+01	 -6.5596e+01	 -6.5596e+01	 -6.5596e+01	 -6.5596e+01	 -6.5596e+01
9.3744e+00	 3.9354e+01	 3.9354e+01	 -6.5596e+01	 -6.5596e+01	 -6.5596e+01	 -6.5596e+01	 -6.5596e+01	 -6.5596e+01	 -6.5596e+01	 -6.5596e+01	 -6.5596e+01	 -6.5596e+01
9.4944e+00	 3.9514e+01	 3.9514e+01	 -6.5596e+01	 -6.5596e+01	 -6.5596e+01	 -6.5596e+01	 -6.5596e+01	 -6.5596e+01	 -6.5596e+01	 -6.5596e+01	 -6.5596e+01	 -6.5596e+01
9.6144e+00	 3.9674e+01	 3.9674e+01	 -6.5596e+01	 -6.5596e+01	 -6.5596e+01	 -6.5596e+01	 -6.5596e+01	 -6.5596e+01	 -6.5596e+01	 -6.5596e+01	 -6.5596e+01	 -6.5596e+01
9.7344e+00	 3.9834e+01	 3.9834e+01	 -6.5596e+01	 -6.5596e+01	 -6.5596e+01	 -6.5596e+01	 -6.5596e+01	 -6.5596e+01	 -6.5596e+01	 -6.5596e+01	 -6.5596e+01	 -6.5596e+01
9.8544e+00	 3.9993e+01	 3.9993e+01	 -6.5596e+01	 -6.5596e+01	 -6.5596e+01	 -6.5596e+01	 -6.5596e+01	 -6.5596e+01	 -6.5596e+01	 -6.5596e+01	 -6.5596e+01	 -6.5596e+01
9.9744e+00	 4.0152e+01	 4.0152e+01	 -6.5596e+01	 -6.5596e+01	 -6.5596e+01	 -6.5596e+01	 -6.5596e+01	 -6.5596e+01	 -6.5596e+01	 -6.5596e+01	 -6.5596e+01	 -6.5596e+01
1.0094e+01	 4.0311e+01	 4.0311e+01	 -6.5596e+01	 -6.5596e+01	 -6.5596e+01	 -6.5596e+01	 -6.5596e+01	 -6.5596e+01	 -6.5596e+01	 -6.5596e+01	 -6.5596e+01	 -6.5596e+01
1.0214e+01	 4.0469e+01	 4.0469e+01	 -6.5596e+01	 -6.5596e+01	 -6.5596e+01	 -6.5596e+01	 -6.5596e+01	 -6.5596e+01	 -6.5596e+01	 -6.5596e+01	 -6.5596e+01	 -6.5596e+01
1.0334e+01	 4.0627e+01	 4.0627e+01	 -6.5596e+01	 -6.5596e+01	 -6.5596e+01	 -6.5596e+01	 -6.5596e+01	 -6.5596e+01	 -6.5596e+01	 -6.5596e+01	 -6.5596e+01	 -6.5596e+01
1.0454e+01	 4.0785e+01	 4.0785e+01	 -6.5596e+01	 -6.5596e+01	 -6.5596e+01	 -6.5596e+01	 -6.5596e+01	 -6.5596e+01	 -6.5596e+01	 -6.5596e+01	 -6.5596e+01	 -6.5596e+01
1.0574e+01	 4.0942e+01	 4.0942e+01	 -6.5596e+01	 -6.5596e+01	 -6.5596e+01	 -6.5596e+01	 -6.5596e+01	 -6.5596e+01	 -6.5596e+01	 -6.5596e+01	 -6.5596e+01	 -6.5596e+01
1.0694e+01	 4.1098e+01	 4.1098e+01	 -6.5596e+01	 -6.5596e+01	 -6.5596e+01	 -6.5596e+01	 -6.5596e+01	 -6.5596e+01	 -6.5596e+01	 -6.5596e+01	 -6.5596e+01	 -6.5596e+01
1.0814e+01	 4.1254e+01	 4.1254e+01	 -6.5596e+01	 -6.5596e+01	 -6.5596e+01	 -6.5596e+01	 -6.5596e+01	 -6.5596e+01	 -6.5596e+01	 -6.5596e+01	 -6.5596e+01	 -6.5596e+01
1.0934e+01	 4.1409e+01	 4.1409e+01	 -6.5596e+01	 -6.5596e+01	 -6.5596e+01	 -6.5596e+01	 -6.5596e+01	 -6.5596e+01	 -6.5596e+01	 -6.5596e+01	 -6.5596e+01	 -6.5596e+01
1.1054e+01	 4.1562e+01	 4.1562e+01	 -6.5596e+01	 -6.5596e+01	 -6.5596e+01	 -6.5596e+01	 -6.5596e+01	 -6.5596e+01	 -6.5596e+01	 -6.5596e+01	 -6.5596e+01	 -6.5596e+01
1.1174e+01	 4.1716e+01	 4.1716e+01	 -6.5596e+01	 -6.5596e+01	 -6.5596e+01	 -6.5596e+01	 -6.5596e+01	 -6.5596e+01	 -6.5596e+01	 -6.5596e+01	 -6.5596e+01	 -6.5596e+01
1.1294e+01	 4.1865e+01	 4.1865e+01	 -6.5596e+01	 -6.5596e+01	 -6.5596e+01	 -6.5596e+01	 -6.5596e+01	 -6.5596e+01	 -6.5596e+01	 -6.5596e+01	 -6.5596e+01	 -6.5596e+01
1.1414e+01	 4.2015e+01	 4.2015e+01	 -6.5596e+01	 -6.5596e+01	 -6.5596e+01	 -6.5596e+01	 -6.5596e+01	 -6.5596e+01	 -6.5596e+01	 -6.5596e+01	 -6.5596e+01	 -6.5596e+01
1.1534e+01	 4.2160e+01	 4.2160e+01	 -6.5596e+01	 -6.5596e+01	 -6.5596e+01	 -6.5596e+01	 -6.5596e+01	 -6.5596e+01	 -6.5596e+01	 -6.5596e+01	 -6.5596e+01	 -6.5596e+01
1.1654e+01	 4.2303e+01	 4.2303e+01	 -6.5596e+01	 -6.5596e+01	 -6.5596e+01	 -6.5596e+01	 -6.5596e+01	 -6.5596e+01	 -6.5596e+01	 -6.5596e+01	 -6.5596e+01	 -6.5596e+01
1.1774e+01	 4.2443e+01	 4.2443e+01	 -6.5596e+01	 -6.5596e+01	 -6.5596e+01	 -6.5596e+01	 -6.5596e+01	 -6.5596e+01	 -6.5596e+01	 -6.5596e+01	 -6.5596e+01	 -6.5596e+01
1.1894e+01	 4.2576e+01	 4.2576e+01	 -6.5596e+01	 -6.5596e+01	 -6.5596e+01	 -6.5596e+01	 -6.5596e+01	 -6.5596e+01	 -6.5596e+01	 -6.5596e+01	 -6.5596e+01	 -6.5596e+01
1.2014e+01	 4.2709e+01	 4.2709e+01	 -6.5596e+01	 -6.5596e+01	 -6.5596e+01	 -6.5596e+01	 -6.5596e+01	 -6.5596e+01	 -6.5596e+01	 -6.5596e+01	 -6.5596e+01	 -6.5596e+01
1.2134e+01	 4.2827e+01	 4.2827e+01	 -6.5596e+01	 -6.5596e+01	 -6.5596e+01	 -6.5596e+01	 -6.5596e+01	 -6.5596e+01	 -6.5596e+01	 -6.5596e+01	 -6.5596e+01	 -6.5596e+01
1.2254e+01	 4.2943e+01	 4.2943e+01	 -6.5596e+01	 -6.5596e+01	 -6.5596e+01	 -6.5596e+01	 -6.5596e+01	 -6.5596e+01	 -6.5596e+01	 -6.5596e+01	 -6.5596e+01	 -6.5596e+01
1.2374e+01	 4.3047e+01	 4.3047e+01	 -6.5596e+01	 -6.5596e+01	 -6.5596e+01	 -6.5596e+01	 -6.5596e+01	 -6.5596e+01	 -6.5596e+01	 -6.5596e+01	 -6.5596e+01	 -6.5596e+01
1.2494e+01	 4.3140e+01	 4.3140e+01	 -6.5596e+01	 -6.5596e+01	 -6.5596e+01	 -6.5596e+01	 -6.5596e+01	 -6.5596e+01	 -6.5596e+01	 -6.5596e+01	 -6.5596e+01	 -6.5596e+01
1.2614e+01	 4.3230e+01	 4.3230e+01	 -6.5596e+01	 -6.5596e+01	 -6.5596e+01	 -6.5596e+01	 -6.5596e+01	 -6.5596e+01	 -6.5596e+01	 -6.5596e+01	 -6.5596e+01	 -6.5596e+01
1.2734e+01	 4.3295e+01	 4.3295e+01	 -6.5596e+01	 -6.5596e+01	 -6.5596e+01	 -6.5596e+01	 -6.5596e+01	 -6.5596e+01	 -6.5596e+01	 -6.5596e+01	 -6.5596e+01	 -6.5596e+01
1.2854e+01	 4.3361e+01	 4.3361e+01	 -6.5596e+01	 -6.5596e+01	 -6.5596e+01	 -6.5596e+01	 -6.5596e+01	 -6.5596e+01	 -6.5596e+01	 -6.5596e+01	 -6.5596e+01	 -6.5596e+01
1.2974e+01	 4.3415e+01	 4.3415e+01	 -6.5596e+01	 -6.5596e+01	 -6.5596e+01	 -6.5596e+01	 -6.5596e+01	 -6.5596e+01	 -6.5596e+01	 -6.5596e+01	 -6.5596e+01	 -6.5596e+01
1.3094e+01	 4.3464e+01	 4.3464e+01	 -6.5596e+01	 -6.5596e+01	 -6.5596e+01	 -6.5596e+01	 -6.5596e+01	 -6.5596e+01	 -6.5596e+01	 -6.5596e+01	 -6.5596e+01	 -6.5596e+01
1.3214e+01	 4.3511e+01	 4.3511e+01	 -6.5596e+01	 -6.5596e+01	 -6.5596e+01	 -6.5596e+01	 -6.5596e+01	 -6.5596e+01	 -6.5596e+01	 -6.5596e+01	 -6.5596e+01	 -6.5596e+01
1.3334e+01	 4.3556e+01	 4.3556e+01	 -6.5596e+01	 -6.5596e+01	 -6.5596e+01	 -6.5596e+01	 -6.5596e+01	 -6.5596e+01	 -6.5596e+01	 -6.5596e+01	 -6.5596e+01	 -6.5596e+01
1.3454e+01	 4.3602e+01	 4.3602e+01	 -6.5596e+01	 -6.5596e+01	 -6.5596e+01	 -6.5596e+01	 -6.5596e+01	 -6.5596e+01	 -6.5596e+01	 -6.5596e+01	 -6.5596e+01	 -6.5596e+01
1.3574e+01	 4.3647e+01	 4.3647e+01	 -6.5596e+01	 -6.5596e+01	 -6.5596e+01	 -6.5596e+01	 -6.5596e+01	 -6.5596e+01	 -6.5596e+01	 -6.5596e+01	 -6.5596e+01	 -6.5596e+01
1.3694e+01	 4.3691e+01	 4.3691e+01	 -6.5596e+01	 -6.5596e+01	 -6.5596e+01	 -6.5596e+01	 -6.5596e+01	 -6.5596e+01	 -6.5596e+01	 -6.5596e+01	 -6.5596e+01	 -6.5596e+01
1.3814e+01	 4.3736e+01	 4.3736e+01	 -6.5596e+01	 -6.5596e+01	 -6.5596e+01	 -6.5596e+01	 -6.5596e+01	 -6.5596e+01	 -6.5596e+01	 -6.5596e+01	 -6.5596e+01	 -6.5596e+01
1.3934e+01	 4.3781e+01	 4.3781e+01	 -6.5596e+01	 -6.5596e+01	 -6.5596e+01	 -6.5596e+01	 -6.5596e+01	 -6.5596e+01	 -6.5596e+01	 -6.5596e+01	 -6.5596e+01	 -6.5596e+01
1.4054e+01	 4.3826e+01	 4.3826e+01	 -6.5596e+01	 -6.5596e+01	 -6.5596e+01	 -6.5596e+01	 -6.5596e+01	 -6.5596e+01	 -6.5596e+01	 -6.5596e+01	 -6.5596e+01	 -6.5596e+01
1.4174e+01	 4.3871e+01	 4.3871e+01	 -6.5596e+01	 -6.5596e+01	 -6.5596e+01	 -6.5596e+01	 -6.5596e+01	 -6.5596e+01	 -6.5596e+01	 -6.5596e+01	 -6.5596e+01	 -6.5596e+01
1.4294e+01	 4.3916e+01	 4.3916e+01	 -6.5596e+01	 -6.5596e+01	 -6.5596e+01	 -6.5596e+01	 -6.5596e+01	 -6.5596e+01	 -6.5596e+01	 -6.5596e+01	 -6.5596e+01	 -6.5596e+01
1.4414e+01	 4.3961e+01	 4.3961e+01	 -6.5596e+01	 -6.5596e+01	 -6.5596e+01	 -6.5596e+01	 -6.5596e+01	 -6.5596e+01	 -6.5596e+01	 -6.5596e+01	 -6.5596e+01	 -6.5596e+01
1.4534e+01	 4.4006e+01	 4.4006e+01	 -6.5596e+01	 -6.5596e+01	 -6.5596e+01	 -6.5596e+01	 -6.5596e+01	 -6.5596e+01	 -6.5596e+01	 -6.5596e+01	 -6.5596e+01	 -6.5596e+01
1.4654e+01	 4.4051e+01	 4.4051e+01	 -6.5596e+01	 -6.5596e+01	 -6.5596e+01	 -6.5596e+01	 -6.5596e+01	 -6.5596e+01	 -6.5596e+01	 -6.5596e+01	 -6.5596e+01	 -6.5596e+01
1.4774e+01	 4.4096e+01	 4.4096e+01	 -6.5596e+01	 -6.5596e+01	 -6.5596e+01	 -6.5596e+01	 -6.5596e+01	 -6.5596e+01	 -6.5596e+01	 -6.5596e+01	 -6.5596e+01	 -6.5596e+01
1.4894e+01	 4.4141e+01	 4.4141e+01	 -6.5596e+01	 -6.5596e+01	 -6.5596e+01	 -6.5596e+01	 -6.5596e+01	 -6.5596e+01	 -6.5596e+01	 -6.5596e+01	 -6.5596e+01	 -6.5596e+01
1.5014e+01	 4.4186e+01	 4.4186e+01	 -6.5596e+01	 -6.5596e+01	 -6.5596e+01	 -6.5596e+01	 -6.5596e+01	 -6.5596e+01	 -6.5596e+01	 -6.5596e+01	 -6.5596e+01	 -6.5596e+01
1.5134e+01	 4.4231e+01	 4.4231e+01	 -6.5596e+01	 -6.5596e+01	 -6.5596e+01	 -6.5596e+01	 -6.5596e+01	 -6.5596e+01	 -6.5596e+01	 -6.5596e+01	 -6.5596e+01	 -6.5596e+01
1.5254e+01	 4.4276e+01	 4.4276e+01	 -6.5596e+01	 -6.5596e+01	 -6.5596e+01	 -6.5596e+01	 -6.5596e+01	 -6.5596e+01	 -6.5596e+01	 -6.5596e+01	 -6.5596e+01	 -6.5596e+01
1.5374e+01	 4.4320e+01	 4.4320e+01	 -6.5596e+01	 -6.5596e+01	 -6.5596e+01	 -6.5596e+01	 -6.5596e+01	 -6.5596e+01	 -6.5596e+01	 -6.5596e+01	 -6.5596e+01	 -6.5596e+01
1.5494e+01	 4.4365e+01	 4.4365e+01	 -6.5596e+01	 -6.5596e+01	 -6.5596e+01	 -6.5596e+01	 -6.5596e+01	 -6.5596e+01	 -6.5596e+01	 -6.5596e+01	 -6.5596e+01	 -6.5596e+01
1.5614e+01	 4.4410e+01	 4.4410e+01	 -6.5596e+01	 -6.5596e+01	 -6.5596e+01	 -6.5596e+01	 -6.5596e+01	 -6.5596e+01	 -6.5596e+01	 -6.5596e+01	 -6.5596e+01	 -6.5596e+01
1.5734e+01	 4.4454e+01	 4.4454e+01	 -6.5596e+01	 -6.5596e+01	 -6.5596e+01	 -6.5596e+01	 -6.5596e+01	 -6.5596e+01	 -6.5596e+01	 -6.5596e+01	 -6.5596e+01	 -6.5596e+01
1.5854e+01	 4.4499e+01	 4.4499e+01	 -6.5596e+01	 -6.5596e+01	 -6.5596e+01	 -6.5596e+01	 -6.5596e+01	 -6.5596e+01	 -6.5596e+01	 -6.5596e+01	 -6.5596e+01	 -6.5596e+01
1.5974e+01	 4.4543e+01	 4.4543e+01	 -6.5596e+01	 -6.5596e+01	 -6.5596e+01	 -6.5596e+01	 -6.5596e+01	 -6.5596e+01	 -6.5596e+01	 -6.5596e+01	 -6.5596e+01	 -6.5596e+01
1.6094e+01	 4.4587e+01	 4.4587e+01	 -6.5596e+01	 -6.5596e+01	 -6.5596e+01	 -6.5596e+01	 -6.5596e+01	 -6.5596e+01	 -6.5596e+01	 -6.5596e+01	 -6.5596e+01	 -6.5596e+01
1.6214e+01	 4.4631e+01	 4.4631e+01	 -6.5596e+01	 -6.5596e+01	 -6.5596e+01	 -6.5596e+01	 -6.5596e+01	 -6.5596e+01	 -6.5596e+01	 -6.5596e+01	 -6.5596e+01	 -6.5596e+01
1.6334e+01	 4.4675e+01	 4.4675e+01	 -6.5596e+01	 -6.5596e+01	 -6.5596e+01	 -6.5596e+01	 -6.5596e+01	 -6.5596e+01	 -6.5596e+01	 -6.5596e+01	 -6.5596e+01	 -6.5596e+01
1.6454e+01	 4.4718e+01	 4.4718e+01	 -6.5596e+01	 -6.5596e+01	 -6.5596e+01	 -6.5596e+01	 -6.5596e+01	 -6.5596e+01	 -6.5596e+01	 -6.5596e+01	 -6.5596e+01	 -6.5596e+01
1.6574e+01	 4.4760e+01	 4.4760e+01	 -6.5596e+01	 -6.5596e+01	 -6.5596e+01	 -6.5596e+01	 -6.5596e+01	 -6.5596e+01	 -6.5596e+01	 -6.5596e+01	 -6.5596e+01	 -6.5596e+01
1.6694e+01	 4.4802e+01	 4.4802e+01	 -6.5596e+01	 -6.5596e+01	 -6.5596e+01	 -6.5596e+01	 -6.5596e+01	 -6.5596e+01	 -6.5596e+01	 -6.5596e+01	 -6.5596e+01	 -6.5596e+01
1.6814e+01	 4.4843e+01	 4.4843e+01	 -6.5596e+01	 -6.5596e+01	 -6.5596e+01	 -6.5596e+01	 -6.5596e+01	 -6.5596e+01	 -6.5596e+01	 -6.5596e+01	 -6.5596e+01	 -6.5596e+01
1.6934e+01	 4.4884e+01	 4.4884e+01	 -6.5596e+01	 -6.5596e+01	 -6.5596e+01	 -6.5596e+01	 -6.5596e+01	 -6.5596e+01	 -6.5596e+01	 -6.5596e+01	 -6.5596e+01	 -6.5596e+01
1.7054e+01	 4.4923e+01	 4.4923e+01	 -6.5596e+01	 -6.5596e+01	 -6.5596e+01	 -6.5596e+01	 -6.5596e+01	 -6.5596e+01	 -6.5596e+01	 -6.5596e+01	 -6.5596e+01	 -6.5596e+01
1.7174e+01	 4.4961e+01	 4.4961e+01	 -6.5596e+01	 -6.5596e+01	 -6.5596e+01	 -6.5596e+01	 -6.5596e+01	 -6.5596e+01	 -6.5596e+01	 -6.5596e+01	 -6.5596e+01	 -6.5596e+01
1.7294e+01	 4.4997e+01	 4.4997e+01	 -6.5596e+01	 -6.5596e+01	 -6.5596e+01	 -6.5596e+01	 -6.5596e+01	 -6.5596e+01	 -6.5596e+01	 -6.5596e+01	 -6.5596e+01	 -6.5596e+01
1.7414e+01	 4.5031e+01	 4.5031e+01	 -6.5596e+01	 -6.5596e+01	 -6.5596e+01	 -6.5596e+01	 -6.5596e+01	 -6.5596e+01	 -6.5596e+01	 -6.5596e+01	 -6.5596e+01	 -6.5596e+01
1.7534e+01	 4.5065e+01	 4.5065e+01	 -6.5596e+01	 -6.5596e+01	 -6.5596e+01	 -6.5596e+01	 -6.5596e+01	 -6.5596e+01	 -6.5596e+01	 -6.5596e+01	 -6.5596e+01	 -6.5596e+01
1.7654e+01	 4.5094e+01	 4.5094e+01	 -6.5596e+01	 -6.5596e+01	 -6.5596e+01	 -6.5596e+01	 -6.5596e+01	 -6.5596e+01	 -6.5596e+01	 -6.5596e+01	 -6.5596e+01	 -6.5596e+01
1.7774e+01	 4.5123e+01	 4.5123e+01	 -6.5596e+01	 -6.5596e+01	 -6.5596e+01	 -6.5596e+01	 -6.5596e+01	 -6.5596e+01	 -6.5596e+01	 -6.5596e+01	 -6.5596e+01	 -6.5596e+01
1.7894e+01	 4.5148e+01	 4.5148e+01	 -6.5596e+01	 -6.5596e+01	 -6.5596e+01	 -6.5596e+01	 -6.5596e+01	 -6.5596e+01	 -6.5596e+01	 -6.5596e+01	 -6.5596e+01	 -6.5596e+01
1.8014e+01	 4.5172e+01	 4.5172e+01	 -6.5596e+01	 -6.5596e+01	 -6.5596e+01	 -6.5596e+01	 -6.5596e+01	 -6.5596e+01	 -6.5596e+01	 -6.5596e+01	 -6.5596e+01	 -6.5596e+01
1.8134e+01	 4.5194e+01	 4.5194e+01	 -6.5596e+01	 -6.5596e+01	 -6.5596e+01	 -6.5596e+01	 -6.5596e+01	 -6.5596e+01	 -6.5596e+01	 -6.5596e+01	 -6.5596e+01	 -6.5596e+01
1.8254e+01	 4.5211e+01	 4.5211e+01	 -6.5596e+01	 -6.5596e+01	 -6.5596e+01	 -6.5596e+01	 -6.5596e+01	 -6.5596e+01	 -6.5596e+01	 -6.5596e+01	 -6.5596e+01	 -6.5596e+01
1.8374e+01	 4.5228e+01	 4.5228e+01	 -6.5596e+01	 -6.5596e+01	 -6.5596e+01	 -6.5596e+01	 -6.5596e+01	 -6.5596e+01	 -6.5596e+01	 -6.5596e+01	 -6.5596e+01	 -6.5596e+01
1.8494e+01	 4.5239e+01	 4.5239e+01	 -6.5596e+01	 -6.5596e+01	 -6.5596e+01	 -6.5596e+01	 -6.5596e+01	 -6.5596e+01	 -6.5596e+01	 -6.5596e+01	 -6.5596e+01	 -6.5596e+01
1.8614e+01	 4.5248e+01	 4.5248e+01	 -6.5596e+01	 -6.5596e+01	 -6.5596e+01	 -6.5596e+01	 -6.5596e+01	 -6.5596e+01	 -6.5596e+01	 -6.5596e+01	 -6.5596e+01	 -6.5596e+01
1.8734e+01	 4.5253e+01	 4.5253e+01	 3.9080e+01	 -6.5596e+01	 -6.5596e+01	 -6.5596e+01	 -6.5596e+01	 -6.5596e+01	 -6.5596e+01	 -6.5596e+01	 -6.5596e+01	 -6.5596e+01
1.8854e+01	 4.5253e+01	 4.5253e+01	 3.9165e+01	 -6.5596e+01	 -6.5596e+01	 -6.5596e+01	 -6.5596e+01	 -6.5596e+01	 -6.5596e+01	 -6.5596e+01	 -6.5596e+01	 -6.5596e+01
1.8974e+01	 4.5251e+01	 4.5251e+01	 3.9247e+01	 -6.5596e+01	 -6.5596e+01	 -6.5596e+01	 -6.5596e+01	 -6.5596e+01	 -6.5596e+01	 -6.5596e+01	 -6.5596e+01	 -6.5596e+01
1.9094e+01	 4.5235e+01	 4.5235e+01	 3.9325e+01	 -6.5596e+01	 -6.5596e+01	 -6.5596e+01	 -6.5596e+01	 -6.5596e+01	 -6.5596e+01	 -6.5596e+01	 -6.5596e+01	 -6.5596e+01
1.9214e+01	 4.5218e+01	 4.5218e+01	 3.9401e+01	 -6.5596e+01	 -6.5596e+01	 -6.5596e+01	 -6.5596e+01	 -6.5596e+01	 -6.5596e+01	 -6.5596e+01	 -6.5596e+01	 -6.5596e+01
1.9334e+01	 4.5183e+01	 4.5183e+01	 3.9476e+01	 -6.5596e+01	 -6.5596e+01	 -6.5596e+01	 -6.5596e+01	 -6.5596e+01	 -6.5596e+01	 -6.5596e+01	 -6.5596e+01	 -6.5596e+01
1.9454e+01	 4.5138e+01	 4.5138e+01	 3.9548e+01	 -6.5596e+01	 -6.5596e+01	 -6.5596e+01	 -6.5596e+01	 -6.5596e+01	 -6.5596e+01	 -6.5596e+01	 -6.5596e+01	 -6.5596e+01
1.9574e+01	 4.5081e+01	 4.5081e+01	 3.9617e+01	 -6.5596e+01	 -6.5596e+01	 -6.5596e+01	 -6.5596e+01	 -6.5596e+01	 -6.5596e+01	 -6.5596e+01	 -6.5596e+01	 -6.5596e+01
1.9694e+01	 4.4983e+01	 4.4983e+01	 3.9686e+01	 -6.5596e+01	 -6.5596e+01	 -6.5596e+01	 -6.5596e+01	 -6.5596e+01	 -6.5596e+01	 -6.5596e+01	 -6.5596e+01	 -6.5596e+01
1.9814e+01	 4.4884e+01	 4.4884e+01	 3.9754e+01	 -6.5596e+01	 -6.5596e+01	 -6.5596e+01	 -6.5596e+01	 -6.5596e+01	 -6.5596e+01	 -6.5596e+01	 -6.5596e+01	 -6.5596e+01
1.9934e+01	 4.4702e+01	 4.4702e+01	 3.9821e+01	 -6.5596e+01	 -6.5596e+01	 -6.5596e+01	 -6.5596e+01	 -6.5596e+01	 -6.5596e+01	 -6.5596e+01	 -6.5596e+01	 -6.5596e+01
2.0054e+01	 4.4500e+01	 4.4500e+01	 3.9885e+01	 -6.5596e+01	 -6.5596e+01	 -6.5596e+01	 -6.5596e+01	 -6.5596e+01	 -6.5596e+01	 -6.5596e+01	 -6.5596e+01	 -6.5596e+01
2.0174e+01	 4.4218e+01	 4.4218e+01	 3.9950e+01	 -6.5596e+01	 -6.5596e+01	 -6.5596e+01	 -6.5596e+01	 -6.5596e+01	 -6.5596e+01	 -6.5596e+01	 -6.5596e+01	 -6.5596e+01
2.0294e+01	 4.3816e+01	 4.3815e+01	 4.0013e+01	 -6.5596e+01	 -6.5596e+01	 -6.5596e+01	 -6.5596e+01	 -6.5596e+01	 -6.5596e+01	 -6.5596e+01	 -6.5596e+01	 -6.5596e+01
2.0414e+01	 4.3414e+01	 4.3413e+01	 4.0077e+01	 -6.5596e+01	 -6.5596e+01	 -6.5596e+01	 -6.5596e+01	 -6.5596e+01	 -6.5596e+01	 -6.5596e+01	 -6.5596e+01	 -6.5596e+01
2.0534e+01	 4.2627e+01	 4.2625e+01	 4.0138e+01	 -6.5596e+01	 -6.5596e+01	 -6.5596e+01	 -6.5596e+01	 -6.5596e+01	 -6.5596e+01	 -6.5596e+01	 -6.5596e+01	 -6.5596e+01
2.0654e+01	 4.1844e+01	 4.1834e+01	 4.0200e+01	 -6.5596e+01	 -6.5596e+01	 -6.5596e+01	 -6.5596e+01	 -6.5596e+01	 -6.5596e+01	 -6.5596e+01	 -6.5596e+01	 -6.5596e+01
2.0774e+01	 4.0766e+01	 4.0604e+01	 4.0260e+01	 -6.5596e+01	 -6.5596e+01	 -6.5596e+01	 -6.5596e+01	 -6.5596e+01	 -6.5596e+01	 -6.5596e+01	 -6.5596e+01	 -6.5596e+01
2.0894e+01	 4.0343e+01	 3.9056e+01	 4.0320e+01	 -6.5596e+01	 -6.5596e+01	 -6.5596e+01	 -6.5596e+01	 -6.5596e+01	 -6.5596e+01	 -6.5596e+01	 -6.5596e+01	 -6.5596e+01
2.1014e+01	 4.0381e+01	 3.7258e+01	 4.0380e+01	 -6.5596e+01	 -6.5596e+01	 -6.5596e+01	 -6.5596e+01	 -6.5596e+01	 -6.5596e+01	 -6.5596e+01	 -6.5596e+01	 -6.5596e+01
2.1134e+01	 4.0440e+01	 3.4240e+01	 4.0440e+01	 -6.5596e+01	 -6.5596e+01	 -6.5596e+01	 -6.5596e+01	 -6.5596e+01	 -6.5596e+01	 -6.5596e+01	 -6.5596e+01	 -6.5596e+01
2.1254e+01	 4.0499e+01	 3.1222e+01	 4.0499e+01	 -6.5596e+01	 -6.5596e+01	 -6.5596e+01	 -6.5596e+01	 -6.5596e+01	 -6.5596e+01	 -6.5596e+01	 -6.5596e+01	 -6.5596e+01
2.1374e+01	 4.0558e+01	 2.6026e+01	 4.0558e+01	 -6.5596e+01	 -6.5596e+01	 -6.5596e+01	 -6.5596e+01	 -6.5596e+01	 -6.5596e+01	 -6.5596e+01	 -6.5596e+01	 -6.5596e+01
2.1494e+01	 4.0616e+01	 2.0141e+01	 4.0616e+01	 -6.5596e+01	 -6.5596e+01	 -6.5596e+01	 -6.5596e+01	 -6.5596e+01	 -6.5596e+01	 -6.5596e+01	 -6.5596e+01	 -6.5596e+01
2.1614e+01	 4.0673e+01	 -6.5596e+01	 4.0673e+01	 -6.5596e+01	 -6.5596e+01	 -6.5596e+01	 -6.5596e+01	 -6.5596e+01	 -6.5596e+01	 -6.5596e+01	 -6.5596e+01	 -6.5596e+01
2.1734e+01	 4.0729e+01	 -6.5596e+01	 4.0729e+01	 -6.5596e+01	 -6.5596e+01	 -6.5596e+01	 -6.5596e+01	 -6.5596e+01	 -6.5596e+01	 -6.5596e+01	 -6.5596e+01	 -6.5596e+01
2.1854e+01	 4.0785e+01	 -6.5596e+01	 4.0785e+01	 -6.5596e+01	 -6.5596e+01	 -6.5596e+01	 -6.5596e+01	 -6.5596e+01	 -6.5596e+01	 -6.5596e+01	 -6.5596e+01	 -6.5596e+01
2.1974e+01	 4.0841e+01	 -6.5596e+01	 4.0841e+01	 -6.5596e+01	 -6.5596e+01	 -6.5596e+01	 -6.5596e+01	 -6.5596e+01	 -6.5596e+01	 -6.5596e+01	 -6.5596e+01	 -6.5596e+01
2.2094e+01	 4.0896e+01	 -6.5596e+01	 4.0896e+01	 -6.5596e+01	 -6.5596e+01	 -6.5596e+01	 -6.5596e+01	 -6.5596e+01	 -6.5596e+01	 -6.5596e+01	 -6.5596e+01	 -6.5596e+01
2.2214e+01	 4.0951e+01	 -6.5596e+01	 4.0951e+01	 -6.5596e+01	 -6.5596e+01	 -6.5596e+01	 -6.5596e+01	 -6.5596e+01	 -6.5596e+01	 -6.5596e+01	 -6.5596e+01	 -6.5596e+01
2.2334e+01	 4.1006e+01	 -6.5596e+01	 4.1006e+01	 -6.5596e+01	 -6.5596e+01	 -6.5596e+01	 -6.5596e+01	 -6.5596e+01	 -6.5596e+01	 -6.5596e+01	 -6.5596e+01	 -6.5596e+01
2.2454e+01	 4.1060e+01	 -6.5596e+01	 4.1060e+01	 -6.5596e+01	 -6.5596e+01	 -6.5596e+01	 -6.5596e+01	 -6.5596e+01	 -6.5596e+01	 -6.5596e+01	 -6.5596e+01	 -6.5596e+01
2.2574e+01	 4.1113e+01	 -6.5596e+01	 4.1113e+01	 -6.5596e+01	 -6.5596e+01	 -6.5596e+01	 -6.5596e+01	 -6.5596e+01	 -6.5596e+01	 -6.5596e+01	 -6.5596e+01	 -6.5596e+01
2.2694e+01	 4.1165e+01	 -6.5596e+01	 4.1165e+01	 -6.5596e+01	 -6.5596e+01	 -6.5596e+01	 -6.5596e+01	 -6.5596e+01	 -6.5596e+01	 -6.5596e+01	 -6.5596e+01	 -6.5596e+01
2.2814e+01	 4.1217e+01	 -6.5596e+01	 4.1217e+01	 -6.5596e+01	 -6.5596e+01	 -6.5596e+01	 -6.5596e+01	 -6.5596e+01	 -6.5596e+01	 -6.5596e+01	 -6.5596e+01	 -6.5596e+01
2.2934e+01	 4.1268e+01	 -6.5596e+01	 4.1268e+01	 -6.5596e+01	 -6.5596e+01	 -6.5596e+01	 -6.5596e+01	 -6.5596e+01	 -6.5596e+01	 -6.5596e+01	 -6.5596e+01	 -6.5596e+01
2.3054e+01	 4.1317e+01	 -6.5596e+01	 4.1317e+01	 -6.5596e+01	 -6.5596e+01	 -6.5596e+01	 -6.5596e+01	 -6.5596e+01	 -6.5596e+01	 -6.5596e+01	 -6.5596e+01	 -6.5596e+01
2.3174e+01	 4.1367e+01	 -6.5596e+01	 4.1367e+01	 -6.5596e+01	 -6.5596e+01	 -6.5596e+01	 -6.5596e+01	 -6.5596e+01	 -6.5596e+01	 -6.5596e+01	 -6.5596e+01	 -6.5596e+01
2.3294e+01	 4.1414e+01	 -6.5596e+01	 4.1414e+01	 -6.5596e+01	 -6.5596e+01	 -6.5596e+01	 -6.5596e+01	 -6.5596e+01	 -6.5596e+01	 -6.5596e+01	 -6.5596e+01	 -6.5596e+01
2.3414e+01	 4.1460e+01	 -6.5596e+01	 4.1460e+01	 -6.5596e+01	 -6.5596e+01	 -6.5596e+01	 -6.5596e+01	 -6.5596e+01	 -6.5596e+01	 -6.5596e+01	 -6.5596e+01	 -6.5596e+01
2.3534e+01	 4.1504e+01	 -6.5596e+01	 4.1504e+01	 -6.5596e+01	 -6.5596e+01	 -6.5596e+01	 -6.5596e+01	 -6.5596e+01	 -6.5596e+01	 -6.5596e+01	 -6.5596e+01	 -6.5596e+01
2.3654e+01	 4.1547e+01	 -6.5596e+01	 4.1547e+01	 -6.5596e+01	 -6.5596e+01	 -6.5596e+01	 -6.5596e+01	 -6.5596e+01	 -6.5596e+01	 -6.5596e+01	 -6.5596e+01	 -6.5596e+01
2.3774e+01	 4.1586e+01	 -6.5596e+01	 4.1586e+01	 -6.5596e+01	 -6.5596e+01	 -6.5596e+01	 -6.5596e+01	 -6.5596e+01	 -6.5596e+01	 -6.5596e+01	 -6.5596e+01	 -6.5596e+01
2.3894e+01	 4.1625e+01	 -6.5596e+01	 4.1625e+01	 -6.5596e+01	 -6.5596e+01	 -6.5596e+01	 -6.5596e+01	 -6.5596e+01	 -6.5596e+01	 -6.5596e+01	 -6.5596e+01	 -6.5596e+01
2.4014e+01	 4.1660e+01	 -6.5596e+01	 4.1660e+01	 -6.5596e+01	 -6.5596e+01	 -6.5596e+01	 -6.5596e+01	 -6.5596e+01	 -6.5596e+01	 -6.5596e+01	 -6.5596e+01	 -6.5596e+01
2.4134e+01	 4.1694e+01	 -6.5596e+01	 4.1694e+01	 -6.5596e+01	 -6.5596e+01	 -6.5596e+01	 -6.5596e+01	 -6.5596e+01	 -6.5596e+01	 -6.5596e+01	 -6.5596e+01	 -6.5596e+01
2.4254e+01	 4.1725e+01	 -6.5596e+01	 4.1725e+01	 -6.5596e+01	 -6.5596e+01	 -6.5596e+01	 -6.5596e+01	 -6.5596e+01	 -6.5596e+01	 -6.5596e+01	 -6.5596e+01	 -6.5596e+01
2.4374e+01	 4.1755e+01	 -6.5596e+01	 4.1755e+01	 -6.5596e+01	 -6.5596e+01	 -6.5596e+01	 -6.5596e+01	 -6.5596e+01	 -6.5596e+01	 -6.5596e+01	 -6.5596e+01	 -6.5596e+01
2.4494e+01	 4.1783e+01	 -6.5596e+01	 4.1783e+01	 -6.5596e+01	 -6.5596e+01	 -6.5596e+01	 -6.5596e+01	 -6.5596e+01	 -6.5596e+01	 -6.5596e+01	 -6.5596e+01	 -6.5596e+01
2.4614e+01	 4.1811e+01	 -6.5596e+01	 4.1811e+01	 -6.5596e+01	 -6.5596e+01	 -6.5596e+01	 -6.5596e+01	 -6.5596e+01	 -6.5596e+01	 -6.5596e+01	 -6.5596e+01	 -6.5596e+01
2.4734e+01	 4.1837e+01	 -6.5596e+01	 4.1837e+01	 -6.5596e+01	 -6.5596e+01	 -6.5596e+01	 -6.5596e+01	 -6.5596e+01	 -6.5596e+01	 -6.5596e+01	 -6.5596e+01	 -6.5596e+01
2.4854e+01	 4.1861e+01	 -6.5596e+01	 4.1861e+01	 -6.5596e+01	 -6.5596e+01	 -6.5596e+01	 -6.5596e+01	 -6.5596e+01	 -6.5596e+01	 -6.5596e+01	 -6.5596e+01	 -6.5596e+01
2.4974e+01	 4.1883e+01	 -6.5596e+01	 4.1883e+01	 -6.5596e+01	 -6.5596e+01	 -6.5596e+01	 -6.5596e+01	 -6.5596e+01	 -6.5596e+01	 -6.5596e+01	 -6.5596e+01	 -6.5596e+01
2.5094e+01	 4.1904e+01	 -6.5596e+01	 4.1904e+01	 -6.5596e+01	 -6.5596e+01	 -6.5596e+01	 -6.5596e+01	 -6.5596e+01	 -6.5596e+01	 -6.5596e+01	 -6.5596e+01	 -6.5596e+01
2.5214e+01	 4.1922e+01	 -6.5596e+01	 4.1922e+01	 -6.5596e+01	 -6.5596e+01	 -6.5596e+01	 -6.5596e+01	 -6.5596e+01	 -6.5596e+01	 -6.5596e+01	 -6.5596e+01	 -6.5596e+01
2.5334e+01	 4.1938e+01	 -6.5596e+01	 4.1938e+01	 -6.5596e+01	 -6.5596e+01	 -6.5596e+01	 -6.5596e+01	 -6.5596e+01	 -6.5596e+01	 -6.5596e+01	 -6.5596e+01	 -6.5596e+01
2.5454e+01	 4.1950e+01	 -6.5596e+01	 4.1950e+01	 -6.5596e+01	 -6.5596e+01	 -6.5596e+01	 -6.5596e+01	 -6.5596e+01	 -6.5596e+01	 -6.5596e+01	 -6.5596e+01	 -6.5596e+01
2.5574e+01	 4.1961e+01	 -6.5596e+01	 4.1961e+01	 -6.5596e+01	 -6.5596e+01	 -6.5596e+01	 -6.5596e+01	 -6.5596e+01	 -6.5596e+01	 -6.5596e+01	 -6.5596e+01	 -6.5596e+01
2.5694e+01	 4.1967e+01	 -6.5596e+01	 4.1967e+01	 -6.5596e+01	 -6.5596e+01	 -6.5596e+01	 -6.5596e+01	 -6.5596e+01	 -6.5596e+01	 -6.5596e+01	 -6.5596e+01	 -6.5596e+01
2.5814e+01	 4.1970e+01	 -6.5596e+01	 4.1970e+01	 -6.5596e+01	 -6.5596e+01	 -6.5596e+01	 -6.5596e+01	 -6.5596e+01	 -6.5596e+01	 -6.5596e+01	 -6.5596e+01	 -6.5596e+01
2.5934e+01	 4.1969e+01	 -6.5596e+01	 4.1969e+01	 -6.5596e+01	 -6.5596e+01	 -6.5596e+01	 -6.5596e+01	 -6.5596e+01	 -6.5596e+01	 -6.5596e+01	 -6.5596e+01	 -6.5596e+01
2.6054e+01	 4.1963e+01	 -6.5596e+01	 4.1963e+01	 -6.5596e+01	 -6.5596e+01	 -6.5596e+01	 -6.5596e+01	 -6.5596e+01	 -6.5596e+01	 -6.5596e+01	 -6.5596e+01	 -6.5596e+01
2.6174e+01	 4.1953e+01	 -6.5596e+01	 4.1953e+01	 -6.5596e+01	 -6.5596e+01	 -6.5596e+01	 -6.5596e+01	 -6.5596e+01	 -6.5596e+01	 -6.5596e+01	 -6.5596e+01	 -6.5596e+01
2.6294e+01	 4.1935e+01	 -6.5596e+01	 4.1935e+01	 -6.5596e+01	 -6.5596e+01	 -6.5596e+01	 -6.5596e+01	 -6.5596e+01	 -6.5596e+01	 -6.5596e+01	 -6.5596e+01	 -6.5596e+01
2.6414e+01	 4.1912e+01	 -6.5596e+01	 4.1912e+01	 -6.5596e+01	 -6.5596e+01	 -6.5596e+01	 -6.5596e+01	 -6.5596e+01	 -6.5596e+01	 -6.5596e+01	 -6.5596e+01	 -6.5596e+01
2.6534e+01	 4.1877e+01	 -6.5596e+01	 4.1877e+01	 -6.5596e+01	 -6.5596e+01	 -6.5596e+01	 -6.5596e+01	 -6.5596e+01	 -6.5596e+01	 -6.5596e+01	 -6.5596e+01	 -6.5596e+01
2.6654e+01	 4.1837e+01	 -6.5596e+01	 4.1837e+01	 -6.5596e+01	 -6.5596e+01	 -6.5596e+01	 -6.5596e+01	 -6.5596e+01	 -6.5596e+01	 -6.5596e+01	 -6.5596e+01	 -6.5596e+01
2.6774e+01	 4.1779e+01	 -6.5596e+01	 4.1779e+01	 -6.5596e+01	 -6.5596e+01	 -6.5596e+01	 -6.5596e+01	 -6.5596e+01	 -6.5596e+01	 -6.5596e+01	 -6.5596e+01	 -6.5596e+01
2.6894e+01	 4.1717e+01	 -6.5596e+01	 4.1717e+01	 -6.5596e+01	 -6.5596e+01	 -6.5596e+01	 -6.5596e+01	 -6.5596e+01	 -6.5596e+01	 -6.5596e+01	 -6.5596e+01	 -6.5596e+01
2.7014e+01	 4.1626e+01	 -6.5596e+01	 4.1626e+01	 -6.5596e+01	 -6.5596e+01	 -6.5596e+01	 -6.5596e+01	 -6.5596e+01	 -6.5596e+01	 -6.5596e+01	 -6.5596e+01	 -6.5596e+01
2.7134e+01	 4.1532e+01	 -6.5596e+01	 4.1532e+01	 -6.5596e+01	 -6.5596e+01	 -6.5596e+01	 -6.5596e+01	 -6.5596e+01	 -6.5596e+01	 -6.5596e+01	 -6.5596e+01	 -6.5596e+01
2.7254e+01	 4.1383e+01	 -6.5596e+01	 4.1383e+01	 -6.5596e+01	 -6.5596e+01	 -6.5596e+01	 -6.5596e+01	 -6.5596e+01	 -6.5596e+01	 -6.5596e+01	 -6.5596e+01	 -6.5596e+01
2.7374e+01	 4.1235e+01	 -6.5596e+01	 4.1235e+01	 -6.5596e+01	 -6.5596e+01	 -6.5596e+01	 -6.5596e+01	 -6.5596e+01	 -6.5596e+01	 -6.5596e+01	 -6.5596e+01	 -6.5596e+01
2.7494e+01	 4.0951e+01	 -6.5596e+01	 4.0951e+01	 -6.5596e+01	 -6.5596e+01	 -6.5596e+01	 -6.5596e+01	 -6.5596e+01	 -6.5596e+01	 -6.5596e+01	 -6.5596e+01	 -6.5596e+01
2.7614e+01	 4.0666e+01	 -6.5596e+01	 4.0666e+01	 -6.5596e+01	 -6.5596e+01	 -6.5596e+01	 -6.5596e+01	 -6.5596e+01	 -6.5596e+01	 -6.5596e+01	 -6.5596e+01	 -6.5596e+01
2.7734e+01	 -6.6464e+00	 -6.5596e+01	 -6.6464e+00	 -6.5596e+01	 -6.5596e+01	 -6.5596e+01	 -6.5596e+01	 -6.5596e+01	 -6.5596e+01	 -6.5596e+01	 -6.5596e+01	 -6.5596e+01
2.7854e+01	 -5.7960e+01	 -6.5596e+01	 -5.7960e+01	 -6.5596e+01	 -6.5596e+01	 -6.5596e+01	 -6.5596e+01	 -6.5596e+01	 -6.5596e+01	 -6.5596e+01	 -6.5596e+01	 -6.5596e+01
2.7974e+01	 -6.5596e+01	 -6.5596e+01	 -6.5596e+01	 -6.5596e+01	 -6.5596e+01	 -6.5596e+01	 -6.5596e+01	 -6.5596e+01	 -6.5596e+01	 -6.5596e+01	 -6.5596e+01	 -6.5596e+01
2.8094e+01	 -6.5596e+01	 -6.5596e+01	 -6.5596e+01	 -6.5596e+01	 -6.5596e+01	 -6.5596e+01	 -6.5596e+01	 -6.5596e+01	 -6.5596e+01	 -6.5596e+01	 -6.5596e+01	 -6.5596e+01
2.8214e+01	 -6.5596e+01	 -6.5596e+01	 -6.5596e+01	 -6.5596e+01	 -6.5596e+01	 -6.5596e+01	 -6.5596e+01	 -6.5596e+01	 -6.5596e+01	 -6.5596e+01	 -6.5596e+01	 -6.5596e+01
2.8334e+01	 -6.5596e+01	 -6.5596e+01	 -6.5596e+01	 -6.5596e+01	 -6.5596e+01	 -6.5596e+01	 -6.5596e+01	 -6.5596e+01	 -6.5596e+01	 -6.5596e+01	 -6.5596e+01	 -6.5596e+01
2.8454e+01	 -6.5596e+01	 -6.5596e+01	 -6.5596e+01	 -6.5596e+01	 -6.5596e+01	 -6.5596e+01	 -6.5596e+01	 -6.5596e+01	 -6.5596e+01	 -6.5596e+01	 -6.5596e+01	 -6.5596e+01
2.8574e+01	 -6.5596e+01	 -6.5596e+01	 -6.5596e+01	 -6.5596e+01	 -6.5596e+01	 -6.5596e+01	 -6.5596e+01	 -6.5596e+01	 -6.5596e+01	 -6.5596e+01	 -6.5596e+01	 -6.5596e+01
2.8694e+01	 -6.5596e+01	 -6.5596e+01	 -6.5596e+01	 -6.5596e+01	 -6.5596e+01	 -6.5596e+01	 -6.5596e+01	 -6.5596e+01	 -6.5596e+01	 -6.5596e+01	 -6.5596e+01	 -6.5596e+01
2.8814e+01	 -6.5596e+01	 -6.5596e+01	 -6.5596e+01	 -6.5596e+01	 -6.5596e+01	 -6.5596e+01	 -6.5596e+01	 -6.5596e+01	 -6.5596e+01	 -6.5596e+01	 -6.5596e+01	 -6.5596e+01
2.8934e+01	 -6.5596e+01	 -6.5596e+01	 -6.5596e+01	 -6.5596e+01	 -6.5596e+01	 -6.5596e+01	 -6.5596e+01	 -6.5596e+01	 -6.5596e+01	 -6.5596e+01	 -6.5596e+01	 -6.5596e+01
2.9054e+01	 -6.5596e+01	 -6.5596e+01	 -6.5596e+01	 -6.5596e+01	 -6.5596e+01	 -6.5596e+01	 -6.5596e+01	 -6.5596e+01	 -6.5596e+01	 -6.5596e+01	 -6.5596e+01	 -6.5596e+01
2.9174e+01	 -6.5596e+01	 -6.5596e+01	 -6.5596e+01	 -6.5596e+01	 -6.5596e+01	 -6.5596e+01	 -6.5596e+01	 -6.5596e+01	 -6.5596e+01	 -6.5596e+01	 -6.5596e+01	 -6.5596e+01
2.9294e+01	 -6.5596e+01	 -6.5596e+01	 -6.5596e+01	 -6.5596e+01	 -6.5596e+01	 -6.5596e+01	 -6.5596e+01	 -6.5596e+01	 -6.5596e+01	 -6.5596e+01	 -6.5596e+01	 -6.5596e+01
2.9414e+01	 -6.5596e+01	 -6.5596e+01	 -6.5596e+01	 -6.5596e+01	 -6.5596e+01	 -6.5596e+01	 -6.5596e+01	 -6.5596e+01	 -6.5596e+01	 -6.5596e+01	 -6.5596e+01	 -6.5596e+01
2.9534e+01	 -6.5596e+01	 -6.5596e+01	 -6.5596e+01	 -6.5596e+01	 -6.5596e+01	 -6.5596e+01	 -6.5596e+01	 -6.5596e+01	 -6.5596e+01	 -6.5596e+01	 -6.5596e+01	 -6.5596e+01
2.9654e+01	 -6.5596e+01	 -6.5596e+01	 -6.5596e+01	 -6.5596e+01	 -6.5596e+01	 -6.5596e+01	 -6.5596e+01	 -6.5596e+01	 -6.5596e+01	 -6.5596e+01	 -6.5596e+01	 -6.5596e+01
2.9774e+01	 -6.5596e+01	 -6.5596e+01	 -6.5596e+01	 -6.5596e+01	 -6.5596e+01	 -6.5596e+01	 -6.5596e+01	 -6.5596e+01	 -6.5596e+01	 -6.5596e+01	 -6.5596e+01	 -6.5596e+01
2.9894e+01	 -6.5596e+01	 -6.5596e+01	 -6.5596e+01	 -6.5596e+01	 -6.5596e+01	 -6.5596e+01	 -6.5596e+01	 -6.5596e+01	 -6.5596e+01	 -6.5596e+01	 -6.5596e+01	 -6.5596e+01
