#################################################################
# log(gamma)     log(N(gamma))   gamma     N(gamma)  TeV N(TeV) # 
#################################################################
2.672460e+00	-5.673457e+00	4.703917e+02	2.121012e-06	2.403697e-04	4.150717e+00
2.676167e+00	-5.681799e+00	4.744240e+02	2.080658e-06	2.424302e-04	4.071747e+00
2.679842e+00	-5.690071e+00	4.784563e+02	2.041404e-06	2.444906e-04	3.994929e+00
2.683549e+00	-5.698413e+00	4.825577e+02	2.002565e-06	2.465865e-04	3.918923e+00
2.687225e+00	-5.706685e+00	4.866591e+02	1.964785e-06	2.486823e-04	3.844988e+00
2.690932e+00	-5.715027e+00	4.908308e+02	1.927403e-06	2.508140e-04	3.771834e+00
2.694607e+00	-5.723299e+00	4.950025e+02	1.891041e-06	2.529457e-04	3.700675e+00
2.698314e+00	-5.731641e+00	4.992458e+02	1.855062e-06	2.551140e-04	3.630267e+00
2.701990e+00	-5.739913e+00	5.034890e+02	1.820065e-06	2.572823e-04	3.561778e+00
2.705697e+00	-5.748256e+00	5.078050e+02	1.785437e-06	2.594878e-04	3.494013e+00
2.709373e+00	-5.756527e+00	5.121210e+02	1.751753e-06	2.616933e-04	3.428094e+00
2.713080e+00	-5.764870e+00	5.165109e+02	1.718424e-06	2.639365e-04	3.362873e+00
2.716755e+00	-5.773141e+00	5.209009e+02	1.686004e-06	2.661798e-04	3.299429e+00
2.720462e+00	-5.781484e+00	5.253662e+02	1.653927e-06	2.684615e-04	3.236655e+00
2.724138e+00	-5.789755e+00	5.298314e+02	1.622724e-06	2.707433e-04	3.175592e+00
2.727845e+00	-5.798098e+00	5.343732e+02	1.591851e-06	2.730641e-04	3.115174e+00
2.731520e+00	-5.806369e+00	5.389150e+02	1.561819e-06	2.753850e-04	3.056403e+00
2.735227e+00	-5.814712e+00	5.435346e+02	1.532104e-06	2.777456e-04	2.998253e+00
2.738903e+00	-5.822983e+00	5.481543e+02	1.503199e-06	2.801063e-04	2.941688e+00
2.742610e+00	-5.831326e+00	5.528532e+02	1.474600e-06	2.825074e-04	2.885720e+00
2.746285e+00	-5.839598e+00	5.575520e+02	1.446780e-06	2.849085e-04	2.831278e+00
2.749992e+00	-5.847940e+00	5.623315e+02	1.419254e-06	2.873508e-04	2.777411e+00
2.753668e+00	-5.856212e+00	5.671109e+02	1.392478e-06	2.897930e-04	2.725012e+00
2.757375e+00	-5.864554e+00	5.719722e+02	1.365985e-06	2.922772e-04	2.673167e+00
2.761051e+00	-5.872826e+00	5.768336e+02	1.340215e-06	2.947613e-04	2.622735e+00
2.764758e+00	-5.881168e+00	5.817783e+02	1.314716e-06	2.972881e-04	2.572836e+00
2.768433e+00	-5.889440e+00	5.867230e+02	1.289913e-06	2.998148e-04	2.524296e+00
2.772140e+00	-5.897782e+00	5.917525e+02	1.265371e-06	3.023849e-04	2.476270e+00
2.775816e+00	-5.906054e+00	5.967820e+02	1.241499e-06	3.049549e-04	2.429552e+00
2.779523e+00	-5.914396e+00	6.018977e+02	1.217878e-06	3.075691e-04	2.383329e+00
2.783198e+00	-5.922668e+00	6.070134e+02	1.194902e-06	3.101832e-04	2.338364e+00
2.786905e+00	-5.931010e+00	6.122168e+02	1.172168e-06	3.128421e-04	2.293876e+00
2.790581e+00	-5.939282e+00	6.174202e+02	1.150054e-06	3.155010e-04	2.250599e+00
2.794288e+00	-5.947624e+00	6.227128e+02	1.128173e-06	3.182056e-04	2.207780e+00
2.797963e+00	-5.955896e+00	6.280054e+02	1.106889e-06	3.209101e-04	2.166128e+00
2.801670e+00	-5.964238e+00	6.333888e+02	1.085830e-06	3.236610e-04	2.124916e+00
2.805346e+00	-5.972510e+00	6.387721e+02	1.065344e-06	3.264119e-04	2.084827e+00
2.809053e+00	-5.980852e+00	6.442478e+02	1.045076e-06	3.292099e-04	2.045162e+00
2.812729e+00	-5.989124e+00	6.497234e+02	1.025359e-06	3.320080e-04	2.006578e+00
2.816436e+00	-5.997466e+00	6.552930e+02	1.005851e-06	3.348540e-04	1.968401e+00
2.820111e+00	-6.005738e+00	6.608625e+02	9.868744e-07	3.377000e-04	1.931265e+00
2.823818e+00	-6.014080e+00	6.665275e+02	9.680985e-07	3.405948e-04	1.894522e+00
2.827494e+00	-6.022352e+00	6.721925e+02	9.498343e-07	3.434897e-04	1.858779e+00
2.831201e+00	-6.030695e+00	6.779547e+02	9.317631e-07	3.464341e-04	1.823415e+00
2.834876e+00	-6.038966e+00	6.837168e+02	9.141843e-07	3.493785e-04	1.789014e+00
2.838583e+00	-6.047309e+00	6.895777e+02	8.967914e-07	3.523735e-04	1.754977e+00
2.842259e+00	-6.055580e+00	6.954387e+02	8.798724e-07	3.553684e-04	1.721868e+00
2.845966e+00	-6.063923e+00	7.014001e+02	8.631323e-07	3.584147e-04	1.689108e+00
2.849641e+00	-6.072194e+00	7.073615e+02	8.468484e-07	3.614609e-04	1.657241e+00
2.853348e+00	-6.080537e+00	7.134251e+02	8.307366e-07	3.645594e-04	1.625711e+00
2.857024e+00	-6.088808e+00	7.194887e+02	8.150638e-07	3.676579e-04	1.595040e+00
2.860731e+00	-6.097151e+00	7.256562e+02	7.995567e-07	3.708096e-04	1.564694e+00
2.864407e+00	-6.105422e+00	7.318238e+02	7.844722e-07	3.739612e-04	1.535174e+00
2.868114e+00	-6.113765e+00	7.380971e+02	7.695471e-07	3.771668e-04	1.505966e+00
2.871789e+00	-6.122037e+00	7.443704e+02	7.550287e-07	3.803725e-04	1.477555e+00
2.875496e+00	-6.130379e+00	7.507513e+02	7.406639e-07	3.836331e-04	1.449443e+00
2.879172e+00	-6.138651e+00	7.571321e+02	7.266904e-07	3.868937e-04	1.422098e+00
2.882879e+00	-6.146993e+00	7.636224e+02	7.128647e-07	3.902102e-04	1.395041e+00
2.886554e+00	-6.155265e+00	7.701126e+02	6.994157e-07	3.935267e-04	1.368722e+00
2.890261e+00	-6.163607e+00	7.767142e+02	6.861089e-07	3.969001e-04	1.342682e+00
2.893937e+00	-6.171879e+00	7.833157e+02	6.731647e-07	4.002735e-04	1.317350e+00
2.897644e+00	-6.180221e+00	7.900304e+02	6.603573e-07	4.037047e-04	1.292287e+00
2.901319e+00	-6.188493e+00	7.967451e+02	6.478989e-07	4.071359e-04	1.267907e+00
2.905026e+00	-6.196835e+00	8.035749e+02	6.355722e-07	4.106259e-04	1.243784e+00
2.908702e+00	-6.205107e+00	8.104047e+02	6.235815e-07	4.141159e-04	1.220319e+00
2.912409e+00	-6.213449e+00	8.173516e+02	6.117174e-07	4.176658e-04	1.197101e+00
2.916085e+00	-6.221721e+00	8.242985e+02	6.001767e-07	4.212157e-04	1.174517e+00
2.919792e+00	-6.230063e+00	8.313646e+02	5.887580e-07	4.248264e-04	1.152171e+00
2.923467e+00	-6.238335e+00	8.384306e+02	5.776504e-07	4.284371e-04	1.130434e+00
2.927174e+00	-6.246677e+00	8.456177e+02	5.666602e-07	4.321097e-04	1.108927e+00
2.930850e+00	-6.254949e+00	8.528049e+02	5.559696e-07	4.357824e-04	1.088005e+00
2.934557e+00	-6.263291e+00	8.601152e+02	5.453919e-07	4.395180e-04	1.067305e+00
2.938232e+00	-6.271563e+00	8.674256e+02	5.351025e-07	4.432535e-04	1.047170e+00
2.941939e+00	-6.279905e+00	8.748613e+02	5.249218e-07	4.470532e-04	1.027246e+00
2.945615e+00	-6.288177e+00	8.822970e+02	5.150186e-07	4.508528e-04	1.007866e+00
2.949322e+00	-6.296519e+00	8.898602e+02	5.052200e-07	4.547176e-04	9.886910e-01
2.952997e+00	-6.304791e+00	8.974234e+02	4.956885e-07	4.585824e-04	9.700383e-01
2.956704e+00	-6.313133e+00	9.051162e+02	4.862577e-07	4.625134e-04	9.515827e-01
2.960380e+00	-6.321405e+00	9.128091e+02	4.770839e-07	4.664445e-04	9.336300e-01
2.964087e+00	-6.329748e+00	9.206338e+02	4.680071e-07	4.704429e-04	9.158672e-01
2.967763e+00	-6.338019e+00	9.284586e+02	4.591776e-07	4.744413e-04	8.985883e-01
2.971469e+00	-6.346362e+00	9.364175e+02	4.504415e-07	4.785083e-04	8.814921e-01
2.975145e+00	-6.354633e+00	9.443763e+02	4.419434e-07	4.825753e-04	8.648618e-01
2.978852e+00	-6.362976e+00	9.524717e+02	4.335352e-07	4.867120e-04	8.484072e-01
2.982528e+00	-6.371247e+00	9.605670e+02	4.253560e-07	4.908487e-04	8.324011e-01
2.986235e+00	-6.379590e+00	9.688011e+02	4.172634e-07	4.950563e-04	8.165642e-01
2.989910e+00	-6.387861e+00	9.770353e+02	4.093913e-07	4.992640e-04	8.011588e-01
2.993617e+00	-6.396204e+00	9.854106e+02	4.016023e-07	5.035437e-04	7.859162e-01
2.997293e+00	-6.404476e+00	9.937859e+02	3.940257e-07	5.078235e-04	7.710890e-01
3.001000e+00	-6.412818e+00	1.002305e+03	3.865291e-07	5.121766e-04	7.564186e-01
3.004675e+00	-6.421090e+00	1.010824e+03	3.792368e-07	5.165298e-04	7.421479e-01
3.008382e+00	-6.429432e+00	1.019489e+03	3.720216e-07	5.209575e-04	7.280281e-01
3.012058e+00	-6.437704e+00	1.028153e+03	3.650030e-07	5.253853e-04	7.142930e-01
3.015765e+00	-6.446046e+00	1.036967e+03	3.580586e-07	5.298890e-04	7.007032e-01
3.019441e+00	-6.454318e+00	1.045780e+03	3.513034e-07	5.343927e-04	6.874836e-01
3.023147e+00	-6.462660e+00	1.054745e+03	3.446196e-07	5.389736e-04	6.744038e-01
3.026823e+00	-6.470932e+00	1.063710e+03	3.381180e-07	5.435545e-04	6.616804e-01
3.030530e+00	-6.479274e+00	1.072828e+03	3.316851e-07	5.482139e-04	6.490916e-01
3.034206e+00	-6.487546e+00	1.081946e+03	3.254275e-07	5.528733e-04	6.368457e-01
3.037913e+00	-6.495888e+00	1.091221e+03	3.192360e-07	5.576126e-04	6.247293e-01
3.041588e+00	-6.504160e+00	1.100495e+03	3.132133e-07	5.623520e-04	6.129431e-01
3.045295e+00	-6.512502e+00	1.109929e+03	3.072542e-07	5.671725e-04	6.012815e-01
3.048971e+00	-6.520774e+00	1.119363e+03	3.014575e-07	5.719931e-04	5.899377e-01
3.052678e+00	-6.529116e+00	1.128958e+03	2.957221e-07	5.768963e-04	5.787137e-01
3.056353e+00	-6.537388e+00	1.138553e+03	2.901430e-07	5.817995e-04	5.677957e-01
3.060060e+00	-6.545730e+00	1.148313e+03	2.846228e-07	5.867868e-04	5.569930e-01
3.063736e+00	-6.554002e+00	1.158073e+03	2.792531e-07	5.917741e-04	5.464847e-01
3.067443e+00	-6.562344e+00	1.168000e+03	2.739401e-07	5.968468e-04	5.360875e-01
3.071119e+00	-6.570616e+00	1.177927e+03	2.687719e-07	6.019196e-04	5.259736e-01
3.074825e+00	-6.578958e+00	1.188025e+03	2.636584e-07	6.070794e-04	5.159666e-01
3.078501e+00	-6.587230e+00	1.198122e+03	2.586842e-07	6.122391e-04	5.062323e-01
3.082208e+00	-6.595572e+00	1.208393e+03	2.537626e-07	6.174873e-04	4.966010e-01
3.085884e+00	-6.603844e+00	1.218663e+03	2.489750e-07	6.227355e-04	4.872320e-01
3.089591e+00	-6.612187e+00	1.229110e+03	2.442381e-07	6.280737e-04	4.779621e-01
3.093266e+00	-6.620458e+00	1.239556e+03	2.396303e-07	6.334119e-04	4.689449e-01
3.096973e+00	-6.628801e+00	1.250182e+03	2.350712e-07	6.388416e-04	4.600229e-01
3.100649e+00	-6.637072e+00	1.260808e+03	2.306363e-07	6.442713e-04	4.513440e-01
3.104356e+00	-6.645415e+00	1.271615e+03	2.262483e-07	6.497941e-04	4.427569e-01
3.108031e+00	-6.653686e+00	1.282423e+03	2.219799e-07	6.553169e-04	4.344038e-01
3.111738e+00	-6.662029e+00	1.293416e+03	2.177566e-07	6.609343e-04	4.261390e-01
3.115414e+00	-6.670300e+00	1.304409e+03	2.136484e-07	6.665518e-04	4.180995e-01
3.119121e+00	-6.678643e+00	1.315591e+03	2.095836e-07	6.722656e-04	4.101449e-01
3.122797e+00	-6.686914e+00	1.326773e+03	2.056295e-07	6.779794e-04	4.024070e-01
3.126503e+00	-6.695257e+00	1.338146e+03	2.017173e-07	6.837911e-04	3.947510e-01
3.130179e+00	-6.703529e+00	1.349519e+03	1.979117e-07	6.896029e-04	3.873036e-01
3.133886e+00	-6.711871e+00	1.361088e+03	1.941463e-07	6.955142e-04	3.799349e-01
3.137562e+00	-6.720143e+00	1.372656e+03	1.904835e-07	7.014256e-04	3.727670e-01
3.141269e+00	-6.728485e+00	1.384422e+03	1.868595e-07	7.074384e-04	3.656749e-01
3.144944e+00	-6.736757e+00	1.396189e+03	1.833341e-07	7.134511e-04	3.587760e-01
3.148651e+00	-6.745099e+00	1.408157e+03	1.798461e-07	7.195669e-04	3.519501e-01
3.152327e+00	-6.753371e+00	1.420126e+03	1.764531e-07	7.256827e-04	3.453101e-01
3.156034e+00	-6.761713e+00	1.432299e+03	1.730960e-07	7.319034e-04	3.387404e-01
3.159709e+00	-6.769985e+00	1.444473e+03	1.698303e-07	7.381240e-04	3.323497e-01
3.163416e+00	-6.778327e+00	1.456855e+03	1.665992e-07	7.444513e-04	3.260265e-01
3.167092e+00	-6.786599e+00	1.469237e+03	1.634561e-07	7.507786e-04	3.198757e-01
3.170799e+00	-6.794941e+00	1.481832e+03	1.603463e-07	7.572144e-04	3.137898e-01
3.174475e+00	-6.803213e+00	1.494426e+03	1.573211e-07	7.636502e-04	3.078698e-01
3.178181e+00	-6.811555e+00	1.507237e+03	1.543280e-07	7.701964e-04	3.020124e-01
3.181857e+00	-6.819827e+00	1.520047e+03	1.514164e-07	7.767425e-04	2.963146e-01
3.185564e+00	-6.828169e+00	1.533077e+03	1.485357e-07	7.834008e-04	2.906771e-01
3.189240e+00	-6.836441e+00	1.546107e+03	1.457334e-07	7.900592e-04	2.851931e-01
3.192947e+00	-6.844783e+00	1.559361e+03	1.429607e-07	7.968317e-04	2.797671e-01
3.196622e+00	-6.853055e+00	1.572614e+03	1.402636e-07	8.036042e-04	2.744890e-01
3.200329e+00	-6.861397e+00	1.586095e+03	1.375950e-07	8.104928e-04	2.692667e-01
3.204005e+00	-6.869669e+00	1.599576e+03	1.349991e-07	8.173814e-04	2.641867e-01
3.207712e+00	-6.878011e+00	1.613287e+03	1.324307e-07	8.243881e-04	2.591604e-01
3.211387e+00	-6.886283e+00	1.626999e+03	1.299322e-07	8.313949e-04	2.542710e-01
3.215094e+00	-6.894626e+00	1.640946e+03	1.274602e-07	8.385217e-04	2.494333e-01
3.218770e+00	-6.902897e+00	1.654893e+03	1.250555e-07	8.456486e-04	2.447275e-01
3.222477e+00	-6.911240e+00	1.669079e+03	1.226762e-07	8.528976e-04	2.400714e-01
3.226153e+00	-6.919511e+00	1.683265e+03	1.203618e-07	8.601466e-04	2.355422e-01
3.229859e+00	-6.927854e+00	1.697694e+03	1.180719e-07	8.675199e-04	2.310609e-01
3.233535e+00	-6.936125e+00	1.712123e+03	1.158443e-07	8.748932e-04	2.267016e-01
3.237242e+00	-6.944468e+00	1.726800e+03	1.136403e-07	8.823929e-04	2.223885e-01
3.240918e+00	-6.952739e+00	1.741477e+03	1.114963e-07	8.898927e-04	2.181929e-01
3.244625e+00	-6.961082e+00	1.756405e+03	1.093750e-07	8.975209e-04	2.140416e-01
3.248300e+00	-6.969353e+00	1.771333e+03	1.073116e-07	9.051492e-04	2.100035e-01
3.252007e+00	-6.977696e+00	1.786517e+03	1.052699e-07	9.129083e-04	2.060081e-01
3.255683e+00	-6.985968e+00	1.801701e+03	1.032839e-07	9.206674e-04	2.021215e-01
3.259390e+00	-6.994310e+00	1.817146e+03	1.013188e-07	9.285595e-04	1.982760e-01
3.263065e+00	-7.002582e+00	1.832590e+03	9.940733e-08	9.364516e-04	1.945353e-01
3.266772e+00	-7.010924e+00	1.848299e+03	9.751605e-08	9.444790e-04	1.908342e-01
3.270448e+00	-7.019196e+00	1.864009e+03	9.567630e-08	9.525064e-04	1.872339e-01
3.274155e+00	-7.027538e+00	1.879987e+03	9.385600e-08	9.606714e-04	1.836716e-01
3.277831e+00	-7.035810e+00	1.895966e+03	9.208530e-08	9.688365e-04	1.802064e-01
3.281537e+00	-7.044152e+00	1.912218e+03	9.033332e-08	9.771415e-04	1.767779e-01
3.285213e+00	-7.052424e+00	1.928471e+03	8.862908e-08	9.854465e-04	1.734428e-01
3.288920e+00	-7.060766e+00	1.945002e+03	8.694286e-08	9.938939e-04	1.701429e-01
3.292596e+00	-7.069038e+00	1.961533e+03	8.530258e-08	1.002341e-03	1.669330e-01
3.296303e+00	-7.077380e+00	1.978348e+03	8.367965e-08	1.010934e-03	1.637570e-01
3.299978e+00	-7.085652e+00	1.995162e+03	8.210094e-08	1.019526e-03	1.606675e-01
3.303685e+00	-7.093994e+00	2.012265e+03	8.053892e-08	1.028265e-03	1.576107e-01
3.307361e+00	-7.102266e+00	2.029368e+03	7.901946e-08	1.037005e-03	1.546372e-01
3.311068e+00	-7.110608e+00	2.046764e+03	7.751607e-08	1.045894e-03	1.516952e-01
3.314743e+00	-7.118880e+00	2.064160e+03	7.605364e-08	1.054784e-03	1.488333e-01
3.318450e+00	-7.127222e+00	2.081854e+03	7.460667e-08	1.063825e-03	1.460016e-01
3.322126e+00	-7.135494e+00	2.099549e+03	7.319914e-08	1.072867e-03	1.432471e-01
3.325833e+00	-7.143836e+00	2.117546e+03	7.180648e-08	1.082064e-03	1.405218e-01
3.329508e+00	-7.152108e+00	2.135544e+03	7.045177e-08	1.091261e-03	1.378707e-01
3.333215e+00	-7.160450e+00	2.153850e+03	6.911138e-08	1.100615e-03	1.352476e-01
3.336891e+00	-7.168722e+00	2.172156e+03	6.780752e-08	1.109969e-03	1.326960e-01
3.340598e+00	-7.177064e+00	2.190776e+03	6.651744e-08	1.119484e-03	1.301714e-01
3.344274e+00	-7.185336e+00	2.209396e+03	6.526251e-08	1.128999e-03	1.277156e-01
3.347981e+00	-7.193679e+00	2.228336e+03	6.402085e-08	1.138677e-03	1.252857e-01
3.351656e+00	-7.201950e+00	2.247275e+03	6.281303e-08	1.148355e-03	1.229220e-01
3.355363e+00	-7.210293e+00	2.266539e+03	6.161797e-08	1.158199e-03	1.205834e-01
3.359039e+00	-7.218564e+00	2.285803e+03	6.045548e-08	1.168043e-03	1.183084e-01
3.362746e+00	-7.226907e+00	2.305397e+03	5.930528e-08	1.178055e-03	1.160575e-01
3.366421e+00	-7.235178e+00	2.324991e+03	5.818642e-08	1.188068e-03	1.138680e-01
3.370128e+00	-7.243521e+00	2.344922e+03	5.707938e-08	1.198252e-03	1.117016e-01
3.373804e+00	-7.251792e+00	2.364852e+03	5.600252e-08	1.208437e-03	1.095942e-01
3.377511e+00	-7.260135e+00	2.385124e+03	5.493703e-08	1.218796e-03	1.075091e-01
3.381186e+00	-7.268407e+00	2.405395e+03	5.390059e-08	1.229154e-03	1.054808e-01
3.384893e+00	-7.276749e+00	2.426015e+03	5.287509e-08	1.239691e-03	1.034740e-01
3.388569e+00	-7.285021e+00	2.446634e+03	5.187755e-08	1.250227e-03	1.015218e-01
3.392276e+00	-7.293363e+00	2.467607e+03	5.089054e-08	1.260945e-03	9.959032e-02
3.395952e+00	-7.301635e+00	2.488580e+03	4.993044e-08	1.271662e-03	9.771144e-02
3.399659e+00	-7.309977e+00	2.509913e+03	4.898048e-08	1.282563e-03	9.585242e-02
3.403334e+00	-7.318249e+00	2.531245e+03	4.805641e-08	1.293464e-03	9.404405e-02
3.407041e+00	-7.326591e+00	2.552943e+03	4.714211e-08	1.304551e-03	9.225481e-02
3.410717e+00	-7.334863e+00	2.574642e+03	4.625272e-08	1.315639e-03	9.051432e-02
3.414424e+00	-7.343205e+00	2.596712e+03	4.537273e-08	1.326917e-03	8.879223e-02
3.418099e+00	-7.351477e+00	2.618782e+03	4.451672e-08	1.338195e-03	8.711706e-02
3.421806e+00	-7.359819e+00	2.641231e+03	4.366977e-08	1.349666e-03	8.545961e-02
3.425482e+00	-7.368091e+00	2.663679e+03	4.284589e-08	1.361137e-03	8.384732e-02
3.429189e+00	-7.376433e+00	2.686513e+03	4.203072e-08	1.372805e-03	8.225207e-02
3.432864e+00	-7.384705e+00	2.709346e+03	4.123776e-08	1.384473e-03	8.070029e-02
3.436571e+00	-7.393047e+00	2.732571e+03	4.045319e-08	1.396341e-03	7.916492e-02
3.440247e+00	-7.401319e+00	2.755796e+03	3.968999e-08	1.408209e-03	7.767139e-02
3.443954e+00	-7.409661e+00	2.779419e+03	3.893487e-08	1.420280e-03	7.619364e-02
3.447630e+00	-7.417933e+00	2.803042e+03	3.820032e-08	1.432351e-03	7.475616e-02
3.451337e+00	-7.426275e+00	2.827070e+03	3.747353e-08	1.444630e-03	7.333388e-02
3.455012e+00	-7.434547e+00	2.851098e+03	3.676655e-08	1.456908e-03	7.195035e-02
3.458719e+00	-7.442889e+00	2.875538e+03	3.606705e-08	1.469397e-03	7.058145e-02
3.462395e+00	-7.451161e+00	2.899978e+03	3.538660e-08	1.481886e-03	6.924986e-02
3.466102e+00	-7.459503e+00	2.924838e+03	3.471335e-08	1.494589e-03	6.793234e-02
3.469777e+00	-7.467775e+00	2.949697e+03	3.405844e-08	1.507292e-03	6.665072e-02
3.473484e+00	-7.476118e+00	2.974982e+03	3.341046e-08	1.520212e-03	6.538265e-02
3.477160e+00	-7.484389e+00	3.000267e+03	3.278013e-08	1.533133e-03	6.414913e-02
3.480867e+00	-7.492732e+00	3.025986e+03	3.215647e-08	1.546275e-03	6.292865e-02
3.484542e+00	-7.501003e+00	3.051705e+03	3.154980e-08	1.559418e-03	6.174143e-02
3.488249e+00	-7.509346e+00	3.077864e+03	3.094955e-08	1.572785e-03	6.056676e-02
3.491925e+00	-7.517617e+00	3.104024e+03	3.036565e-08	1.586153e-03	5.942410e-02
3.495632e+00	-7.525960e+00	3.130632e+03	2.978793e-08	1.599750e-03	5.829352e-02
3.499308e+00	-7.534231e+00	3.157240e+03	2.922594e-08	1.613346e-03	5.719375e-02
3.503015e+00	-7.542574e+00	3.184305e+03	2.866990e-08	1.627176e-03	5.610561e-02
3.506690e+00	-7.550845e+00	3.211369e+03	2.812901e-08	1.641006e-03	5.504711e-02
3.510397e+00	-7.559188e+00	3.238897e+03	2.759384e-08	1.655073e-03	5.399981e-02
3.514073e+00	-7.567460e+00	3.266426e+03	2.707325e-08	1.669140e-03	5.298104e-02
3.517780e+00	-7.575802e+00	3.294426e+03	2.655817e-08	1.683448e-03	5.197304e-02
3.521455e+00	-7.584074e+00	3.322426e+03	2.605712e-08	1.697756e-03	5.099251e-02
3.525162e+00	-7.592416e+00	3.350907e+03	2.556137e-08	1.712310e-03	5.002235e-02
3.528838e+00	-7.600688e+00	3.379387e+03	2.507912e-08	1.726863e-03	4.907862e-02
3.532545e+00	-7.609030e+00	3.408355e+03	2.460198e-08	1.741666e-03	4.814487e-02
3.536220e+00	-7.617302e+00	3.437324e+03	2.413783e-08	1.756469e-03	4.723656e-02
3.539927e+00	-7.625644e+00	3.466789e+03	2.367860e-08	1.771526e-03	4.633786e-02
3.543603e+00	-7.633916e+00	3.496255e+03	2.323187e-08	1.786582e-03	4.546364e-02
3.547310e+00	-7.642258e+00	3.526225e+03	2.278987e-08	1.801897e-03	4.459867e-02
3.550986e+00	-7.650530e+00	3.556195e+03	2.235992e-08	1.817212e-03	4.375727e-02
3.554693e+00	-7.658872e+00	3.586680e+03	2.193450e-08	1.832789e-03	4.292476e-02
3.558368e+00	-7.667144e+00	3.617164e+03	2.152069e-08	1.848367e-03	4.211493e-02
3.562075e+00	-7.675486e+00	3.648171e+03	2.111124e-08	1.864211e-03	4.131367e-02
3.565751e+00	-7.683758e+00	3.679178e+03	2.071295e-08	1.880056e-03	4.053424e-02
3.569458e+00	-7.692100e+00	3.710716e+03	2.031888e-08	1.896172e-03	3.976305e-02
3.573133e+00	-7.700372e+00	3.742255e+03	1.993554e-08	1.912288e-03	3.901288e-02
3.576840e+00	-7.708714e+00	3.774334e+03	1.955625e-08	1.928680e-03	3.827064e-02
3.580516e+00	-7.716986e+00	3.806413e+03	1.918730e-08	1.945073e-03	3.754862e-02
3.584223e+00	-7.725328e+00	3.839042e+03	1.882225e-08	1.961746e-03	3.683423e-02
3.587898e+00	-7.733600e+00	3.871671e+03	1.846715e-08	1.978420e-03	3.613931e-02
3.591605e+00	-7.741942e+00	3.904860e+03	1.811580e-08	1.995379e-03	3.545174e-02
3.595281e+00	-7.750214e+00	3.938048e+03	1.777403e-08	2.012338e-03	3.478290e-02
3.598988e+00	-7.758557e+00	3.971806e+03	1.743586e-08	2.029589e-03	3.412114e-02
3.602664e+00	-7.766828e+00	4.005563e+03	1.710692e-08	2.046839e-03	3.347740e-02
3.606371e+00	-7.775171e+00	4.039900e+03	1.678145e-08	2.064384e-03	3.284048e-02
3.610046e+00	-7.783442e+00	4.074236e+03	1.646485e-08	2.081930e-03	3.222090e-02
3.613753e+00	-7.791785e+00	4.109161e+03	1.615159e-08	2.099777e-03	3.160788e-02
3.617429e+00	-7.800056e+00	4.144086e+03	1.584688e-08	2.117623e-03	3.101156e-02
3.621136e+00	-7.808399e+00	4.179610e+03	1.554538e-08	2.135776e-03	3.042155e-02
3.624811e+00	-7.816670e+00	4.215133e+03	1.525210e-08	2.153929e-03	2.984761e-02
3.628518e+00	-7.825013e+00	4.251266e+03	1.496192e-08	2.172392e-03	2.927974e-02
3.632194e+00	-7.833284e+00	4.287399e+03	1.467964e-08	2.190856e-03	2.872735e-02
3.635901e+00	-7.841627e+00	4.324151e+03	1.440035e-08	2.209637e-03	2.818079e-02
3.639576e+00	-7.849899e+00	4.360903e+03	1.412868e-08	2.228417e-03	2.764913e-02
3.643283e+00	-7.858241e+00	4.398286e+03	1.385987e-08	2.247519e-03	2.712309e-02
3.646959e+00	-7.866513e+00	4.435668e+03	1.359839e-08	2.266622e-03	2.661138e-02
3.650666e+00	-7.874855e+00	4.473691e+03	1.333967e-08	2.286051e-03	2.610508e-02
3.654342e+00	-7.883127e+00	4.511715e+03	1.308800e-08	2.305481e-03	2.561258e-02
3.658049e+00	-7.891469e+00	4.550390e+03	1.283899e-08	2.325244e-03	2.512529e-02
3.661724e+00	-7.899741e+00	4.589065e+03	1.259677e-08	2.345007e-03	2.465127e-02
3.665431e+00	-7.908083e+00	4.628403e+03	1.235711e-08	2.365109e-03	2.418227e-02
3.669107e+00	-7.916355e+00	4.667741e+03	1.212398e-08	2.385211e-03	2.372604e-02
3.672814e+00	-7.924697e+00	4.707754e+03	1.189331e-08	2.405657e-03	2.327464e-02
3.676489e+00	-7.932969e+00	4.747766e+03	1.166893e-08	2.426103e-03	2.283554e-02
3.680196e+00	-7.941311e+00	4.788465e+03	1.144693e-08	2.446900e-03	2.240108e-02
3.683872e+00	-7.949583e+00	4.829163e+03	1.123097e-08	2.467697e-03	2.197845e-02
3.687579e+00	-7.957925e+00	4.870560e+03	1.101729e-08	2.488851e-03	2.156030e-02
3.691254e+00	-7.966197e+00	4.911956e+03	1.080944e-08	2.510004e-03	2.115354e-02
3.694961e+00	-7.974539e+00	4.954062e+03	1.060378e-08	2.531520e-03	2.075108e-02
3.698637e+00	-7.982811e+00	4.996168e+03	1.040373e-08	2.553036e-03	2.035959e-02
3.702344e+00	-7.991153e+00	5.038996e+03	1.020579e-08	2.574921e-03	1.997224e-02
3.706020e+00	-7.999425e+00	5.081824e+03	1.001325e-08	2.596806e-03	1.959544e-02
3.709727e+00	-8.007767e+00	5.125386e+03	9.822739e-09	2.619067e-03	1.922262e-02
3.713402e+00	-8.016039e+00	5.168948e+03	9.637422e-09	2.641327e-03	1.885997e-02
3.717109e+00	-8.024381e+00	5.213257e+03	9.454064e-09	2.663969e-03	1.850114e-02
3.720785e+00	-8.032653e+00	5.257566e+03	9.275703e-09	2.686611e-03	1.815210e-02
3.724492e+00	-8.040996e+00	5.302635e+03	9.099227e-09	2.709641e-03	1.780674e-02
3.728167e+00	-8.049267e+00	5.347704e+03	8.927560e-09	2.732671e-03	1.747080e-02
3.731874e+00	-8.057610e+00	5.393545e+03	8.757707e-09	2.756096e-03	1.713841e-02
3.735550e+00	-8.065881e+00	5.439386e+03	8.592484e-09	2.779520e-03	1.681507e-02
3.739257e+00	-8.074224e+00	5.486013e+03	8.429006e-09	2.803347e-03	1.649516e-02
3.742932e+00	-8.082495e+00	5.532641e+03	8.269984e-09	2.827173e-03	1.618396e-02
3.746639e+00	-8.090838e+00	5.580067e+03	8.112642e-09	2.851408e-03	1.587605e-02
3.750315e+00	-8.099109e+00	5.627494e+03	7.959588e-09	2.875643e-03	1.557653e-02
3.754022e+00	-8.107452e+00	5.675734e+03	7.808152e-09	2.900294e-03	1.528017e-02
3.757698e+00	-8.115723e+00	5.723973e+03	7.660842e-09	2.924944e-03	1.499190e-02
3.761405e+00	-8.124066e+00	5.773040e+03	7.515090e-09	2.950017e-03	1.470667e-02
3.765080e+00	-8.132338e+00	5.822107e+03	7.373310e-09	2.975090e-03	1.442921e-02
3.768787e+00	-8.140680e+00	5.872015e+03	7.233028e-09	3.000593e-03	1.415468e-02
3.772463e+00	-8.148952e+00	5.921923e+03	7.096569e-09	3.026096e-03	1.388764e-02
3.776170e+00	-8.157294e+00	5.972686e+03	6.961552e-09	3.052036e-03	1.362342e-02
3.779845e+00	-8.165566e+00	6.023450e+03	6.830215e-09	3.077976e-03	1.336640e-02
3.783552e+00	-8.173908e+00	6.075084e+03	6.700266e-09	3.104361e-03	1.311209e-02
3.787228e+00	-8.182180e+00	6.126718e+03	6.573858e-09	3.130746e-03	1.286472e-02
3.790935e+00	-8.190522e+00	6.179237e+03	6.448786e-09	3.157583e-03	1.261996e-02
3.794610e+00	-8.198794e+00	6.231756e+03	6.327123e-09	3.184421e-03	1.238187e-02
3.798317e+00	-8.207136e+00	6.285176e+03	6.206745e-09	3.211718e-03	1.214630e-02
3.801993e+00	-8.215408e+00	6.338595e+03	6.089648e-09	3.239015e-03	1.191714e-02
3.805700e+00	-8.223750e+00	6.392931e+03	5.973789e-09	3.266781e-03	1.169041e-02
3.809376e+00	-8.232022e+00	6.447266e+03	5.861086e-09	3.294546e-03	1.146986e-02
3.813083e+00	-8.240364e+00	6.502533e+03	5.749576e-09	3.322787e-03	1.125164e-02
3.816758e+00	-8.248636e+00	6.557800e+03	5.641104e-09	3.351029e-03	1.103937e-02
3.820465e+00	-8.256978e+00	6.614015e+03	5.533778e-09	3.379754e-03	1.082933e-02
3.824141e+00	-8.265250e+00	6.670229e+03	5.429377e-09	3.408480e-03	1.062503e-02
3.827848e+00	-8.273592e+00	6.727407e+03	5.326080e-09	3.437698e-03	1.042288e-02
3.831523e+00	-8.281864e+00	6.784585e+03	5.225597e-09	3.466916e-03	1.022624e-02
3.835230e+00	-8.290206e+00	6.842744e+03	5.126177e-09	3.496635e-03	1.003168e-02
3.838906e+00	-8.298478e+00	6.900902e+03	5.029466e-09	3.526354e-03	9.842421e-03
3.842613e+00	-8.306820e+00	6.960058e+03	4.933778e-09	3.556582e-03	9.655163e-03
3.846288e+00	-8.315092e+00	7.019214e+03	4.840696e-09	3.586810e-03	9.473007e-03
3.849995e+00	-8.323434e+00	7.079383e+03	4.748599e-09	3.617557e-03	9.292777e-03
3.853671e+00	-8.331706e+00	7.139553e+03	4.659011e-09	3.648304e-03	9.117459e-03
3.857378e+00	-8.340049e+00	7.200754e+03	4.570371e-09	3.679578e-03	8.943994e-03
3.861054e+00	-8.348320e+00	7.261956e+03	4.484146e-09	3.710851e-03	8.775255e-03
3.864761e+00	-8.356663e+00	7.324206e+03	4.398832e-09	3.742661e-03	8.608300e-03
3.868436e+00	-8.364934e+00	7.386457e+03	4.315843e-09	3.774471e-03	8.445895e-03
3.872143e+00	-8.373277e+00	7.449775e+03	4.233732e-09	3.806827e-03	8.285207e-03
3.875819e+00	-8.381548e+00	7.513093e+03	4.153858e-09	3.839182e-03	8.128897e-03
3.879526e+00	-8.389891e+00	7.577496e+03	4.074828e-09	3.872092e-03	7.974240e-03
3.883201e+00	-8.398162e+00	7.641899e+03	3.997952e-09	3.905002e-03	7.823797e-03
3.886908e+00	-8.406505e+00	7.707407e+03	3.921888e-09	3.938476e-03	7.674945e-03
3.890584e+00	-8.414777e+00	7.772914e+03	3.847897e-09	3.971951e-03	7.530148e-03
3.894291e+00	-8.423119e+00	7.839545e+03	3.774689e-09	4.005999e-03	7.386882e-03
3.897966e+00	-8.431391e+00	7.906176e+03	3.703475e-09	4.040047e-03	7.247521e-03
3.901673e+00	-8.439733e+00	7.973948e+03	3.633014e-09	4.074679e-03	7.109632e-03
3.905349e+00	-8.448005e+00	8.041721e+03	3.564473e-09	4.109311e-03	6.975501e-03
3.909056e+00	-8.456347e+00	8.110656e+03	3.496657e-09	4.144536e-03	6.842788e-03
3.912732e+00	-8.464619e+00	8.179591e+03	3.430689e-09	4.179762e-03	6.713691e-03
3.916439e+00	-8.472961e+00	8.249708e+03	3.365418e-09	4.215592e-03	6.585959e-03
3.920114e+00	-8.481233e+00	8.319824e+03	3.301925e-09	4.251421e-03	6.461707e-03
3.923821e+00	-8.489575e+00	8.391143e+03	3.239104e-09	4.287865e-03	6.338769e-03
3.927497e+00	-8.497847e+00	8.462462e+03	3.177995e-09	4.324309e-03	6.219181e-03
3.931204e+00	-8.506189e+00	8.535004e+03	3.117532e-09	4.361378e-03	6.100858e-03
3.934879e+00	-8.514461e+00	8.607545e+03	3.058716e-09	4.398446e-03	5.985758e-03
3.938586e+00	-8.522803e+00	8.681330e+03	3.000522e-09	4.436150e-03	5.871875e-03
3.942262e+00	-8.531075e+00	8.755115e+03	2.943914e-09	4.473854e-03	5.761096e-03
3.945969e+00	-8.539417e+00	8.830166e+03	2.887904e-09	4.512205e-03	5.651488e-03
3.949644e+00	-8.547689e+00	8.905216e+03	2.833420e-09	4.550556e-03	5.544866e-03
3.953351e+00	-8.556031e+00	8.981553e+03	2.779513e-09	4.589564e-03	5.439372e-03
3.957027e+00	-8.564303e+00	9.057889e+03	2.727074e-09	4.628572e-03	5.336752e-03
3.960734e+00	-8.572645e+00	9.135535e+03	2.675190e-09	4.668248e-03	5.235217e-03
3.964410e+00	-8.580917e+00	9.213181e+03	2.624720e-09	4.707925e-03	5.136449e-03
3.968117e+00	-8.589259e+00	9.292157e+03	2.574783e-09	4.748282e-03	5.038724e-03
3.971792e+00	-8.597531e+00	9.371134e+03	2.526207e-09	4.788639e-03	4.943663e-03
3.975499e+00	-8.605873e+00	9.451465e+03	2.478144e-09	4.829688e-03	4.849607e-03
3.979175e+00	-8.614145e+00	9.531796e+03	2.431391e-09	4.870737e-03	4.758114e-03
3.982882e+00	-8.622488e+00	9.613504e+03	2.385132e-09	4.912490e-03	4.667588e-03
3.986557e+00	-8.630759e+00	9.695212e+03	2.340134e-09	4.954243e-03	4.579528e-03
3.990264e+00	-8.639102e+00	9.778321e+03	2.295612e-09	4.996711e-03	4.492400e-03
3.993940e+00	-8.647373e+00	9.861429e+03	2.252302e-09	5.039180e-03	4.407646e-03
3.997647e+00	-8.655716e+00	9.945963e+03	2.209451e-09	5.082376e-03	4.323788e-03
4.001322e+00	-8.663987e+00	1.003050e+04	2.167767e-09	5.125573e-03	4.242215e-03
4.005029e+00	-8.672330e+00	1.011648e+04	2.126524e-09	5.169510e-03	4.161504e-03
4.008705e+00	-8.680601e+00	1.020246e+04	2.086405e-09	5.213447e-03	4.082993e-03
4.012412e+00	-8.688944e+00	1.028992e+04	2.046710e-09	5.258138e-03	4.005311e-03
4.016088e+00	-8.697215e+00	1.037738e+04	2.008096e-09	5.302828e-03	3.929746e-03
4.019795e+00	-8.705558e+00	1.046633e+04	1.969891e-09	5.348285e-03	3.854981e-03
4.023470e+00	-8.713830e+00	1.055529e+04	1.932727e-09	5.393742e-03	3.782252e-03
4.027177e+00	-8.722172e+00	1.064577e+04	1.895955e-09	5.439977e-03	3.710292e-03
4.030853e+00	-8.730444e+00	1.073625e+04	1.860186e-09	5.486213e-03	3.640294e-03
4.034560e+00	-8.738786e+00	1.082829e+04	1.824795e-09	5.533242e-03	3.571035e-03
4.038235e+00	-8.747058e+00	1.092032e+04	1.790368e-09	5.580271e-03	3.503663e-03
4.041942e+00	-8.755400e+00	1.101393e+04	1.756305e-09	5.628106e-03	3.437004e-03
4.045618e+00	-8.763672e+00	1.110754e+04	1.723171e-09	5.675941e-03	3.372161e-03
4.049325e+00	-8.772014e+00	1.120276e+04	1.690386e-09	5.724596e-03	3.308004e-03
4.053000e+00	-8.780286e+00	1.129797e+04	1.658495e-09	5.773251e-03	3.245594e-03
4.056707e+00	-8.788628e+00	1.139482e+04	1.626941e-09	5.822740e-03	3.183845e-03
4.060383e+00	-8.796900e+00	1.149167e+04	1.596247e-09	5.872229e-03	3.123778e-03
4.064090e+00	-8.805242e+00	1.159017e+04	1.565878e-09	5.922567e-03	3.064346e-03
4.067766e+00	-8.813514e+00	1.168868e+04	1.536336e-09	5.972904e-03	3.006534e-03
4.071473e+00	-8.821856e+00	1.178888e+04	1.507106e-09	6.024105e-03	2.949333e-03
4.075148e+00	-8.830128e+00	1.188908e+04	1.478673e-09	6.075306e-03	2.893690e-03
4.078855e+00	-8.838470e+00	1.199099e+04	1.450540e-09	6.127384e-03	2.838636e-03
4.082531e+00	-8.846742e+00	1.209291e+04	1.423174e-09	6.179462e-03	2.785082e-03
4.086238e+00	-8.855084e+00	1.219657e+04	1.396097e-09	6.232434e-03	2.732094e-03
4.089913e+00	-8.863356e+00	1.230023e+04	1.369758e-09	6.285405e-03	2.680550e-03
4.093620e+00	-8.871698e+00	1.240567e+04	1.343698e-09	6.339284e-03	2.629551e-03
4.097296e+00	-8.879970e+00	1.251111e+04	1.318347e-09	6.393164e-03	2.579942e-03
4.101003e+00	-8.888312e+00	1.261836e+04	1.293265e-09	6.447967e-03	2.530857e-03
4.104678e+00	-8.896584e+00	1.272560e+04	1.268866e-09	6.502770e-03	2.483109e-03
4.108385e+00	-8.904927e+00	1.283469e+04	1.244725e-09	6.558513e-03	2.435867e-03
4.112061e+00	-8.913198e+00	1.294378e+04	1.221242e-09	6.614256e-03	2.389911e-03
4.115768e+00	-8.921541e+00	1.305473e+04	1.198007e-09	6.670954e-03	2.344442e-03
4.119444e+00	-8.929812e+00	1.316569e+04	1.175405e-09	6.727652e-03	2.300211e-03
4.123151e+00	-8.938155e+00	1.327855e+04	1.153043e-09	6.785323e-03	2.256448e-03
4.126826e+00	-8.946426e+00	1.339141e+04	1.131289e-09	6.842993e-03	2.213878e-03
4.130533e+00	-8.954769e+00	1.350620e+04	1.109766e-09	6.901653e-03	2.171758e-03
4.134209e+00	-8.963040e+00	1.362099e+04	1.088829e-09	6.960312e-03	2.130785e-03
4.137916e+00	-8.971383e+00	1.373775e+04	1.068113e-09	7.019977e-03	2.090245e-03
4.141591e+00	-8.979654e+00	1.385451e+04	1.047962e-09	7.079641e-03	2.050811e-03
4.145298e+00	-8.987997e+00	1.397328e+04	1.028024e-09	7.140329e-03	2.011793e-03
4.148974e+00	-8.996269e+00	1.409204e+04	1.008629e-09	7.201017e-03	1.973838e-03
4.152681e+00	-9.004611e+00	1.421284e+04	9.894392e-10	7.262745e-03	1.936284e-03
4.156356e+00	-9.012883e+00	1.433364e+04	9.707724e-10	7.324473e-03	1.899754e-03
4.160063e+00	-9.021225e+00	1.445651e+04	9.523028e-10	7.387260e-03	1.863610e-03
4.163739e+00	-9.029497e+00	1.457938e+04	9.343366e-10	7.450046e-03	1.828451e-03
4.167446e+00	-9.037839e+00	1.470435e+04	9.165602e-10	7.513909e-03	1.793664e-03
4.171122e+00	-9.046111e+00	1.482933e+04	8.992683e-10	7.577772e-03	1.759824e-03
4.174829e+00	-9.054453e+00	1.495645e+04	8.821592e-10	7.642730e-03	1.726343e-03
4.178504e+00	-9.062725e+00	1.508357e+04	8.655163e-10	7.707688e-03	1.693773e-03
4.182211e+00	-9.071067e+00	1.521287e+04	8.490493e-10	7.773759e-03	1.661548e-03
4.185887e+00	-9.079339e+00	1.534217e+04	8.330310e-10	7.839831e-03	1.630201e-03
4.189594e+00	-9.087681e+00	1.547368e+04	8.171821e-10	7.907035e-03	1.599186e-03
4.193269e+00	-9.095953e+00	1.560520e+04	8.017650e-10	7.974239e-03	1.569015e-03
4.196976e+00	-9.104295e+00	1.573897e+04	7.865110e-10	8.042596e-03	1.539164e-03
4.200652e+00	-9.112567e+00	1.587274e+04	7.716726e-10	8.110952e-03	1.510126e-03
4.204359e+00	-9.120909e+00	1.600880e+04	7.569910e-10	8.180480e-03	1.481395e-03
4.208034e+00	-9.129181e+00	1.614487e+04	7.427095e-10	8.250009e-03	1.453446e-03
4.211741e+00	-9.137523e+00	1.628326e+04	7.285790e-10	8.320729e-03	1.425794e-03
4.215417e+00	-9.145795e+00	1.642166e+04	7.148336e-10	8.391449e-03	1.398895e-03
4.219124e+00	-9.154137e+00	1.656243e+04	7.012334e-10	8.463382e-03	1.372280e-03
4.222800e+00	-9.162409e+00	1.670320e+04	6.880039e-10	8.535315e-03	1.346390e-03
4.226507e+00	-9.170751e+00	1.684638e+04	6.749142e-10	8.608481e-03	1.320774e-03
4.230182e+00	-9.179023e+00	1.698956e+04	6.621812e-10	8.681647e-03	1.295856e-03
4.233889e+00	-9.187366e+00	1.713520e+04	6.495828e-10	8.756067e-03	1.271202e-03
4.237565e+00	-9.195637e+00	1.728083e+04	6.373277e-10	8.830488e-03	1.247219e-03
4.241272e+00	-9.203980e+00	1.742897e+04	6.252021e-10	8.906184e-03	1.223490e-03
4.244947e+00	-9.212251e+00	1.757710e+04	6.134070e-10	8.981880e-03	1.200408e-03
4.248654e+00	-9.220594e+00	1.772778e+04	6.017365e-10	9.058874e-03	1.177569e-03
4.252330e+00	-9.228865e+00	1.787845e+04	5.903841e-10	9.135868e-03	1.155353e-03
4.256037e+00	-9.237208e+00	1.803171e+04	5.791517e-10	9.214182e-03	1.133372e-03
4.259712e+00	-9.245479e+00	1.818496e+04	5.682253e-10	9.292496e-03	1.111989e-03
4.263419e+00	-9.253822e+00	1.834085e+04	5.574145e-10	9.372153e-03	1.090833e-03
4.267095e+00	-9.262093e+00	1.849673e+04	5.468983e-10	9.451810e-03	1.070253e-03
4.270802e+00	-9.270436e+00	1.865529e+04	5.364932e-10	9.532832e-03	1.049891e-03
4.274478e+00	-9.278708e+00	1.881385e+04	5.263716e-10	9.613854e-03	1.030084e-03
4.278185e+00	-9.287050e+00	1.897512e+04	5.163571e-10	9.696266e-03	1.010486e-03
4.281860e+00	-9.295322e+00	1.913640e+04	5.066154e-10	9.778677e-03	9.914218e-04
4.285567e+00	-9.303664e+00	1.930044e+04	4.969768e-10	9.862501e-03	9.725594e-04
4.289243e+00	-9.311936e+00	1.946448e+04	4.876007e-10	9.946326e-03	9.542109e-04
4.292950e+00	-9.320278e+00	1.963133e+04	4.783238e-10	1.003159e-02	9.360565e-04
4.296625e+00	-9.328550e+00	1.979818e+04	4.692997e-10	1.011685e-02	9.183967e-04
4.300332e+00	-9.336892e+00	1.996789e+04	4.603710e-10	1.020357e-02	9.009237e-04
4.304008e+00	-9.345164e+00	2.013761e+04	4.516856e-10	1.029029e-02	8.839267e-04
4.307715e+00	-9.353506e+00	2.031023e+04	4.430920e-10	1.037850e-02	8.671095e-04
4.311390e+00	-9.361778e+00	2.048285e+04	4.347326e-10	1.046671e-02	8.507505e-04
4.315097e+00	-9.370120e+00	2.065843e+04	4.264615e-10	1.055644e-02	8.345645e-04
4.318773e+00	-9.378392e+00	2.083402e+04	4.184159e-10	1.064616e-02	8.188195e-04
4.322480e+00	-9.386734e+00	2.101261e+04	4.104552e-10	1.073742e-02	8.032409e-04
4.326156e+00	-9.395006e+00	2.119120e+04	4.027115e-10	1.082868e-02	7.880869e-04
4.329863e+00	-9.403348e+00	2.137285e+04	3.950497e-10	1.092151e-02	7.730930e-04
4.333538e+00	-9.411620e+00	2.155451e+04	3.875967e-10	1.101433e-02	7.585078e-04
4.337245e+00	-9.419962e+00	2.173928e+04	3.802224e-10	1.110875e-02	7.440767e-04
4.340921e+00	-9.428234e+00	2.192405e+04	3.730491e-10	1.120316e-02	7.300389e-04
4.344628e+00	-9.436576e+00	2.211198e+04	3.659516e-10	1.129920e-02	7.161494e-04
4.348303e+00	-9.444848e+00	2.229992e+04	3.590475e-10	1.139523e-02	7.026385e-04
4.352010e+00	-9.453190e+00	2.249108e+04	3.522164e-10	1.149292e-02	6.892703e-04
4.355686e+00	-9.461462e+00	2.268223e+04	3.455714e-10	1.159060e-02	6.762665e-04
4.359393e+00	-9.469804e+00	2.287667e+04	3.389967e-10	1.168995e-02	6.634001e-04
4.363068e+00	-9.478076e+00	2.307111e+04	3.326012e-10	1.178931e-02	6.508843e-04
4.366775e+00	-9.486419e+00	2.326887e+04	3.262732e-10	1.189037e-02	6.385008e-04
4.370451e+00	-9.494690e+00	2.346664e+04	3.201177e-10	1.199143e-02	6.264548e-04
4.374158e+00	-9.503033e+00	2.366780e+04	3.140273e-10	1.209422e-02	6.145361e-04
4.377834e+00	-9.511304e+00	2.386896e+04	3.081028e-10	1.219701e-02	6.029422e-04
4.381541e+00	-9.519647e+00	2.407357e+04	3.022410e-10	1.230157e-02	5.914709e-04
4.385216e+00	-9.527918e+00	2.427818e+04	2.965389e-10	1.240612e-02	5.803121e-04
4.388923e+00	-9.536261e+00	2.448630e+04	2.908970e-10	1.251247e-02	5.692713e-04
4.392599e+00	-9.544532e+00	2.469441e+04	2.854089e-10	1.261882e-02	5.585314e-04
4.396306e+00	-9.552875e+00	2.490610e+04	2.799788e-10	1.272699e-02	5.479050e-04
4.399981e+00	-9.561147e+00	2.511778e+04	2.746967e-10	1.283516e-02	5.375681e-04
4.403688e+00	-9.569489e+00	2.533309e+04	2.694705e-10	1.294518e-02	5.273406e-04
4.407364e+00	-9.577761e+00	2.554841e+04	2.643866e-10	1.305521e-02	5.173917e-04
4.411071e+00	-9.586103e+00	2.576741e+04	2.593565e-10	1.316712e-02	5.075480e-04
4.414746e+00	-9.594375e+00	2.598642e+04	2.544634e-10	1.327903e-02	4.979726e-04
4.418453e+00	-9.602717e+00	2.620918e+04	2.496221e-10	1.339286e-02	4.884983e-04
4.422129e+00	-9.610989e+00	2.643194e+04	2.449127e-10	1.350669e-02	4.792823e-04
4.425836e+00	-9.619331e+00	2.665851e+04	2.402531e-10	1.362247e-02	4.701636e-04
4.429512e+00	-9.627603e+00	2.688509e+04	2.357205e-10	1.373825e-02	4.612935e-04
4.433219e+00	-9.635945e+00	2.711556e+04	2.312357e-10	1.385602e-02	4.525171e-04
4.436894e+00	-9.644217e+00	2.734602e+04	2.268732e-10	1.397379e-02	4.439798e-04
4.440601e+00	-9.652559e+00	2.758043e+04	2.225568e-10	1.409357e-02	4.355328e-04
4.444277e+00	-9.660831e+00	2.781485e+04	2.183580e-10	1.421336e-02	4.273160e-04
4.447984e+00	-9.669173e+00	2.805328e+04	2.142036e-10	1.433520e-02	4.191861e-04
4.451659e+00	-9.677445e+00	2.829171e+04	2.101624e-10	1.445704e-02	4.112777e-04
4.455366e+00	-9.685787e+00	2.853424e+04	2.061640e-10	1.458096e-02	4.034528e-04
4.459042e+00	-9.694059e+00	2.877676e+04	2.022745e-10	1.470489e-02	3.958413e-04
4.462749e+00	-9.702401e+00	2.902343e+04	1.984261e-10	1.483094e-02	3.883101e-04
4.466424e+00	-9.710673e+00	2.927011e+04	1.946825e-10	1.495700e-02	3.809842e-04
4.470131e+00	-9.719015e+00	2.952102e+04	1.909786e-10	1.508521e-02	3.737358e-04
4.473807e+00	-9.727287e+00	2.977193e+04	1.873755e-10	1.521342e-02	3.666848e-04
4.477514e+00	-9.735629e+00	3.002714e+04	1.838106e-10	1.534384e-02	3.597084e-04
4.481190e+00	-9.743901e+00	3.028235e+04	1.803428e-10	1.547425e-02	3.529221e-04
4.484897e+00	-9.752243e+00	3.054193e+04	1.769117e-10	1.560689e-02	3.462076e-04
4.488572e+00	-9.760515e+00	3.080152e+04	1.735741e-10	1.573954e-02	3.396760e-04
4.492279e+00	-9.768858e+00	3.106555e+04	1.702717e-10	1.587446e-02	3.332134e-04
4.495955e+00	-9.777129e+00	3.132959e+04	1.670593e-10	1.600939e-02	3.269270e-04
4.499662e+00	-9.785472e+00	3.159815e+04	1.638809e-10	1.614662e-02	3.207070e-04
4.503337e+00	-9.793743e+00	3.186671e+04	1.607891e-10	1.628386e-02	3.146565e-04
4.507044e+00	-9.802086e+00	3.213988e+04	1.577300e-10	1.642344e-02	3.086700e-04
4.510720e+00	-9.810357e+00	3.241304e+04	1.547543e-10	1.656303e-02	3.028466e-04
4.514427e+00	-9.818700e+00	3.269089e+04	1.518100e-10	1.670501e-02	2.970847e-04
4.518102e+00	-9.826971e+00	3.296874e+04	1.489459e-10	1.684699e-02	2.914799e-04
4.521809e+00	-9.835314e+00	3.325136e+04	1.461121e-10	1.699141e-02	2.859343e-04
4.525485e+00	-9.843585e+00	3.353397e+04	1.433555e-10	1.713582e-02	2.805398e-04
4.529192e+00	-9.851928e+00	3.382143e+04	1.406281e-10	1.728271e-02	2.752024e-04
4.532868e+00	-9.860200e+00	3.410889e+04	1.379750e-10	1.742960e-02	2.700104e-04
4.536575e+00	-9.868542e+00	3.440127e+04	1.353500e-10	1.757901e-02	2.648733e-04
4.540250e+00	-9.876814e+00	3.469366e+04	1.327964e-10	1.772842e-02	2.598761e-04
4.543957e+00	-9.885156e+00	3.499106e+04	1.302699e-10	1.788039e-02	2.549318e-04
4.547633e+00	-9.893428e+00	3.528846e+04	1.278122e-10	1.803236e-02	2.501223e-04
4.551340e+00	-9.901770e+00	3.559096e+04	1.253805e-10	1.818694e-02	2.453635e-04
4.555015e+00	-9.910042e+00	3.589345e+04	1.230151e-10	1.834152e-02	2.407345e-04
4.558722e+00	-9.918384e+00	3.620114e+04	1.206746e-10	1.849874e-02	2.361544e-04
4.562398e+00	-9.926656e+00	3.650882e+04	1.183980e-10	1.865597e-02	2.316990e-04
4.566105e+00	-9.934998e+00	3.682178e+04	1.161454e-10	1.881589e-02	2.272908e-04
4.569780e+00	-9.943270e+00	3.713474e+04	1.139542e-10	1.897581e-02	2.230027e-04
4.573487e+00	-9.951612e+00	3.745307e+04	1.117861e-10	1.913848e-02	2.187600e-04
4.577163e+00	-9.959884e+00	3.777139e+04	1.096771e-10	1.930114e-02	2.146328e-04
4.580870e+00	-9.968226e+00	3.809517e+04	1.075905e-10	1.946659e-02	2.105493e-04
4.584546e+00	-9.976498e+00	3.841895e+04	1.055606e-10	1.963204e-02	2.065771e-04
4.588253e+00	-9.984840e+00	3.874829e+04	1.035523e-10	1.980033e-02	2.026468e-04
4.591928e+00	-9.993112e+00	3.907762e+04	1.015987e-10	1.996862e-02	1.988236e-04
4.595635e+00	-1.000145e+01	3.941260e+04	9.966569e-11	2.013980e-02	1.950409e-04
4.599311e+00	-1.000973e+01	3.974758e+04	9.778538e-11	2.031097e-02	1.913612e-04
4.603018e+00	-1.001807e+01	4.008830e+04	9.592495e-11	2.048508e-02	1.877205e-04
4.606693e+00	-1.002634e+01	4.042902e+04	9.411522e-11	2.065919e-02	1.841789e-04
4.610400e+00	-1.003468e+01	4.077559e+04	9.232462e-11	2.083628e-02	1.806748e-04
4.614076e+00	-1.004295e+01	4.112215e+04	9.058282e-11	2.101337e-02	1.772662e-04
4.617783e+00	-1.005130e+01	4.147466e+04	8.885942e-11	2.119350e-02	1.738936e-04
4.621458e+00	-1.005957e+01	4.182716e+04	8.718299e-11	2.137363e-02	1.706129e-04
4.625165e+00	-1.006791e+01	4.218571e+04	8.552428e-11	2.155685e-02	1.673669e-04
4.628841e+00	-1.007618e+01	4.254426e+04	8.391077e-11	2.174007e-02	1.642093e-04
4.632548e+00	-1.008452e+01	4.290895e+04	8.231431e-11	2.192643e-02	1.610851e-04
4.636224e+00	-1.009280e+01	4.327365e+04	8.076136e-11	2.211279e-02	1.580461e-04
4.639931e+00	-1.010114e+01	4.364460e+04	7.922483e-11	2.230234e-02	1.550391e-04
4.643606e+00	-1.010941e+01	4.401555e+04	7.773016e-11	2.249190e-02	1.521141e-04
4.647313e+00	-1.011775e+01	4.439285e+04	7.625130e-11	2.268470e-02	1.492201e-04
4.650989e+00	-1.012602e+01	4.477016e+04	7.481273e-11	2.287750e-02	1.464049e-04
4.654696e+00	-1.013437e+01	4.515394e+04	7.338938e-11	2.307361e-02	1.436194e-04
4.658371e+00	-1.014264e+01	4.553772e+04	7.200480e-11	2.326972e-02	1.409099e-04
4.662078e+00	-1.015098e+01	4.592807e+04	7.063487e-11	2.346919e-02	1.382290e-04
4.665754e+00	-1.015925e+01	4.631843e+04	6.930226e-11	2.366867e-02	1.356212e-04
4.669461e+00	-1.016759e+01	4.671548e+04	6.798374e-11	2.387156e-02	1.330409e-04
4.673136e+00	-1.017587e+01	4.711253e+04	6.670115e-11	2.407445e-02	1.305309e-04
4.676843e+00	-1.018421e+01	4.751638e+04	6.543212e-11	2.428082e-02	1.280475e-04
4.680519e+00	-1.019248e+01	4.792024e+04	6.419767e-11	2.448719e-02	1.256317e-04
4.684226e+00	-1.020082e+01	4.833102e+04	6.297627e-11	2.469710e-02	1.232415e-04
4.687902e+00	-1.020909e+01	4.874180e+04	6.178816e-11	2.490700e-02	1.209164e-04
4.691609e+00	-1.021744e+01	4.915962e+04	6.061260e-11	2.512051e-02	1.186159e-04
4.695284e+00	-1.022571e+01	4.957744e+04	5.946907e-11	2.533402e-02	1.163781e-04
4.698991e+00	-1.023405e+01	5.000243e+04	5.833764e-11	2.555118e-02	1.141639e-04
4.702667e+00	-1.024232e+01	5.042741e+04	5.723703e-11	2.576835e-02	1.120101e-04
4.706374e+00	-1.025067e+01	5.085968e+04	5.614806e-11	2.598924e-02	1.098790e-04
4.710049e+00	-1.025894e+01	5.129195e+04	5.508877e-11	2.621013e-02	1.078060e-04
4.713756e+00	-1.026728e+01	5.173164e+04	5.404067e-11	2.643481e-02	1.057550e-04
4.717432e+00	-1.027555e+01	5.217132e+04	5.302113e-11	2.665949e-02	1.037598e-04
4.721139e+00	-1.028389e+01	5.261854e+04	5.201237e-11	2.688802e-02	1.017857e-04
4.724814e+00	-1.029217e+01	5.306576e+04	5.103110e-11	2.711655e-02	9.986538e-05
4.728521e+00	-1.030051e+01	5.352065e+04	5.006020e-11	2.734899e-02	9.796538e-05
4.732197e+00	-1.030878e+01	5.397553e+04	4.911576e-11	2.758144e-02	9.611716e-05
4.735904e+00	-1.031712e+01	5.443822e+04	4.818130e-11	2.781787e-02	9.428847e-05
4.739580e+00	-1.032539e+01	5.490091e+04	4.727231e-11	2.805430e-02	9.250961e-05
4.743286e+00	-1.033374e+01	5.537153e+04	4.637293e-11	2.829479e-02	9.074956e-05
4.746962e+00	-1.034201e+01	5.584215e+04	4.549805e-11	2.853528e-02	8.903747e-05
4.750669e+00	-1.035035e+01	5.632083e+04	4.463242e-11	2.877988e-02	8.734348e-05
4.754345e+00	-1.035862e+01	5.679952e+04	4.379038e-11	2.902449e-02	8.569564e-05
4.758052e+00	-1.036696e+01	5.728641e+04	4.295724e-11	2.927330e-02	8.406523e-05
4.761727e+00	-1.037524e+01	5.777331e+04	4.214680e-11	2.952210e-02	8.247925e-05
4.765434e+00	-1.038358e+01	5.826855e+04	4.134494e-11	2.977517e-02	8.091003e-05
4.769110e+00	-1.039185e+01	5.876379e+04	4.056492e-11	3.002823e-02	7.938357e-05
4.772817e+00	-1.040019e+01	5.926752e+04	3.979315e-11	3.028564e-02	7.787325e-05
4.776492e+00	-1.040846e+01	5.977126e+04	3.904240e-11	3.054305e-02	7.640408e-05
4.780199e+00	-1.041681e+01	6.028362e+04	3.829960e-11	3.080487e-02	7.495045e-05
4.783875e+00	-1.042508e+01	6.079599e+04	3.757703e-11	3.106669e-02	7.353642e-05
4.787582e+00	-1.043342e+01	6.131714e+04	3.686211e-11	3.133299e-02	7.213735e-05
4.791258e+00	-1.044169e+01	6.183830e+04	3.616666e-11	3.159930e-02	7.077640e-05
4.794964e+00	-1.045003e+01	6.236838e+04	3.547857e-11	3.187018e-02	6.942983e-05
4.798640e+00	-1.045831e+01	6.289847e+04	3.480923e-11	3.214105e-02	6.811996e-05
4.802347e+00	-1.046665e+01	6.343765e+04	3.414696e-11	3.241657e-02	6.682394e-05
4.806023e+00	-1.047492e+01	6.397682e+04	3.350274e-11	3.269209e-02	6.556323e-05
4.809730e+00	-1.048326e+01	6.452524e+04	3.286533e-11	3.297233e-02	6.431585e-05
4.813405e+00	-1.049153e+01	6.507366e+04	3.224529e-11	3.325257e-02	6.310246e-05
4.817112e+00	-1.049988e+01	6.563148e+04	3.163180e-11	3.353762e-02	6.190190e-05
4.820788e+00	-1.050815e+01	6.618930e+04	3.103503e-11	3.382266e-02	6.073405e-05
4.824495e+00	-1.051649e+01	6.675669e+04	3.044457e-11	3.411259e-02	5.957854e-05
4.828170e+00	-1.052476e+01	6.732407e+04	2.987020e-11	3.440253e-02	5.845453e-05
4.831877e+00	-1.053310e+01	6.790118e+04	2.930190e-11	3.469743e-02	5.734240e-05
4.835553e+00	-1.054138e+01	6.847830e+04	2.874909e-11	3.499233e-02	5.626057e-05
4.839260e+00	-1.054972e+01	6.906530e+04	2.820212e-11	3.529229e-02	5.519018e-05
4.842936e+00	-1.055799e+01	6.965231e+04	2.767005e-11	3.559225e-02	5.414895e-05
4.846642e+00	-1.056633e+01	7.024938e+04	2.714362e-11	3.589736e-02	5.311873e-05
4.850318e+00	-1.057460e+01	7.084645e+04	2.663152e-11	3.620246e-02	5.211659e-05
4.854025e+00	-1.058295e+01	7.145376e+04	2.612484e-11	3.651279e-02	5.112504e-05
4.857701e+00	-1.059122e+01	7.206106e+04	2.563197e-11	3.682312e-02	5.016051e-05
4.861408e+00	-1.059956e+01	7.267878e+04	2.514430e-11	3.713878e-02	4.920617e-05
4.865083e+00	-1.060783e+01	7.329650e+04	2.466993e-11	3.745443e-02	4.827784e-05
4.868790e+00	-1.061617e+01	7.392481e+04	2.420057e-11	3.777550e-02	4.735933e-05
4.872466e+00	-1.062445e+01	7.455312e+04	2.374399e-11	3.809656e-02	4.646584e-05
4.876173e+00	-1.063279e+01	7.519220e+04	2.329225e-11	3.842313e-02	4.558180e-05
4.879848e+00	-1.064106e+01	7.583128e+04	2.285282e-11	3.874970e-02	4.472185e-05
4.883555e+00	-1.064940e+01	7.648131e+04	2.241803e-11	3.908187e-02	4.387099e-05
4.887231e+00	-1.065767e+01	7.713135e+04	2.199509e-11	3.941404e-02	4.304331e-05
4.890938e+00	-1.066602e+01	7.779253e+04	2.157662e-11	3.975190e-02	4.222439e-05
4.894614e+00	-1.067429e+01	7.845371e+04	2.116955e-11	4.008976e-02	4.142778e-05
4.898320e+00	-1.068263e+01	7.912623e+04	2.076679e-11	4.043342e-02	4.063959e-05
4.901996e+00	-1.069090e+01	7.979875e+04	2.037500e-11	4.077707e-02	3.987288e-05
4.905703e+00	-1.069924e+01	8.048280e+04	1.998735e-11	4.112662e-02	3.911427e-05
4.909379e+00	-1.070752e+01	8.116684e+04	1.961027e-11	4.147617e-02	3.837634e-05
4.913086e+00	-1.071586e+01	8.186262e+04	1.923717e-11	4.183171e-02	3.764620e-05
4.916761e+00	-1.072413e+01	8.255839e+04	1.887424e-11	4.218725e-02	3.693597e-05
4.920468e+00	-1.073247e+01	8.326609e+04	1.851514e-11	4.254888e-02	3.623324e-05
4.924144e+00	-1.074074e+01	8.397380e+04	1.816584e-11	4.291052e-02	3.554966e-05
4.927851e+00	-1.074909e+01	8.469363e+04	1.782022e-11	4.327835e-02	3.487330e-05
4.931526e+00	-1.075736e+01	8.541347e+04	1.748402e-11	4.364619e-02	3.421538e-05
4.935233e+00	-1.076570e+01	8.614565e+04	1.715138e-11	4.402033e-02	3.356441e-05
4.938909e+00	-1.077397e+01	8.687782e+04	1.682780e-11	4.439447e-02	3.293118e-05
4.942616e+00	-1.078232e+01	8.762255e+04	1.650764e-11	4.477503e-02	3.230464e-05
4.946292e+00	-1.079059e+01	8.836728e+04	1.619620e-11	4.515559e-02	3.169518e-05
4.949998e+00	-1.079893e+01	8.912478e+04	1.588806e-11	4.554267e-02	3.109216e-05
4.953674e+00	-1.080720e+01	8.988228e+04	1.558831e-11	4.592975e-02	3.050557e-05
4.957381e+00	-1.081554e+01	9.065276e+04	1.529174e-11	4.632346e-02	2.992519e-05
4.961057e+00	-1.082381e+01	9.142325e+04	1.500324e-11	4.671718e-02	2.936061e-05
4.964764e+00	-1.083216e+01	9.220694e+04	1.471780e-11	4.711765e-02	2.880201e-05
4.968439e+00	-1.084043e+01	9.299064e+04	1.444013e-11	4.751811e-02	2.825863e-05
4.972146e+00	-1.084877e+01	9.378777e+04	1.416540e-11	4.792545e-02	2.772099e-05
4.975822e+00	-1.085704e+01	9.458490e+04	1.389815e-11	4.833278e-02	2.719800e-05
4.979529e+00	-1.086539e+01	9.539569e+04	1.363373e-11	4.874709e-02	2.668054e-05
4.983204e+00	-1.087366e+01	9.620649e+04	1.337651e-11	4.916141e-02	2.617719e-05
4.986911e+00	-1.088200e+01	9.703118e+04	1.312202e-11	4.958283e-02	2.567915e-05
4.990587e+00	-1.089027e+01	9.785588e+04	1.287446e-11	5.000425e-02	2.519468e-05
4.994294e+00	-1.089861e+01	9.869472e+04	1.262951e-11	5.043289e-02	2.471534e-05
4.997970e+00	-1.090689e+01	9.953355e+04	1.239124e-11	5.086154e-02	2.424906e-05
5.001676e+00	-1.091523e+01	1.003868e+05	1.215549e-11	5.129753e-02	2.378770e-05
5.005352e+00	-1.092350e+01	1.012400e+05	1.192616e-11	5.173352e-02	2.333892e-05
5.009059e+00	-1.093184e+01	1.021078e+05	1.169926e-11	5.217699e-02	2.289488e-05
5.012735e+00	-1.094011e+01	1.029757e+05	1.147854e-11	5.262046e-02	2.246295e-05
5.016442e+00	-1.094846e+01	1.038584e+05	1.126015e-11	5.307153e-02	2.203557e-05
5.020117e+00	-1.095673e+01	1.047411e+05	1.104772e-11	5.352260e-02	2.161985e-05
5.023824e+00	-1.096507e+01	1.056390e+05	1.083753e-11	5.398140e-02	2.120852e-05
5.027500e+00	-1.097334e+01	1.065368e+05	1.063307e-11	5.444021e-02	2.080840e-05
5.031207e+00	-1.098168e+01	1.074501e+05	1.043077e-11	5.490688e-02	2.041250e-05
5.034882e+00	-1.098996e+01	1.083633e+05	1.023398e-11	5.537355e-02	2.002740e-05
5.038589e+00	-1.099830e+01	1.092922e+05	1.003927e-11	5.584822e-02	1.964637e-05
5.042265e+00	-1.100657e+01	1.102211e+05	9.849869e-12	5.632289e-02	1.927571e-05
5.045972e+00	-1.101491e+01	1.111660e+05	9.662469e-12	5.680569e-02	1.890898e-05
5.049647e+00	-1.102318e+01	1.121108e+05	9.480176e-12	5.728850e-02	1.855224e-05
5.053354e+00	-1.103153e+01	1.130718e+05	9.299810e-12	5.777959e-02	1.819928e-05
5.057030e+00	-1.103980e+01	1.140329e+05	9.124359e-12	5.827067e-02	1.785593e-05
5.060737e+00	-1.104814e+01	1.150104e+05	8.950762e-12	5.877018e-02	1.751621e-05
5.064413e+00	-1.105641e+01	1.159879e+05	8.781896e-12	5.926968e-02	1.718574e-05
5.068120e+00	-1.106475e+01	1.169822e+05	8.614815e-12	5.977775e-02	1.685877e-05
5.071795e+00	-1.107303e+01	1.179764e+05	8.452217e-12	6.028582e-02	1.654058e-05
5.075502e+00	-1.108138e+01	1.189877e+05	8.291165e-12	6.080260e-02	1.622541e-05
5.079178e+00	-1.108968e+01	1.199990e+05	8.134335e-12	6.131938e-02	1.591850e-05
5.082885e+00	-1.109805e+01	1.210277e+05	7.979001e-12	6.184502e-02	1.561452e-05
5.086560e+00	-1.110636e+01	1.220563e+05	7.827747e-12	6.237066e-02	1.531852e-05
5.090267e+00	-1.111476e+01	1.231026e+05	7.677943e-12	6.290531e-02	1.502536e-05
5.093943e+00	-1.112309e+01	1.241489e+05	7.532079e-12	6.343996e-02	1.473991e-05
5.097650e+00	-1.113150e+01	1.252131e+05	7.387621e-12	6.398378e-02	1.445721e-05
5.101325e+00	-1.113984e+01	1.262774e+05	7.246968e-12	6.452759e-02	1.418196e-05
5.105032e+00	-1.114827e+01	1.273598e+05	7.107676e-12	6.508073e-02	1.390938e-05
5.108708e+00	-1.115664e+01	1.284423e+05	6.972061e-12	6.563387e-02	1.364398e-05
5.112415e+00	-1.116509e+01	1.295433e+05	6.837763e-12	6.619650e-02	1.338117e-05
5.116091e+00	-1.117347e+01	1.306444e+05	6.707016e-12	6.675912e-02	1.312530e-05
5.119798e+00	-1.118194e+01	1.317643e+05	6.577545e-12	6.733139e-02	1.287194e-05
5.123473e+00	-1.119034e+01	1.328842e+05	6.451502e-12	6.790366e-02	1.262528e-05
5.127180e+00	-1.119882e+01	1.340233e+05	6.326696e-12	6.848574e-02	1.238104e-05
5.130856e+00	-1.120724e+01	1.351624e+05	6.205199e-12	6.906782e-02	1.214327e-05
5.134563e+00	-1.121575e+01	1.363210e+05	6.084900e-12	6.965988e-02	1.190785e-05
5.138238e+00	-1.122419e+01	1.374796e+05	5.967796e-12	7.025194e-02	1.167869e-05
5.141945e+00	-1.123271e+01	1.386581e+05	5.851851e-12	7.085415e-02	1.145179e-05
5.145621e+00	-1.124116e+01	1.398366e+05	5.738991e-12	7.145636e-02	1.123093e-05
5.149328e+00	-1.124970e+01	1.410353e+05	5.627253e-12	7.206890e-02	1.101226e-05
5.153003e+00	-1.125818e+01	1.422340e+05	5.518493e-12	7.268143e-02	1.079942e-05
5.156710e+00	-1.126674e+01	1.434533e+05	5.410819e-12	7.330447e-02	1.058871e-05
5.160386e+00	-1.127523e+01	1.446725e+05	5.306019e-12	7.392750e-02	1.038362e-05
5.164093e+00	-1.128381e+01	1.459127e+05	5.202270e-12	7.456122e-02	1.018059e-05
5.167769e+00	-1.129232e+01	1.471528e+05	5.101295e-12	7.519494e-02	9.982986e-06
5.171476e+00	-1.130091e+01	1.484143e+05	5.001337e-12	7.583952e-02	9.787373e-06
5.175151e+00	-1.130944e+01	1.496757e+05	4.904056e-12	7.648410e-02	9.596999e-06
5.178858e+00	-1.131806e+01	1.509587e+05	4.807759e-12	7.713974e-02	9.408551e-06
5.182534e+00	-1.132661e+01	1.522418e+05	4.714046e-12	7.779537e-02	9.225158e-06
5.186241e+00	-1.133524e+01	1.535468e+05	4.621284e-12	7.846224e-02	9.043628e-06
5.189916e+00	-1.134380e+01	1.548518e+05	4.531015e-12	7.912912e-02	8.866976e-06
5.193623e+00	-1.135245e+01	1.561792e+05	4.441667e-12	7.980742e-02	8.692126e-06
5.197299e+00	-1.136104e+01	1.575067e+05	4.354723e-12	8.048573e-02	8.521981e-06
5.201006e+00	-1.136971e+01	1.588568e+05	4.268671e-12	8.117567e-02	8.353581e-06
5.204681e+00	-1.137831e+01	1.602070e+05	4.184937e-12	8.186560e-02	8.189719e-06
5.208388e+00	-1.138700e+01	1.615803e+05	4.102066e-12	8.256737e-02	8.027544e-06
5.212064e+00	-1.139562e+01	1.629536e+05	4.021432e-12	8.326913e-02	7.869747e-06
5.215771e+00	-1.140432e+01	1.643505e+05	3.941632e-12	8.398293e-02	7.713581e-06
5.219447e+00	-1.141296e+01	1.657474e+05	3.863989e-12	8.469672e-02	7.561638e-06
5.223154e+00	-1.142169e+01	1.671682e+05	3.787152e-12	8.542276e-02	7.411273e-06
5.226829e+00	-1.143035e+01	1.685890e+05	3.712396e-12	8.614879e-02	7.264979e-06
5.230536e+00	-1.143909e+01	1.700342e+05	3.638420e-12	8.688727e-02	7.120211e-06
5.234212e+00	-1.144776e+01	1.714793e+05	3.566450e-12	8.762575e-02	6.979370e-06
5.237919e+00	-1.145652e+01	1.729493e+05	3.495234e-12	8.837689e-02	6.840003e-06
5.241594e+00	-1.146522e+01	1.744192e+05	3.425953e-12	8.912803e-02	6.704423e-06
5.245301e+00	-1.147400e+01	1.759144e+05	3.357400e-12	8.989205e-02	6.570268e-06
5.248977e+00	-1.148271e+01	1.774095e+05	3.290712e-12	9.065607e-02	6.439764e-06
5.252684e+00	-1.149151e+01	1.789303e+05	3.224729e-12	9.143319e-02	6.310637e-06
5.256359e+00	-1.150024e+01	1.804511e+05	3.160544e-12	9.221030e-02	6.185030e-06
5.260066e+00	-1.150905e+01	1.819979e+05	3.097039e-12	9.300075e-02	6.060755e-06
5.263742e+00	-1.151780e+01	1.835448e+05	3.035268e-12	9.379119e-02	5.939872e-06
5.267449e+00	-1.152664e+01	1.851182e+05	2.974155e-12	9.459518e-02	5.820276e-06
5.271125e+00	-1.153540e+01	1.866915e+05	2.914712e-12	9.539917e-02	5.703950e-06
5.274832e+00	-1.154426e+01	1.882919e+05	2.855905e-12	9.621695e-02	5.588867e-06
5.278507e+00	-1.155304e+01	1.898922e+05	2.798708e-12	9.703472e-02	5.476936e-06
5.282214e+00	-1.156191e+01	1.915200e+05	2.742125e-12	9.786652e-02	5.366206e-06
5.285890e+00	-1.157072e+01	1.931478e+05	2.687095e-12	9.869832e-02	5.258513e-06
5.289597e+00	-1.157961e+01	1.948035e+05	2.632657e-12	9.954437e-02	5.151981e-06
5.293272e+00	-1.158843e+01	1.964592e+05	2.579714e-12	1.003904e-01	5.048375e-06
5.296979e+00	-1.159734e+01	1.981433e+05	2.527345e-12	1.012510e-01	4.945891e-06
5.300655e+00	-1.160618e+01	1.998273e+05	2.476416e-12	1.021116e-01	4.846226e-06
5.304362e+00	-1.161510e+01	2.015403e+05	2.426041e-12	1.029869e-01	4.747644e-06
5.308037e+00	-1.162396e+01	2.032532e+05	2.377054e-12	1.038622e-01	4.651779e-06
5.311744e+00	-1.163290e+01	2.049956e+05	2.328601e-12	1.047525e-01	4.556959e-06
5.315420e+00	-1.164178e+01	2.067379e+05	2.281486e-12	1.056428e-01	4.464756e-06
5.319127e+00	-1.165074e+01	2.085101e+05	2.234886e-12	1.065484e-01	4.373564e-06
5.322803e+00	-1.165964e+01	2.102823e+05	2.189575e-12	1.074540e-01	4.284892e-06
5.326510e+00	-1.166862e+01	2.120848e+05	2.144762e-12	1.083751e-01	4.197195e-06
5.330185e+00	-1.167753e+01	2.138874e+05	2.101190e-12	1.092962e-01	4.111926e-06
5.333892e+00	-1.168653e+01	2.157209e+05	2.058098e-12	1.102331e-01	4.027599e-06
5.337568e+00	-1.169547e+01	2.175543e+05	2.016202e-12	1.111700e-01	3.945609e-06
5.341275e+00	-1.170448e+01	2.194193e+05	1.974770e-12	1.121230e-01	3.864529e-06
5.344950e+00	-1.171343e+01	2.212842e+05	1.934489e-12	1.130760e-01	3.785700e-06
5.348657e+00	-1.172247e+01	2.231810e+05	1.894656e-12	1.140453e-01	3.707749e-06
5.352333e+00	-1.173144e+01	2.250779e+05	1.855931e-12	1.150146e-01	3.631966e-06
5.356040e+00	-1.174049e+01	2.270073e+05	1.817638e-12	1.160005e-01	3.557029e-06
5.359715e+00	-1.174948e+01	2.289367e+05	1.780412e-12	1.169864e-01	3.484180e-06
5.363422e+00	-1.175855e+01	2.308992e+05	1.743604e-12	1.179892e-01	3.412148e-06
5.367098e+00	-1.176756e+01	2.328617e+05	1.707823e-12	1.189921e-01	3.342126e-06
5.370805e+00	-1.177665e+01	2.348578e+05	1.672444e-12	1.200121e-01	3.272892e-06
5.374481e+00	-1.178567e+01	2.368539e+05	1.638054e-12	1.210321e-01	3.205593e-06
5.378188e+00	-1.179478e+01	2.388843e+05	1.604053e-12	1.220696e-01	3.139054e-06
5.381863e+00	-1.180382e+01	2.409146e+05	1.571004e-12	1.231071e-01	3.074378e-06
5.385570e+00	-1.181295e+01	2.429798e+05	1.538329e-12	1.241624e-01	3.010436e-06
5.389246e+00	-1.182201e+01	2.450449e+05	1.506571e-12	1.252177e-01	2.948286e-06
5.392953e+00	-1.183116e+01	2.471455e+05	1.475174e-12	1.262911e-01	2.886843e-06
5.396628e+00	-1.184023e+01	2.492461e+05	1.444658e-12	1.273645e-01	2.827126e-06
5.400335e+00	-1.184940e+01	2.513826e+05	1.414492e-12	1.284563e-01	2.768092e-06
5.404011e+00	-1.185850e+01	2.535192e+05	1.385173e-12	1.295480e-01	2.710717e-06
5.407718e+00	-1.186768e+01	2.556924e+05	1.356191e-12	1.306586e-01	2.654001e-06
5.411393e+00	-1.187679e+01	2.578656e+05	1.328026e-12	1.317691e-01	2.598882e-06
5.415100e+00	-1.188600e+01	2.600761e+05	1.300184e-12	1.328986e-01	2.544398e-06
5.418776e+00	-1.189513e+01	2.622866e+05	1.273128e-12	1.340281e-01	2.491450e-06
5.422483e+00	-1.190435e+01	2.645349e+05	1.246385e-12	1.351771e-01	2.439115e-06
5.426159e+00	-1.191350e+01	2.667833e+05	1.220397e-12	1.363260e-01	2.388258e-06
5.429866e+00	-1.192274e+01	2.690702e+05	1.194711e-12	1.374946e-01	2.337991e-06
5.433541e+00	-1.193191e+01	2.713571e+05	1.169751e-12	1.386632e-01	2.289147e-06
5.437248e+00	-1.194116e+01	2.736832e+05	1.145083e-12	1.398518e-01	2.240871e-06
5.440924e+00	-1.195035e+01	2.760093e+05	1.121113e-12	1.410405e-01	2.193963e-06
5.444631e+00	-1.195963e+01	2.783753e+05	1.097423e-12	1.422495e-01	2.147604e-06
5.448306e+00	-1.196883e+01	2.807413e+05	1.074406e-12	1.434585e-01	2.102560e-06
5.452013e+00	-1.197813e+01	2.831479e+05	1.051659e-12	1.446883e-01	2.058045e-06
5.455689e+00	-1.198735e+01	2.855544e+05	1.029558e-12	1.459180e-01	2.014795e-06
5.459396e+00	-1.199666e+01	2.880022e+05	1.007718e-12	1.471688e-01	1.972055e-06
5.463071e+00	-1.200590e+01	2.904501e+05	9.864992e-13	1.484197e-01	1.930531e-06
5.466778e+00	-1.201523e+01	2.929398e+05	9.655314e-13	1.496919e-01	1.889498e-06
5.470454e+00	-1.202449e+01	2.954296e+05	9.451613e-13	1.509642e-01	1.849635e-06
5.474161e+00	-1.203384e+01	2.979621e+05	9.250329e-13	1.522583e-01	1.810244e-06
5.477837e+00	-1.204312e+01	3.004946e+05	9.054791e-13	1.535524e-01	1.771979e-06
5.481544e+00	-1.205249e+01	3.030704e+05	8.861583e-13	1.548687e-01	1.734169e-06
5.485219e+00	-1.206179e+01	3.056463e+05	8.673898e-13	1.561849e-01	1.697440e-06
5.488926e+00	-1.207117e+01	3.082664e+05	8.488457e-13	1.575238e-01	1.661150e-06
5.492602e+00	-1.208049e+01	3.108864e+05	8.308326e-13	1.588626e-01	1.625899e-06
5.496309e+00	-1.208989e+01	3.135514e+05	8.130357e-13	1.602244e-01	1.591071e-06
5.499984e+00	-1.209922e+01	3.162163e+05	7.957490e-13	1.615862e-01	1.557242e-06
5.503691e+00	-1.210865e+01	3.189270e+05	7.786706e-13	1.629714e-01	1.523820e-06
5.507367e+00	-1.211800e+01	3.216377e+05	7.620826e-13	1.643565e-01	1.491359e-06
5.511074e+00	-1.212744e+01	3.243948e+05	7.456952e-13	1.657654e-01	1.459289e-06
5.514749e+00	-1.213681e+01	3.271519e+05	7.297790e-13	1.671743e-01	1.428142e-06
5.518456e+00	-1.214627e+01	3.299563e+05	7.140559e-13	1.686073e-01	1.397373e-06
5.522132e+00	-1.215566e+01	3.327607e+05	6.987857e-13	1.700404e-01	1.367490e-06
5.525839e+00	-1.216513e+01	3.356132e+05	6.837014e-13	1.714980e-01	1.337970e-06
5.529515e+00	-1.217454e+01	3.384657e+05	6.690522e-13	1.729556e-01	1.309303e-06
5.533222e+00	-1.218404e+01	3.413670e+05	6.545820e-13	1.744382e-01	1.280985e-06
5.536897e+00	-1.219346e+01	3.442684e+05	6.405298e-13	1.759208e-01	1.253486e-06
5.540604e+00	-1.220297e+01	3.472195e+05	6.266500e-13	1.774288e-01	1.226323e-06
5.544280e+00	-1.221242e+01	3.501707e+05	6.131717e-13	1.789368e-01	1.199947e-06
5.547987e+00	-1.222195e+01	3.531724e+05	5.998592e-13	1.804707e-01	1.173895e-06
5.551662e+00	-1.223141e+01	3.561741e+05	5.869325e-13	1.820046e-01	1.148598e-06
5.555369e+00	-1.224096e+01	3.592273e+05	5.741654e-13	1.835647e-01	1.123614e-06
5.559045e+00	-1.225044e+01	3.622804e+05	5.617687e-13	1.851249e-01	1.099354e-06
5.562752e+00	-1.226001e+01	3.653860e+05	5.495257e-13	1.867118e-01	1.075395e-06
5.566427e+00	-1.226951e+01	3.684915e+05	5.376385e-13	1.882987e-01	1.052132e-06
5.570134e+00	-1.227910e+01	3.716502e+05	5.258990e-13	1.899129e-01	1.029159e-06
5.573810e+00	-1.228861e+01	3.748090e+05	5.145013e-13	1.915270e-01	1.006854e-06
5.577517e+00	-1.229822e+01	3.780219e+05	5.032457e-13	1.931688e-01	9.848274e-07
5.581193e+00	-1.230775e+01	3.812349e+05	4.923183e-13	1.948106e-01	9.634429e-07
5.584900e+00	-1.231738e+01	3.845029e+05	4.815276e-13	1.964805e-01	9.423261e-07
5.588575e+00	-1.232693e+01	3.877709e+05	4.710519e-13	1.981505e-01	9.218257e-07
5.592282e+00	-1.233657e+01	3.910949e+05	4.607079e-13	1.998491e-01	9.015829e-07
5.595958e+00	-1.234615e+01	3.944189e+05	4.506662e-13	2.015476e-01	8.819318e-07
5.599665e+00	-1.235581e+01	3.977999e+05	4.407511e-13	2.032753e-01	8.625285e-07
5.603340e+00	-1.236540e+01	4.011810e+05	4.311263e-13	2.050030e-01	8.436932e-07
5.607047e+00	-1.237508e+01	4.046199e+05	4.216233e-13	2.067603e-01	8.250962e-07
5.610723e+00	-1.238468e+01	4.080589e+05	4.123988e-13	2.085177e-01	8.070444e-07
5.614430e+00	-1.239438e+01	4.115569e+05	4.032915e-13	2.103051e-01	7.892218e-07
5.618105e+00	-1.240401e+01	4.150548e+05	3.944515e-13	2.120926e-01	7.719225e-07
5.621812e+00	-1.241372e+01	4.186127e+05	3.857242e-13	2.139106e-01	7.548435e-07
5.625488e+00	-1.242337e+01	4.221706e+05	3.772535e-13	2.157287e-01	7.382667e-07
5.629195e+00	-1.243310e+01	4.257895e+05	3.688910e-13	2.175780e-01	7.219018e-07
5.632871e+00	-1.244276e+01	4.294085e+05	3.607748e-13	2.194273e-01	7.060188e-07
5.636578e+00	-1.245252e+01	4.330894e+05	3.527627e-13	2.213082e-01	6.903395e-07
5.640253e+00	-1.246220e+01	4.367704e+05	3.449868e-13	2.231892e-01	6.751225e-07
5.643960e+00	-1.247197e+01	4.405144e+05	3.373111e-13	2.251024e-01	6.601013e-07
5.647636e+00	-1.248167e+01	4.442585e+05	3.298619e-13	2.270156e-01	6.455238e-07
5.651343e+00	-1.249146e+01	4.480667e+05	3.225090e-13	2.289616e-01	6.311344e-07
5.655018e+00	-1.250117e+01	4.518750e+05	3.153735e-13	2.309076e-01	6.171706e-07
5.658725e+00	-1.251098e+01	4.557485e+05	3.083305e-13	2.328870e-01	6.033878e-07
5.662401e+00	-1.252072e+01	4.596221e+05	3.014960e-13	2.348664e-01	5.900131e-07
5.666108e+00	-1.253055e+01	4.635620e+05	2.947504e-13	2.368797e-01	5.768123e-07
5.669783e+00	-1.254030e+01	4.675020e+05	2.882049e-13	2.388930e-01	5.640029e-07
5.673490e+00	-1.255014e+01	4.715095e+05	2.817447e-13	2.409408e-01	5.513607e-07
5.677166e+00	-1.255992e+01	4.755170e+05	2.754764e-13	2.429887e-01	5.390939e-07
5.680873e+00	-1.256978e+01	4.795932e+05	2.692901e-13	2.450716e-01	5.269877e-07
5.684549e+00	-1.257957e+01	4.836694e+05	2.632879e-13	2.471545e-01	5.152416e-07
5.688256e+00	-1.258945e+01	4.878155e+05	2.573644e-13	2.492732e-01	5.036496e-07
5.691931e+00	-1.259926e+01	4.919615e+05	2.516174e-13	2.513918e-01	4.924030e-07
5.695638e+00	-1.260916e+01	4.961787e+05	2.459461e-13	2.535468e-01	4.813045e-07
5.699314e+00	-1.261899e+01	5.003959e+05	2.404439e-13	2.557018e-01	4.705371e-07
5.703021e+00	-1.262891e+01	5.046854e+05	2.350145e-13	2.578937e-01	4.599119e-07
5.706696e+00	-1.263875e+01	5.089748e+05	2.297472e-13	2.600856e-01	4.496042e-07
5.710403e+00	-1.264869e+01	5.133378e+05	2.245498e-13	2.623151e-01	4.394331e-07
5.714079e+00	-1.265855e+01	5.177008e+05	2.195079e-13	2.645446e-01	4.295663e-07
5.717786e+00	-1.266851e+01	5.221387e+05	2.145330e-13	2.668123e-01	4.198307e-07
5.721461e+00	-1.267839e+01	5.265765e+05	2.097072e-13	2.690800e-01	4.103868e-07
5.725168e+00	-1.268836e+01	5.310904e+05	2.049458e-13	2.713866e-01	4.010689e-07
5.728844e+00	-1.269826e+01	5.356043e+05	2.003272e-13	2.736932e-01	3.920306e-07
5.732551e+00	-1.270825e+01	5.401955e+05	1.957705e-13	2.760393e-01	3.831133e-07
5.736227e+00	-1.271817e+01	5.447868e+05	1.913506e-13	2.783855e-01	3.744638e-07
5.739934e+00	-1.272818e+01	5.494568e+05	1.869901e-13	2.807718e-01	3.659306e-07
5.743609e+00	-1.273812e+01	5.541268e+05	1.827608e-13	2.831582e-01	3.576541e-07
5.747316e+00	-1.274815e+01	5.588769e+05	1.785885e-13	2.855855e-01	3.494891e-07
5.750992e+00	-1.275810e+01	5.636269e+05	1.745419e-13	2.880127e-01	3.415701e-07
5.754699e+00	-1.276815e+01	5.684584e+05	1.705500e-13	2.904816e-01	3.337581e-07
5.758374e+00	-1.277812e+01	5.732899e+05	1.666786e-13	2.929505e-01	3.261818e-07
5.762081e+00	-1.278819e+01	5.782042e+05	1.628596e-13	2.954617e-01	3.187083e-07
5.765757e+00	-1.279818e+01	5.831186e+05	1.591560e-13	2.979730e-01	3.114606e-07
5.769464e+00	-1.280826e+01	5.881171e+05	1.555028e-13	3.005272e-01	3.043115e-07
5.773139e+00	-1.281827e+01	5.931157e+05	1.519602e-13	3.030815e-01	2.973787e-07
5.776846e+00	-1.282837e+01	5.982000e+05	1.484659e-13	3.056796e-01	2.905405e-07
5.780522e+00	-1.283840e+01	6.032843e+05	1.450774e-13	3.082776e-01	2.839094e-07
5.784229e+00	-1.284852e+01	6.084557e+05	1.417354e-13	3.109202e-01	2.773692e-07
5.787905e+00	-1.285857e+01	6.136272e+05	1.384947e-13	3.135628e-01	2.710274e-07
5.791612e+00	-1.286871e+01	6.188873e+05	1.352986e-13	3.162507e-01	2.647727e-07
5.795287e+00	-1.287877e+01	6.241474e+05	1.321995e-13	3.189386e-01	2.587081e-07
5.798994e+00	-1.288893e+01	6.294977e+05	1.291432e-13	3.216726e-01	2.527270e-07
5.802670e+00	-1.289901e+01	6.348480e+05	1.261799e-13	3.244066e-01	2.469279e-07
5.806377e+00	-1.290919e+01	6.402900e+05	1.232575e-13	3.271875e-01	2.412089e-07
5.810052e+00	-1.291929e+01	6.457320e+05	1.204241e-13	3.299683e-01	2.356642e-07
5.813759e+00	-1.292948e+01	6.512673e+05	1.176301e-13	3.327969e-01	2.301963e-07
5.817435e+00	-1.293960e+01	6.568026e+05	1.149213e-13	3.356254e-01	2.248953e-07
5.821142e+00	-1.294981e+01	6.624328e+05	1.122501e-13	3.385024e-01	2.196680e-07
5.824817e+00	-1.295995e+01	6.680630e+05	1.096606e-13	3.413795e-01	2.146004e-07
5.828524e+00	-1.297018e+01	6.737898e+05	1.071072e-13	3.443058e-01	2.096035e-07
5.832200e+00	-1.298034e+01	6.795165e+05	1.046319e-13	3.472322e-01	2.047595e-07
5.835907e+00	-1.299059e+01	6.853414e+05	1.021912e-13	3.502087e-01	1.999833e-07
5.839583e+00	-1.300076e+01	6.911663e+05	9.982537e-14	3.531852e-01	1.953534e-07
5.843290e+00	-1.301103e+01	6.970911e+05	9.749271e-14	3.562128e-01	1.907885e-07
5.846965e+00	-1.302122e+01	7.030159e+05	9.523161e-14	3.592404e-01	1.863636e-07
5.850672e+00	-1.303151e+01	7.090423e+05	9.300236e-14	3.623198e-01	1.820011e-07
5.854348e+00	-1.304172e+01	7.150686e+05	9.084159e-14	3.653993e-01	1.777726e-07
5.858055e+00	-1.305202e+01	7.211983e+05	8.871134e-14	3.685315e-01	1.736038e-07
5.861730e+00	-1.306225e+01	7.273280e+05	8.664663e-14	3.716638e-01	1.695632e-07
5.865437e+00	-1.307257e+01	7.335627e+05	8.461117e-14	3.748498e-01	1.655799e-07
5.869113e+00	-1.308282e+01	7.397975e+05	8.263841e-14	3.780357e-01	1.617194e-07
5.872820e+00	-1.309316e+01	7.461392e+05	8.069369e-14	3.812763e-01	1.579136e-07
5.876495e+00	-1.310342e+01	7.524808e+05	7.880896e-14	3.845169e-01	1.542253e-07
5.880202e+00	-1.311379e+01	7.589312e+05	7.695110e-14	3.878130e-01	1.505896e-07
5.883878e+00	-1.312407e+01	7.653816e+05	7.515063e-14	3.911091e-01	1.470661e-07
5.887585e+00	-1.313445e+01	7.719425e+05	7.337590e-14	3.944618e-01	1.435931e-07
5.891261e+00	-1.314475e+01	7.785035e+05	7.165607e-14	3.978144e-01	1.402274e-07
5.894968e+00	-1.315514e+01	7.851770e+05	6.996090e-14	4.012246e-01	1.369101e-07
5.898643e+00	-1.316546e+01	7.918504e+05	6.831824e-14	4.046347e-01	1.336955e-07
5.902350e+00	-1.317588e+01	7.986383e+05	6.669921e-14	4.081033e-01	1.305271e-07
5.906026e+00	-1.318622e+01	8.054261e+05	6.513040e-14	4.115719e-01	1.274570e-07
5.909733e+00	-1.319665e+01	8.123304e+05	6.358422e-14	4.150999e-01	1.244312e-07
5.913408e+00	-1.320701e+01	8.192346e+05	6.208607e-14	4.186280e-01	1.214994e-07
5.917115e+00	-1.321746e+01	8.262572e+05	6.060960e-14	4.222165e-01	1.186100e-07
5.920791e+00	-1.322783e+01	8.332798e+05	5.917904e-14	4.258051e-01	1.158105e-07
5.924498e+00	-1.323830e+01	8.404228e+05	5.776925e-14	4.294551e-01	1.130516e-07
5.928173e+00	-1.324869e+01	8.475658e+05	5.640337e-14	4.331052e-01	1.103787e-07
5.931880e+00	-1.325918e+01	8.548313e+05	5.505737e-14	4.368178e-01	1.077446e-07
5.935556e+00	-1.326959e+01	8.620967e+05	5.375335e-14	4.405305e-01	1.051927e-07
5.939263e+00	-1.328010e+01	8.694868e+05	5.246837e-14	4.443068e-01	1.026780e-07
5.942939e+00	-1.329053e+01	8.768768e+05	5.122352e-14	4.480831e-01	1.002419e-07
5.946646e+00	-1.330106e+01	8.843935e+05	4.999689e-14	4.519241e-01	9.784148e-08
5.950321e+00	-1.331150e+01	8.919102e+05	4.880863e-14	4.557651e-01	9.551610e-08
5.954028e+00	-1.332205e+01	8.995558e+05	4.763781e-14	4.596720e-01	9.322488e-08
5.957704e+00	-1.333251e+01	9.072014e+05	4.650366e-14	4.635789e-01	9.100540e-08
5.961411e+00	-1.334308e+01	9.149781e+05	4.538621e-14	4.675528e-01	8.881861e-08
5.965086e+00	-1.335356e+01	9.227547e+05	4.430380e-14	4.715267e-01	8.670039e-08
5.968793e+00	-1.336414e+01	9.306647e+05	4.323739e-14	4.755687e-01	8.461346e-08
5.972469e+00	-1.337464e+01	9.385747e+05	4.220445e-14	4.796107e-01	8.259206e-08
5.976176e+00	-1.338524e+01	9.466203e+05	4.118682e-14	4.837220e-01	8.060061e-08
5.979851e+00	-1.339576e+01	9.546659e+05	4.020119e-14	4.878332e-01	7.867177e-08
5.983558e+00	-1.340638e+01	9.628495e+05	3.923020e-14	4.920150e-01	7.677159e-08
5.987234e+00	-1.341692e+01	9.710330e+05	3.828978e-14	4.961968e-01	7.493123e-08
5.990941e+00	-1.342755e+01	9.793569e+05	3.736337e-14	5.004503e-01	7.311830e-08
5.994617e+00	-1.343811e+01	9.876807e+05	3.646617e-14	5.047038e-01	7.136252e-08
5.998324e+00	-1.344877e+01	9.961472e+05	3.558238e-14	5.090302e-01	6.963298e-08
6.001999e+00	-1.345934e+01	1.004614e+06	3.472648e-14	5.133566e-01	6.795804e-08
6.005706e+00	-1.347001e+01	1.013225e+06	3.388342e-14	5.177571e-01	6.630820e-08
6.009382e+00	-1.348061e+01	1.021837e+06	3.306700e-14	5.221577e-01	6.471052e-08
6.013089e+00	-1.349130e+01	1.030597e+06	3.226286e-14	5.266337e-01	6.313685e-08
6.016764e+00	-1.350191e+01	1.039356e+06	3.148417e-14	5.311097e-01	6.161299e-08
6.020471e+00	-1.351262e+01	1.048265e+06	3.071721e-14	5.356625e-01	6.011209e-08
6.024147e+00	-1.352325e+01	1.057175e+06	2.997457e-14	5.402152e-01	5.865877e-08
6.027854e+00	-1.353398e+01	1.066237e+06	2.924315e-14	5.448460e-01	5.722742e-08
6.031529e+00	-1.354462e+01	1.075299e+06	2.853495e-14	5.494768e-01	5.584150e-08
6.035236e+00	-1.355537e+01	1.084517e+06	2.783748e-14	5.541870e-01	5.447658e-08
6.038912e+00	-1.356604e+01	1.093735e+06	2.716217e-14	5.588972e-01	5.315505e-08
6.042619e+00	-1.357680e+01	1.103110e+06	2.649713e-14	5.636882e-01	5.185360e-08
6.046295e+00	-1.358748e+01	1.112486e+06	2.585326e-14	5.684791e-01	5.059357e-08
6.050002e+00	-1.359827e+01	1.122022e+06	2.521920e-14	5.733522e-01	4.935274e-08
6.053677e+00	-1.360897e+01	1.131559e+06	2.460534e-14	5.782253e-01	4.815146e-08
6.057384e+00	-1.361977e+01	1.141259e+06	2.400087e-14	5.831820e-01	4.696854e-08
6.061060e+00	-1.363049e+01	1.150959e+06	2.341569e-14	5.881386e-01	4.582336e-08
6.064767e+00	-1.364131e+01	1.160825e+06	2.283948e-14	5.931802e-01	4.469574e-08
6.068442e+00	-1.365205e+01	1.170691e+06	2.228167e-14	5.982218e-01	4.360415e-08
6.072149e+00	-1.366289e+01	1.180726e+06	2.173244e-14	6.033499e-01	4.252934e-08
6.075825e+00	-1.367365e+01	1.190762e+06	2.120079e-14	6.084779e-01	4.148891e-08
6.079532e+00	-1.368451e+01	1.200969e+06	2.067733e-14	6.136939e-01	4.046452e-08
6.083207e+00	-1.369528e+01	1.211176e+06	2.017063e-14	6.189098e-01	3.947295e-08
6.086914e+00	-1.370616e+01	1.221559e+06	1.967178e-14	6.242152e-01	3.849671e-08
6.090590e+00	-1.371695e+01	1.231941e+06	1.918892e-14	6.295206e-01	3.755178e-08
6.094297e+00	-1.372784e+01	1.242502e+06	1.871355e-14	6.349170e-01	3.662150e-08
6.097973e+00	-1.373866e+01	1.253062e+06	1.825344e-14	6.403133e-01	3.572110e-08
6.101680e+00	-1.374957e+01	1.263803e+06	1.780049e-14	6.458022e-01	3.483469e-08
6.105355e+00	-1.376040e+01	1.274545e+06	1.736211e-14	6.512910e-01	3.397679e-08
6.109062e+00	-1.377133e+01	1.285470e+06	1.693055e-14	6.568740e-01	3.313227e-08
6.112738e+00	-1.378218e+01	1.296396e+06	1.651290e-14	6.624570e-01	3.231494e-08
6.116445e+00	-1.379313e+01	1.307509e+06	1.610178e-14	6.681356e-01	3.151039e-08
6.120120e+00	-1.380399e+01	1.318622e+06	1.570391e-14	6.738143e-01	3.073178e-08
6.123827e+00	-1.381496e+01	1.329925e+06	1.531227e-14	6.795904e-01	2.996538e-08
6.127503e+00	-1.382584e+01	1.341229e+06	1.493329e-14	6.853664e-01	2.922371e-08
6.131210e+00	-1.383683e+01	1.352726e+06	1.456026e-14	6.912415e-01	2.849371e-08
6.134885e+00	-1.384773e+01	1.364223e+06	1.419928e-14	6.971165e-01	2.778731e-08
6.138592e+00	-1.385874e+01	1.375917e+06	1.384400e-14	7.030923e-01	2.709204e-08
6.142268e+00	-1.386966e+01	1.387612e+06	1.350022e-14	7.090681e-01	2.641927e-08
6.145975e+00	-1.388068e+01	1.399507e+06	1.316187e-14	7.151464e-01	2.575714e-08
6.149651e+00	-1.389162e+01	1.411401e+06	1.283449e-14	7.212246e-01	2.511647e-08
6.153358e+00	-1.390266e+01	1.423500e+06	1.251230e-14	7.274070e-01	2.448595e-08
6.157033e+00	-1.391362e+01	1.435599e+06	1.220056e-14	7.335895e-01	2.387590e-08
6.160740e+00	-1.392468e+01	1.447905e+06	1.189377e-14	7.398779e-01	2.327554e-08
6.164416e+00	-1.393566e+01	1.460211e+06	1.159696e-14	7.461664e-01	2.269469e-08
6.168123e+00	-1.394673e+01	1.472728e+06	1.130487e-14	7.525626e-01	2.212309e-08
6.171798e+00	-1.395773e+01	1.485246e+06	1.102229e-14	7.589589e-01	2.157009e-08
6.175505e+00	-1.396882e+01	1.497977e+06	1.074423e-14	7.654648e-01	2.102593e-08
6.179181e+00	-1.397984e+01	1.510709e+06	1.047522e-14	7.719707e-01	2.049950e-08
6.182888e+00	-1.399095e+01	1.523659e+06	1.021052e-14	7.785881e-01	1.998149e-08
6.186563e+00	-1.400198e+01	1.536609e+06	9.954459e-15	7.852056e-01	1.948039e-08
6.190270e+00	-1.401312e+01	1.549781e+06	9.702509e-15	7.919365e-01	1.898734e-08
6.193946e+00	-1.402416e+01	1.562953e+06	9.458789e-15	7.986674e-01	1.851039e-08
6.197653e+00	-1.403532e+01	1.576351e+06	9.218994e-15	8.055137e-01	1.804112e-08
6.201329e+00	-1.404638e+01	1.589749e+06	8.987042e-15	8.123600e-01	1.758720e-08
6.205036e+00	-1.405755e+01	1.603377e+06	8.758835e-15	8.193237e-01	1.714061e-08
6.208711e+00	-1.406864e+01	1.617004e+06	8.538102e-15	8.262873e-01	1.670865e-08
6.212418e+00	-1.407983e+01	1.630865e+06	8.320943e-15	8.333704e-01	1.628368e-08
6.216094e+00	-1.409093e+01	1.644726e+06	8.110905e-15	8.404534e-01	1.587265e-08
6.219801e+00	-1.410214e+01	1.658825e+06	7.904276e-15	8.476579e-01	1.546828e-08
6.223476e+00	-1.411326e+01	1.672924e+06	7.704431e-15	8.548624e-01	1.507720e-08
6.227183e+00	-1.412449e+01	1.687265e+06	7.507839e-15	8.621904e-01	1.469248e-08
6.230859e+00	-1.413562e+01	1.701605e+06	7.317711e-15	8.695185e-01	1.432040e-08
6.234566e+00	-1.414687e+01	1.716192e+06	7.130685e-15	8.769721e-01	1.395440e-08
6.238241e+00	-1.415803e+01	1.730778e+06	6.949815e-15	8.844257e-01	1.360045e-08
6.241948e+00	-1.416929e+01	1.745615e+06	6.771905e-15	8.920072e-01	1.325229e-08
6.245624e+00	-1.418047e+01	1.760451e+06	6.599858e-15	8.995886e-01	1.291560e-08
6.249331e+00	-1.419175e+01	1.775542e+06	6.430634e-15	9.073000e-01	1.258444e-08
6.253007e+00	-1.420294e+01	1.790633e+06	6.266995e-15	9.150114e-01	1.226420e-08
6.256714e+00	-1.421424e+01	1.805982e+06	6.106046e-15	9.228550e-01	1.194924e-08
6.260389e+00	-1.422545e+01	1.821332e+06	5.950417e-15	9.306987e-01	1.164468e-08
6.264096e+00	-1.423677e+01	1.836945e+06	5.797353e-15	9.386767e-01	1.134514e-08
6.267772e+00	-1.424800e+01	1.852557e+06	5.649354e-15	9.466548e-01	1.105551e-08
6.271479e+00	-1.425934e+01	1.868438e+06	5.503802e-15	9.547697e-01	1.077067e-08
6.275154e+00	-1.427059e+01	1.884318e+06	5.363071e-15	9.628846e-01	1.049527e-08
6.278861e+00	-1.428194e+01	1.900471e+06	5.224673e-15	9.711386e-01	1.022443e-08
6.282537e+00	-1.429321e+01	1.916624e+06	5.090866e-15	9.793926e-01	9.962578e-09
6.286244e+00	-1.430458e+01	1.933053e+06	4.959283e-15	9.877881e-01	9.705075e-09
6.289919e+00	-1.431587e+01	1.949483e+06	4.832070e-15	9.961836e-01	9.456125e-09
6.293626e+00	-1.432726e+01	1.966194e+06	4.706976e-15	1.004723e+00	9.211322e-09
6.297302e+00	-1.433856e+01	1.982905e+06	4.586042e-15	1.013262e+00	8.974661e-09
6.301009e+00	-1.434997e+01	1.999903e+06	4.467128e-15	1.021948e+00	8.741952e-09
6.304685e+00	-1.436129e+01	2.016901e+06	4.352174e-15	1.030634e+00	8.516992e-09
6.308392e+00	-1.437272e+01	2.034190e+06	4.239144e-15	1.039469e+00	8.295799e-09
6.312067e+00	-1.438406e+01	2.051479e+06	4.129883e-15	1.048304e+00	8.081980e-09
6.315774e+00	-1.439551e+01	2.069065e+06	4.022456e-15	1.057290e+00	7.871751e-09
6.319450e+00	-1.440687e+01	2.086650e+06	3.918616e-15	1.066276e+00	7.668540e-09
6.323157e+00	-1.441833e+01	2.104537e+06	3.816522e-15	1.075416e+00	7.468749e-09
6.326832e+00	-1.442971e+01	2.122425e+06	3.717842e-15	1.084557e+00	7.275635e-09
6.330539e+00	-1.444119e+01	2.140618e+06	3.620826e-15	1.093854e+00	7.085781e-09
6.334215e+00	-1.445259e+01	2.158812e+06	3.527057e-15	1.103151e+00	6.902279e-09
6.337922e+00	-1.446409e+01	2.177318e+06	3.434875e-15	1.112607e+00	6.721882e-09
6.341597e+00	-1.447550e+01	2.195823e+06	3.345781e-15	1.122063e+00	6.547530e-09
6.345304e+00	-1.448702e+01	2.214646e+06	3.258198e-15	1.131682e+00	6.376135e-09
6.348980e+00	-1.449845e+01	2.233469e+06	3.173553e-15	1.141300e+00	6.210489e-09
6.352687e+00	-1.450999e+01	2.252615e+06	3.090348e-15	1.151084e+00	6.047660e-09
6.356363e+00	-1.452144e+01	2.271760e+06	3.009937e-15	1.160867e+00	5.890301e-09
6.360070e+00	-1.453300e+01	2.291234e+06	2.930897e-15	1.170818e+00	5.735624e-09
6.363745e+00	-2.000000e+02	2.310708e+06	1.000000e-200	1.180769e+00	1.956951e-194
