########################################################################
#_src is in the AGN rest frame:cosmo                 
#nu_src  nuFnu_somma_src  nuFnu_Sync_src nuFnu_SSC_src nu_Fnu_Disk_src  nu_Fnu_DT_src nu_Fnu_Star_src nu_Fnu_EC_Disk_src nu_Fnu_EC_BLR_src nu_Fnu_EC_DT_src nu_Fnu_EC_Star_src nu_Fnu_EC_CMB_src  
########################################################################
6.0144e+00	 -6.5596e+01	 -6.5596e+01	 -6.5596e+01	 -6.5596e+01	 -6.5596e+01	 -6.5596e+01	 -6.5596e+01	 -6.5596e+01	 -6.5596e+01	 -6.5596e+01	 -6.5596e+01	 -6.5596e+01
6.1344e+00	 -6.5596e+01	 -6.5596e+01	 -6.5596e+01	 -6.5596e+01	 -6.5596e+01	 -6.5596e+01	 -6.5596e+01	 -6.5596e+01	 -6.5596e+01	 -6.5596e+01	 -6.5596e+01	 -6.5596e+01
6.2544e+00	 -6.5596e+01	 -6.5596e+01	 -6.5596e+01	 -6.5596e+01	 -6.5596e+01	 -6.5596e+01	 -6.5596e+01	 -6.5596e+01	 -6.5596e+01	 -6.5596e+01	 -6.5596e+01	 -6.5596e+01
6.3744e+00	 -6.5596e+01	 -6.5596e+01	 -6.5596e+01	 -6.5596e+01	 -6.5596e+01	 -6.5596e+01	 -6.5596e+01	 -6.5596e+01	 -6.5596e+01	 -6.5596e+01	 -6.5596e+01	 -6.5596e+01
6.4944e+00	 -6.5596e+01	 -6.5596e+01	 -6.5596e+01	 -6.5596e+01	 -6.5596e+01	 -6.5596e+01	 -6.5596e+01	 -6.5596e+01	 -6.5596e+01	 -6.5596e+01	 -6.5596e+01	 -6.5596e+01
6.6144e+00	 -6.5596e+01	 -6.5596e+01	 -6.5596e+01	 -6.5596e+01	 -6.5596e+01	 -6.5596e+01	 -6.5596e+01	 -6.5596e+01	 -6.5596e+01	 -6.5596e+01	 -6.5596e+01	 -6.5596e+01
6.7344e+00	 -6.5596e+01	 -6.5596e+01	 -6.5596e+01	 -6.5596e+01	 -6.5596e+01	 -6.5596e+01	 -6.5596e+01	 -6.5596e+01	 -6.5596e+01	 -6.5596e+01	 -6.5596e+01	 -6.5596e+01
6.8544e+00	 -6.5596e+01	 -6.5596e+01	 -6.5596e+01	 -6.5596e+01	 -6.5596e+01	 -6.5596e+01	 -6.5596e+01	 -6.5596e+01	 -6.5596e+01	 -6.5596e+01	 -6.5596e+01	 -6.5596e+01
6.9744e+00	 -6.5596e+01	 -6.5596e+01	 -6.5596e+01	 -6.5596e+01	 -6.5596e+01	 -6.5596e+01	 -6.5596e+01	 -6.5596e+01	 -6.5596e+01	 -6.5596e+01	 -6.5596e+01	 -6.5596e+01
7.0944e+00	 -6.5596e+01	 -6.5596e+01	 -6.5596e+01	 -6.5596e+01	 -6.5596e+01	 -6.5596e+01	 -6.5596e+01	 -6.5596e+01	 -6.5596e+01	 -6.5596e+01	 -6.5596e+01	 -6.5596e+01
7.2144e+00	 -6.5596e+01	 -6.5596e+01	 -6.5596e+01	 -6.5596e+01	 -6.5596e+01	 -6.5596e+01	 -6.5596e+01	 -6.5596e+01	 -6.5596e+01	 -6.5596e+01	 -6.5596e+01	 -6.5596e+01
7.3344e+00	 -6.5596e+01	 -6.5596e+01	 -6.5596e+01	 -6.5596e+01	 -6.5596e+01	 -6.5596e+01	 -6.5596e+01	 -6.5596e+01	 -6.5596e+01	 -6.5596e+01	 -6.5596e+01	 -6.5596e+01
7.4544e+00	 3.6101e+01	 3.6101e+01	 -6.5596e+01	 -6.5596e+01	 -6.5596e+01	 -6.5596e+01	 -6.5596e+01	 -6.5596e+01	 -6.5596e+01	 -6.5596e+01	 -6.5596e+01	 -6.5596e+01
7.5744e+00	 3.6419e+01	 3.6419e+01	 -6.5596e+01	 -6.5596e+01	 -6.5596e+01	 -6.5596e+01	 -6.5596e+01	 -6.5596e+01	 -6.5596e+01	 -6.5596e+01	 -6.5596e+01	 -6.5596e+01
7.6944e+00	 3.6729e+01	 3.6729e+01	 -6.5596e+01	 -6.5596e+01	 -6.5596e+01	 -6.5596e+01	 -6.5596e+01	 -6.5596e+01	 -6.5596e+01	 -6.5596e+01	 -6.5596e+01	 -6.5596e+01
7.8144e+00	 3.6975e+01	 3.6975e+01	 -6.5596e+01	 -6.5596e+01	 -6.5596e+01	 -6.5596e+01	 -6.5596e+01	 -6.5596e+01	 -6.5596e+01	 -6.5596e+01	 -6.5596e+01	 -6.5596e+01
7.9344e+00	 3.7221e+01	 3.7221e+01	 -6.5596e+01	 -6.5596e+01	 -6.5596e+01	 -6.5596e+01	 -6.5596e+01	 -6.5596e+01	 -6.5596e+01	 -6.5596e+01	 -6.5596e+01	 -6.5596e+01
8.0544e+00	 3.7428e+01	 3.7428e+01	 -6.5596e+01	 -6.5596e+01	 -6.5596e+01	 -6.5596e+01	 -6.5596e+01	 -6.5596e+01	 -6.5596e+01	 -6.5596e+01	 -6.5596e+01	 -6.5596e+01
8.1744e+00	 3.7623e+01	 3.7623e+01	 -6.5596e+01	 -6.5596e+01	 -6.5596e+01	 -6.5596e+01	 -6.5596e+01	 -6.5596e+01	 -6.5596e+01	 -6.5596e+01	 -6.5596e+01	 -6.5596e+01
8.2944e+00	 3.7809e+01	 3.7809e+01	 -6.5596e+01	 -6.5596e+01	 -6.5596e+01	 -6.5596e+01	 -6.5596e+01	 -6.5596e+01	 -6.5596e+01	 -6.5596e+01	 -6.5596e+01	 -6.5596e+01
8.4144e+00	 3.7981e+01	 3.7981e+01	 -6.5596e+01	 -6.5596e+01	 -6.5596e+01	 -6.5596e+01	 -6.5596e+01	 -6.5596e+01	 -6.5596e+01	 -6.5596e+01	 -6.5596e+01	 -6.5596e+01
8.5344e+00	 3.8153e+01	 3.8153e+01	 -6.5596e+01	 -6.5596e+01	 -6.5596e+01	 -6.5596e+01	 -6.5596e+01	 -6.5596e+01	 -6.5596e+01	 -6.5596e+01	 -6.5596e+01	 -6.5596e+01
8.6544e+00	 3.8317e+01	 3.8317e+01	 -6.5596e+01	 -6.5596e+01	 -6.5596e+01	 -6.5596e+01	 -6.5596e+01	 -6.5596e+01	 -6.5596e+01	 -6.5596e+01	 -6.5596e+01	 -6.5596e+01
8.7744e+00	 3.8481e+01	 3.8481e+01	 -6.5596e+01	 -6.5596e+01	 -6.5596e+01	 -6.5596e+01	 -6.5596e+01	 -6.5596e+01	 -6.5596e+01	 -6.5596e+01	 -6.5596e+01	 -6.5596e+01
8.8944e+00	 3.8643e+01	 3.8643e+01	 -6.5596e+01	 -6.5596e+01	 -6.5596e+01	 -6.5596e+01	 -6.5596e+01	 -6.5596e+01	 -6.5596e+01	 -6.5596e+01	 -6.5596e+01	 -6.5596e+01
9.0144e+00	 3.8804e+01	 3.8804e+01	 -6.5596e+01	 -6.5596e+01	 -6.5596e+01	 -6.5596e+01	 -6.5596e+01	 -6.5596e+01	 -6.5596e+01	 -6.5596e+01	 -6.5596e+01	 -6.5596e+01
9.1344e+00	 3.8964e+01	 3.8964e+01	 -6.5596e+01	 -6.5596e+01	 -6.5596e+01	 -6.5596e+01	 -6.5596e+01	 -6.5596e+01	 -6.5596e+01	 -6.5596e+01	 -6.5596e+01	 -6.5596e+01
9.2544e+00	 3.9124e+01	 3.9124e+01	 -6.5596e+01	 -6.5596e+01	 -6.5596e+01	 -6.5596e+01	 -6.5596e+01	 -6.5596e+01	 -6.5596e+01	 -6.5596e+01	 -6.5596e+01	 -6.5596e+01
9.3744e+00	 3.9284e+01	 3.9284e+01	 -6.5596e+01	 -6.5596e+01	 -6.5596e+01	 -6.5596e+01	 -6.5596e+01	 -6.5596e+01	 -6.5596e+01	 -6.5596e+01	 -6.5596e+01	 -6.5596e+01
9.4944e+00	 3.9443e+01	 3.9443e+01	 -6.5596e+01	 -6.5596e+01	 -6.5596e+01	 -6.5596e+01	 -6.5596e+01	 -6.5596e+01	 -6.5596e+01	 -6.5596e+01	 -6.5596e+01	 -6.5596e+01
9.6144e+00	 3.9603e+01	 3.9603e+01	 -6.5596e+01	 -6.5596e+01	 -6.5596e+01	 -6.5596e+01	 -6.5596e+01	 -6.5596e+01	 -6.5596e+01	 -6.5596e+01	 -6.5596e+01	 -6.5596e+01
9.7344e+00	 3.9761e+01	 3.9761e+01	 -6.5596e+01	 -6.5596e+01	 -6.5596e+01	 -6.5596e+01	 -6.5596e+01	 -6.5596e+01	 -6.5596e+01	 -6.5596e+01	 -6.5596e+01	 -6.5596e+01
9.8544e+00	 3.9920e+01	 3.9920e+01	 -6.5596e+01	 -6.5596e+01	 -6.5596e+01	 -6.5596e+01	 -6.5596e+01	 -6.5596e+01	 -6.5596e+01	 -6.5596e+01	 -6.5596e+01	 -6.5596e+01
9.9744e+00	 4.0078e+01	 4.0078e+01	 -6.5596e+01	 -6.5596e+01	 -6.5596e+01	 -6.5596e+01	 -6.5596e+01	 -6.5596e+01	 -6.5596e+01	 -6.5596e+01	 -6.5596e+01	 -6.5596e+01
1.0094e+01	 4.0236e+01	 4.0236e+01	 -6.5596e+01	 -6.5596e+01	 -6.5596e+01	 -6.5596e+01	 -6.5596e+01	 -6.5596e+01	 -6.5596e+01	 -6.5596e+01	 -6.5596e+01	 -6.5596e+01
1.0214e+01	 4.0394e+01	 4.0394e+01	 -6.5596e+01	 -6.5596e+01	 -6.5596e+01	 -6.5596e+01	 -6.5596e+01	 -6.5596e+01	 -6.5596e+01	 -6.5596e+01	 -6.5596e+01	 -6.5596e+01
1.0334e+01	 4.0550e+01	 4.0550e+01	 -6.5596e+01	 -6.5596e+01	 -6.5596e+01	 -6.5596e+01	 -6.5596e+01	 -6.5596e+01	 -6.5596e+01	 -6.5596e+01	 -6.5596e+01	 -6.5596e+01
1.0454e+01	 4.0706e+01	 4.0706e+01	 -6.5596e+01	 -6.5596e+01	 -6.5596e+01	 -6.5596e+01	 -6.5596e+01	 -6.5596e+01	 -6.5596e+01	 -6.5596e+01	 -6.5596e+01	 -6.5596e+01
1.0574e+01	 4.0862e+01	 4.0862e+01	 -6.5596e+01	 -6.5596e+01	 -6.5596e+01	 -6.5596e+01	 -6.5596e+01	 -6.5596e+01	 -6.5596e+01	 -6.5596e+01	 -6.5596e+01	 -6.5596e+01
1.0694e+01	 4.1016e+01	 4.1016e+01	 -6.5596e+01	 -6.5596e+01	 -6.5596e+01	 -6.5596e+01	 -6.5596e+01	 -6.5596e+01	 -6.5596e+01	 -6.5596e+01	 -6.5596e+01	 -6.5596e+01
1.0814e+01	 4.1170e+01	 4.1170e+01	 -6.5596e+01	 -6.5596e+01	 -6.5596e+01	 -6.5596e+01	 -6.5596e+01	 -6.5596e+01	 -6.5596e+01	 -6.5596e+01	 -6.5596e+01	 -6.5596e+01
1.0934e+01	 4.1320e+01	 4.1320e+01	 -6.5596e+01	 -6.5596e+01	 -6.5596e+01	 -6.5596e+01	 -6.5596e+01	 -6.5596e+01	 -6.5596e+01	 -6.5596e+01	 -6.5596e+01	 -6.5596e+01
1.1054e+01	 4.1471e+01	 4.1471e+01	 -6.5596e+01	 -6.5596e+01	 -6.5596e+01	 -6.5596e+01	 -6.5596e+01	 -6.5596e+01	 -6.5596e+01	 -6.5596e+01	 -6.5596e+01	 -6.5596e+01
1.1174e+01	 4.1618e+01	 4.1618e+01	 -6.5596e+01	 -6.5596e+01	 -6.5596e+01	 -6.5596e+01	 -6.5596e+01	 -6.5596e+01	 -6.5596e+01	 -6.5596e+01	 -6.5596e+01	 -6.5596e+01
1.1294e+01	 4.1763e+01	 4.1763e+01	 -6.5596e+01	 -6.5596e+01	 -6.5596e+01	 -6.5596e+01	 -6.5596e+01	 -6.5596e+01	 -6.5596e+01	 -6.5596e+01	 -6.5596e+01	 -6.5596e+01
1.1414e+01	 4.1904e+01	 4.1904e+01	 -6.5596e+01	 -6.5596e+01	 -6.5596e+01	 -6.5596e+01	 -6.5596e+01	 -6.5596e+01	 -6.5596e+01	 -6.5596e+01	 -6.5596e+01	 -6.5596e+01
1.1534e+01	 4.2041e+01	 4.2041e+01	 -6.5596e+01	 -6.5596e+01	 -6.5596e+01	 -6.5596e+01	 -6.5596e+01	 -6.5596e+01	 -6.5596e+01	 -6.5596e+01	 -6.5596e+01	 -6.5596e+01
1.1654e+01	 4.2176e+01	 4.2176e+01	 -6.5596e+01	 -6.5596e+01	 -6.5596e+01	 -6.5596e+01	 -6.5596e+01	 -6.5596e+01	 -6.5596e+01	 -6.5596e+01	 -6.5596e+01	 -6.5596e+01
1.1774e+01	 4.2298e+01	 4.2298e+01	 -6.5596e+01	 -6.5596e+01	 -6.5596e+01	 -6.5596e+01	 -6.5596e+01	 -6.5596e+01	 -6.5596e+01	 -6.5596e+01	 -6.5596e+01	 -6.5596e+01
1.1894e+01	 4.2420e+01	 4.2420e+01	 -6.5596e+01	 -6.5596e+01	 -6.5596e+01	 -6.5596e+01	 -6.5596e+01	 -6.5596e+01	 -6.5596e+01	 -6.5596e+01	 -6.5596e+01	 -6.5596e+01
1.2014e+01	 4.2527e+01	 4.2527e+01	 -6.5596e+01	 -6.5596e+01	 -6.5596e+01	 -6.5596e+01	 -6.5596e+01	 -6.5596e+01	 -6.5596e+01	 -6.5596e+01	 -6.5596e+01	 -6.5596e+01
1.2134e+01	 4.2627e+01	 4.2627e+01	 -6.5596e+01	 -6.5596e+01	 -6.5596e+01	 -6.5596e+01	 -6.5596e+01	 -6.5596e+01	 -6.5596e+01	 -6.5596e+01	 -6.5596e+01	 -6.5596e+01
1.2254e+01	 4.2719e+01	 4.2719e+01	 -6.5596e+01	 -6.5596e+01	 -6.5596e+01	 -6.5596e+01	 -6.5596e+01	 -6.5596e+01	 -6.5596e+01	 -6.5596e+01	 -6.5596e+01	 -6.5596e+01
1.2374e+01	 4.2793e+01	 4.2793e+01	 -6.5596e+01	 -6.5596e+01	 -6.5596e+01	 -6.5596e+01	 -6.5596e+01	 -6.5596e+01	 -6.5596e+01	 -6.5596e+01	 -6.5596e+01	 -6.5596e+01
1.2494e+01	 4.2867e+01	 4.2867e+01	 -6.5596e+01	 -6.5596e+01	 -6.5596e+01	 -6.5596e+01	 -6.5596e+01	 -6.5596e+01	 -6.5596e+01	 -6.5596e+01	 -6.5596e+01	 -6.5596e+01
1.2614e+01	 4.2920e+01	 4.2920e+01	 -6.5596e+01	 -6.5596e+01	 -6.5596e+01	 -6.5596e+01	 -6.5596e+01	 -6.5596e+01	 -6.5596e+01	 -6.5596e+01	 -6.5596e+01	 -6.5596e+01
1.2734e+01	 4.2973e+01	 4.2973e+01	 -6.5596e+01	 -6.5596e+01	 -6.5596e+01	 -6.5596e+01	 -6.5596e+01	 -6.5596e+01	 -6.5596e+01	 -6.5596e+01	 -6.5596e+01	 -6.5596e+01
1.2854e+01	 4.3021e+01	 4.3021e+01	 -6.5596e+01	 -6.5596e+01	 -6.5596e+01	 -6.5596e+01	 -6.5596e+01	 -6.5596e+01	 -6.5596e+01	 -6.5596e+01	 -6.5596e+01	 -6.5596e+01
1.2974e+01	 4.3066e+01	 4.3066e+01	 -6.5596e+01	 -6.5596e+01	 -6.5596e+01	 -6.5596e+01	 -6.5596e+01	 -6.5596e+01	 -6.5596e+01	 -6.5596e+01	 -6.5596e+01	 -6.5596e+01
1.3094e+01	 4.3112e+01	 4.3112e+01	 -6.5596e+01	 -6.5596e+01	 -6.5596e+01	 -6.5596e+01	 -6.5596e+01	 -6.5596e+01	 -6.5596e+01	 -6.5596e+01	 -6.5596e+01	 -6.5596e+01
1.3214e+01	 4.3156e+01	 4.3156e+01	 -6.5596e+01	 -6.5596e+01	 -6.5596e+01	 -6.5596e+01	 -6.5596e+01	 -6.5596e+01	 -6.5596e+01	 -6.5596e+01	 -6.5596e+01	 -6.5596e+01
1.3334e+01	 4.3201e+01	 4.3201e+01	 -6.5596e+01	 -6.5596e+01	 -6.5596e+01	 -6.5596e+01	 -6.5596e+01	 -6.5596e+01	 -6.5596e+01	 -6.5596e+01	 -6.5596e+01	 -6.5596e+01
1.3454e+01	 4.3246e+01	 4.3246e+01	 -6.5596e+01	 -6.5596e+01	 -6.5596e+01	 -6.5596e+01	 -6.5596e+01	 -6.5596e+01	 -6.5596e+01	 -6.5596e+01	 -6.5596e+01	 -6.5596e+01
1.3574e+01	 4.3290e+01	 4.3290e+01	 -6.5596e+01	 -6.5596e+01	 -6.5596e+01	 -6.5596e+01	 -6.5596e+01	 -6.5596e+01	 -6.5596e+01	 -6.5596e+01	 -6.5596e+01	 -6.5596e+01
1.3694e+01	 4.3334e+01	 4.3334e+01	 -6.5596e+01	 -6.5596e+01	 -6.5596e+01	 -6.5596e+01	 -6.5596e+01	 -6.5596e+01	 -6.5596e+01	 -6.5596e+01	 -6.5596e+01	 -6.5596e+01
1.3814e+01	 4.3379e+01	 4.3379e+01	 -6.5596e+01	 -6.5596e+01	 -6.5596e+01	 -6.5596e+01	 -6.5596e+01	 -6.5596e+01	 -6.5596e+01	 -6.5596e+01	 -6.5596e+01	 -6.5596e+01
1.3934e+01	 4.3423e+01	 4.3423e+01	 -6.5596e+01	 -6.5596e+01	 -6.5596e+01	 -6.5596e+01	 -6.5596e+01	 -6.5596e+01	 -6.5596e+01	 -6.5596e+01	 -6.5596e+01	 -6.5596e+01
1.4054e+01	 4.3466e+01	 4.3466e+01	 -6.5596e+01	 -6.5596e+01	 -6.5596e+01	 -6.5596e+01	 -6.5596e+01	 -6.5596e+01	 -6.5596e+01	 -6.5596e+01	 -6.5596e+01	 -6.5596e+01
1.4174e+01	 4.3510e+01	 4.3510e+01	 -6.5596e+01	 -6.5596e+01	 -6.5596e+01	 -6.5596e+01	 -6.5596e+01	 -6.5596e+01	 -6.5596e+01	 -6.5596e+01	 -6.5596e+01	 -6.5596e+01
1.4294e+01	 4.3552e+01	 4.3552e+01	 -6.5596e+01	 -6.5596e+01	 -6.5596e+01	 -6.5596e+01	 -6.5596e+01	 -6.5596e+01	 -6.5596e+01	 -6.5596e+01	 -6.5596e+01	 -6.5596e+01
1.4414e+01	 4.3595e+01	 4.3595e+01	 -6.5596e+01	 -6.5596e+01	 -6.5596e+01	 -6.5596e+01	 -6.5596e+01	 -6.5596e+01	 -6.5596e+01	 -6.5596e+01	 -6.5596e+01	 -6.5596e+01
1.4534e+01	 4.3636e+01	 4.3636e+01	 -6.5596e+01	 -6.5596e+01	 -6.5596e+01	 -6.5596e+01	 -6.5596e+01	 -6.5596e+01	 -6.5596e+01	 -6.5596e+01	 -6.5596e+01	 -6.5596e+01
1.4654e+01	 4.3677e+01	 4.3677e+01	 -6.5596e+01	 -6.5596e+01	 -6.5596e+01	 -6.5596e+01	 -6.5596e+01	 -6.5596e+01	 -6.5596e+01	 -6.5596e+01	 -6.5596e+01	 -6.5596e+01
1.4774e+01	 4.3717e+01	 4.3717e+01	 -6.5596e+01	 -6.5596e+01	 -6.5596e+01	 -6.5596e+01	 -6.5596e+01	 -6.5596e+01	 -6.5596e+01	 -6.5596e+01	 -6.5596e+01	 -6.5596e+01
1.4894e+01	 4.3755e+01	 4.3755e+01	 -6.5596e+01	 -6.5596e+01	 -6.5596e+01	 -6.5596e+01	 -6.5596e+01	 -6.5596e+01	 -6.5596e+01	 -6.5596e+01	 -6.5596e+01	 -6.5596e+01
1.5014e+01	 4.3793e+01	 4.3793e+01	 -6.5596e+01	 -6.5596e+01	 -6.5596e+01	 -6.5596e+01	 -6.5596e+01	 -6.5596e+01	 -6.5596e+01	 -6.5596e+01	 -6.5596e+01	 -6.5596e+01
1.5134e+01	 4.3828e+01	 4.3828e+01	 -6.5596e+01	 -6.5596e+01	 -6.5596e+01	 -6.5596e+01	 -6.5596e+01	 -6.5596e+01	 -6.5596e+01	 -6.5596e+01	 -6.5596e+01	 -6.5596e+01
1.5254e+01	 4.3861e+01	 4.3861e+01	 -6.5596e+01	 -6.5596e+01	 -6.5596e+01	 -6.5596e+01	 -6.5596e+01	 -6.5596e+01	 -6.5596e+01	 -6.5596e+01	 -6.5596e+01	 -6.5596e+01
1.5374e+01	 4.3893e+01	 4.3893e+01	 -6.5596e+01	 -6.5596e+01	 -6.5596e+01	 -6.5596e+01	 -6.5596e+01	 -6.5596e+01	 -6.5596e+01	 -6.5596e+01	 -6.5596e+01	 -6.5596e+01
1.5494e+01	 4.3922e+01	 4.3922e+01	 -6.5596e+01	 -6.5596e+01	 -6.5596e+01	 -6.5596e+01	 -6.5596e+01	 -6.5596e+01	 -6.5596e+01	 -6.5596e+01	 -6.5596e+01	 -6.5596e+01
1.5614e+01	 4.3951e+01	 4.3951e+01	 -6.5596e+01	 -6.5596e+01	 -6.5596e+01	 -6.5596e+01	 -6.5596e+01	 -6.5596e+01	 -6.5596e+01	 -6.5596e+01	 -6.5596e+01	 -6.5596e+01
1.5734e+01	 4.3975e+01	 4.3975e+01	 -6.5596e+01	 -6.5596e+01	 -6.5596e+01	 -6.5596e+01	 -6.5596e+01	 -6.5596e+01	 -6.5596e+01	 -6.5596e+01	 -6.5596e+01	 -6.5596e+01
1.5854e+01	 4.3999e+01	 4.3999e+01	 -6.5596e+01	 -6.5596e+01	 -6.5596e+01	 -6.5596e+01	 -6.5596e+01	 -6.5596e+01	 -6.5596e+01	 -6.5596e+01	 -6.5596e+01	 -6.5596e+01
1.5974e+01	 4.4020e+01	 4.4020e+01	 -6.5596e+01	 -6.5596e+01	 -6.5596e+01	 -6.5596e+01	 -6.5596e+01	 -6.5596e+01	 -6.5596e+01	 -6.5596e+01	 -6.5596e+01	 -6.5596e+01
1.6094e+01	 4.4038e+01	 4.4038e+01	 -6.5596e+01	 -6.5596e+01	 -6.5596e+01	 -6.5596e+01	 -6.5596e+01	 -6.5596e+01	 -6.5596e+01	 -6.5596e+01	 -6.5596e+01	 -6.5596e+01
1.6214e+01	 4.4055e+01	 4.4055e+01	 -6.5596e+01	 -6.5596e+01	 -6.5596e+01	 -6.5596e+01	 -6.5596e+01	 -6.5596e+01	 -6.5596e+01	 -6.5596e+01	 -6.5596e+01	 -6.5596e+01
1.6334e+01	 4.4069e+01	 4.4069e+01	 -6.5596e+01	 -6.5596e+01	 -6.5596e+01	 -6.5596e+01	 -6.5596e+01	 -6.5596e+01	 -6.5596e+01	 -6.5596e+01	 -6.5596e+01	 -6.5596e+01
1.6454e+01	 4.4082e+01	 4.4082e+01	 -6.5596e+01	 -6.5596e+01	 -6.5596e+01	 -6.5596e+01	 -6.5596e+01	 -6.5596e+01	 -6.5596e+01	 -6.5596e+01	 -6.5596e+01	 -6.5596e+01
1.6574e+01	 4.4091e+01	 4.4091e+01	 -6.5596e+01	 -6.5596e+01	 -6.5596e+01	 -6.5596e+01	 -6.5596e+01	 -6.5596e+01	 -6.5596e+01	 -6.5596e+01	 -6.5596e+01	 -6.5596e+01
1.6694e+01	 4.4099e+01	 4.4099e+01	 -6.5596e+01	 -6.5596e+01	 -6.5596e+01	 -6.5596e+01	 -6.5596e+01	 -6.5596e+01	 -6.5596e+01	 -6.5596e+01	 -6.5596e+01	 -6.5596e+01
1.6814e+01	 4.4104e+01	 4.4104e+01	 -6.5596e+01	 -6.5596e+01	 -6.5596e+01	 -6.5596e+01	 -6.5596e+01	 -6.5596e+01	 -6.5596e+01	 -6.5596e+01	 -6.5596e+01	 -6.5596e+01
1.6934e+01	 4.4107e+01	 4.4107e+01	 -6.5596e+01	 -6.5596e+01	 -6.5596e+01	 -6.5596e+01	 -6.5596e+01	 -6.5596e+01	 -6.5596e+01	 -6.5596e+01	 -6.5596e+01	 -6.5596e+01
1.7054e+01	 4.4109e+01	 4.4109e+01	 3.6605e+01	 -6.5596e+01	 -6.5596e+01	 -6.5596e+01	 -6.5596e+01	 -6.5596e+01	 -6.5596e+01	 -6.5596e+01	 -6.5596e+01	 -6.5596e+01
1.7174e+01	 4.4107e+01	 4.4107e+01	 3.6727e+01	 -6.5596e+01	 -6.5596e+01	 -6.5596e+01	 -6.5596e+01	 -6.5596e+01	 -6.5596e+01	 -6.5596e+01	 -6.5596e+01	 -6.5596e+01
1.7294e+01	 4.4104e+01	 4.4104e+01	 3.6849e+01	 -6.5596e+01	 -6.5596e+01	 -6.5596e+01	 -6.5596e+01	 -6.5596e+01	 -6.5596e+01	 -6.5596e+01	 -6.5596e+01	 -6.5596e+01
1.7414e+01	 4.4097e+01	 4.4097e+01	 3.6961e+01	 -6.5596e+01	 -6.5596e+01	 -6.5596e+01	 -6.5596e+01	 -6.5596e+01	 -6.5596e+01	 -6.5596e+01	 -6.5596e+01	 -6.5596e+01
1.7534e+01	 4.4089e+01	 4.4089e+01	 3.7071e+01	 -6.5596e+01	 -6.5596e+01	 -6.5596e+01	 -6.5596e+01	 -6.5596e+01	 -6.5596e+01	 -6.5596e+01	 -6.5596e+01	 -6.5596e+01
1.7654e+01	 4.4079e+01	 4.4079e+01	 3.7175e+01	 -6.5596e+01	 -6.5596e+01	 -6.5596e+01	 -6.5596e+01	 -6.5596e+01	 -6.5596e+01	 -6.5596e+01	 -6.5596e+01	 -6.5596e+01
1.7774e+01	 4.4066e+01	 4.4066e+01	 3.7274e+01	 -6.5596e+01	 -6.5596e+01	 -6.5596e+01	 -6.5596e+01	 -6.5596e+01	 -6.5596e+01	 -6.5596e+01	 -6.5596e+01	 -6.5596e+01
1.7894e+01	 4.4052e+01	 4.4052e+01	 3.7370e+01	 -6.5596e+01	 -6.5596e+01	 -6.5596e+01	 -6.5596e+01	 -6.5596e+01	 -6.5596e+01	 -6.5596e+01	 -6.5596e+01	 -6.5596e+01
1.8014e+01	 4.4033e+01	 4.4033e+01	 3.7459e+01	 -6.5596e+01	 -6.5596e+01	 -6.5596e+01	 -6.5596e+01	 -6.5596e+01	 -6.5596e+01	 -6.5596e+01	 -6.5596e+01	 -6.5596e+01
1.8134e+01	 4.4013e+01	 4.4013e+01	 3.7548e+01	 -6.5596e+01	 -6.5596e+01	 -6.5596e+01	 -6.5596e+01	 -6.5596e+01	 -6.5596e+01	 -6.5596e+01	 -6.5596e+01	 -6.5596e+01
1.8254e+01	 4.3989e+01	 4.3989e+01	 3.7629e+01	 -6.5596e+01	 -6.5596e+01	 -6.5596e+01	 -6.5596e+01	 -6.5596e+01	 -6.5596e+01	 -6.5596e+01	 -6.5596e+01	 -6.5596e+01
1.8374e+01	 4.3963e+01	 4.3963e+01	 3.7711e+01	 -6.5596e+01	 -6.5596e+01	 -6.5596e+01	 -6.5596e+01	 -6.5596e+01	 -6.5596e+01	 -6.5596e+01	 -6.5596e+01	 -6.5596e+01
1.8494e+01	 4.3934e+01	 4.3934e+01	 3.7788e+01	 -6.5596e+01	 -6.5596e+01	 -6.5596e+01	 -6.5596e+01	 -6.5596e+01	 -6.5596e+01	 -6.5596e+01	 -6.5596e+01	 -6.5596e+01
1.8614e+01	 4.3899e+01	 4.3899e+01	 3.7864e+01	 -6.5596e+01	 -6.5596e+01	 -6.5596e+01	 -6.5596e+01	 -6.5596e+01	 -6.5596e+01	 -6.5596e+01	 -6.5596e+01	 -6.5596e+01
1.8734e+01	 4.3863e+01	 4.3863e+01	 3.7938e+01	 -6.5596e+01	 -6.5596e+01	 -6.5596e+01	 -6.5596e+01	 -6.5596e+01	 -6.5596e+01	 -6.5596e+01	 -6.5596e+01	 -6.5596e+01
1.8854e+01	 4.3815e+01	 4.3815e+01	 3.8008e+01	 -6.5596e+01	 -6.5596e+01	 -6.5596e+01	 -6.5596e+01	 -6.5596e+01	 -6.5596e+01	 -6.5596e+01	 -6.5596e+01	 -6.5596e+01
1.8974e+01	 4.3766e+01	 4.3766e+01	 3.8078e+01	 -6.5596e+01	 -6.5596e+01	 -6.5596e+01	 -6.5596e+01	 -6.5596e+01	 -6.5596e+01	 -6.5596e+01	 -6.5596e+01	 -6.5596e+01
1.9094e+01	 4.3699e+01	 4.3699e+01	 3.8145e+01	 -6.5596e+01	 -6.5596e+01	 -6.5596e+01	 -6.5596e+01	 -6.5596e+01	 -6.5596e+01	 -6.5596e+01	 -6.5596e+01	 -6.5596e+01
1.9214e+01	 4.3624e+01	 4.3624e+01	 3.8213e+01	 -6.5596e+01	 -6.5596e+01	 -6.5596e+01	 -6.5596e+01	 -6.5596e+01	 -6.5596e+01	 -6.5596e+01	 -6.5596e+01	 -6.5596e+01
1.9334e+01	 4.3531e+01	 4.3531e+01	 3.8279e+01	 -6.5596e+01	 -6.5596e+01	 -6.5596e+01	 -6.5596e+01	 -6.5596e+01	 -6.5596e+01	 -6.5596e+01	 -6.5596e+01	 -6.5596e+01
1.9454e+01	 4.3404e+01	 4.3404e+01	 3.8344e+01	 -6.5596e+01	 -6.5596e+01	 -6.5596e+01	 -6.5596e+01	 -6.5596e+01	 -6.5596e+01	 -6.5596e+01	 -6.5596e+01	 -6.5596e+01
1.9574e+01	 4.3277e+01	 4.3277e+01	 3.8409e+01	 -6.5596e+01	 -6.5596e+01	 -6.5596e+01	 -6.5596e+01	 -6.5596e+01	 -6.5596e+01	 -6.5596e+01	 -6.5596e+01	 -6.5596e+01
1.9694e+01	 4.3048e+01	 4.3048e+01	 3.8470e+01	 -6.5596e+01	 -6.5596e+01	 -6.5596e+01	 -6.5596e+01	 -6.5596e+01	 -6.5596e+01	 -6.5596e+01	 -6.5596e+01	 -6.5596e+01
1.9814e+01	 4.2817e+01	 4.2817e+01	 3.8532e+01	 -6.5596e+01	 -6.5596e+01	 -6.5596e+01	 -6.5596e+01	 -6.5596e+01	 -6.5596e+01	 -6.5596e+01	 -6.5596e+01	 -6.5596e+01
1.9934e+01	 4.2458e+01	 4.2458e+01	 3.8592e+01	 -6.5596e+01	 -6.5596e+01	 -6.5596e+01	 -6.5596e+01	 -6.5596e+01	 -6.5596e+01	 -6.5596e+01	 -6.5596e+01	 -6.5596e+01
2.0054e+01	 4.2022e+01	 4.2022e+01	 3.8651e+01	 -6.5596e+01	 -6.5596e+01	 -6.5596e+01	 -6.5596e+01	 -6.5596e+01	 -6.5596e+01	 -6.5596e+01	 -6.5596e+01	 -6.5596e+01
2.0174e+01	 4.1481e+01	 4.1480e+01	 3.8709e+01	 -6.5596e+01	 -6.5596e+01	 -6.5596e+01	 -6.5596e+01	 -6.5596e+01	 -6.5596e+01	 -6.5596e+01	 -6.5596e+01	 -6.5596e+01
2.0294e+01	 4.0651e+01	 4.0645e+01	 3.8767e+01	 -6.5596e+01	 -6.5596e+01	 -6.5596e+01	 -6.5596e+01	 -6.5596e+01	 -6.5596e+01	 -6.5596e+01	 -6.5596e+01	 -6.5596e+01
2.0414e+01	 3.9852e+01	 3.9810e+01	 3.8824e+01	 -6.5596e+01	 -6.5596e+01	 -6.5596e+01	 -6.5596e+01	 -6.5596e+01	 -6.5596e+01	 -6.5596e+01	 -6.5596e+01	 -6.5596e+01
2.0534e+01	 3.8977e+01	 3.8281e+01	 3.8879e+01	 -6.5596e+01	 -6.5596e+01	 -6.5596e+01	 -6.5596e+01	 -6.5596e+01	 -6.5596e+01	 -6.5596e+01	 -6.5596e+01	 -6.5596e+01
2.0654e+01	 3.8937e+01	 3.6677e+01	 3.8934e+01	 -6.5596e+01	 -6.5596e+01	 -6.5596e+01	 -6.5596e+01	 -6.5596e+01	 -6.5596e+01	 -6.5596e+01	 -6.5596e+01	 -6.5596e+01
2.0774e+01	 3.8987e+01	 3.4272e+01	 3.8987e+01	 -6.5596e+01	 -6.5596e+01	 -6.5596e+01	 -6.5596e+01	 -6.5596e+01	 -6.5596e+01	 -6.5596e+01	 -6.5596e+01	 -6.5596e+01
2.0894e+01	 3.9039e+01	 3.1191e+01	 3.9039e+01	 -6.5596e+01	 -6.5596e+01	 -6.5596e+01	 -6.5596e+01	 -6.5596e+01	 -6.5596e+01	 -6.5596e+01	 -6.5596e+01	 -6.5596e+01
2.1014e+01	 3.9090e+01	 -6.5596e+01	 3.9090e+01	 -6.5596e+01	 -6.5596e+01	 -6.5596e+01	 -6.5596e+01	 -6.5596e+01	 -6.5596e+01	 -6.5596e+01	 -6.5596e+01	 -6.5596e+01
2.1134e+01	 3.9140e+01	 -6.5596e+01	 3.9140e+01	 -6.5596e+01	 -6.5596e+01	 -6.5596e+01	 -6.5596e+01	 -6.5596e+01	 -6.5596e+01	 -6.5596e+01	 -6.5596e+01	 -6.5596e+01
2.1254e+01	 3.9190e+01	 -6.5596e+01	 3.9190e+01	 -6.5596e+01	 -6.5596e+01	 -6.5596e+01	 -6.5596e+01	 -6.5596e+01	 -6.5596e+01	 -6.5596e+01	 -6.5596e+01	 -6.5596e+01
2.1374e+01	 3.9237e+01	 -6.5596e+01	 3.9237e+01	 -6.5596e+01	 -6.5596e+01	 -6.5596e+01	 -6.5596e+01	 -6.5596e+01	 -6.5596e+01	 -6.5596e+01	 -6.5596e+01	 -6.5596e+01
2.1494e+01	 3.9285e+01	 -6.5596e+01	 3.9285e+01	 -6.5596e+01	 -6.5596e+01	 -6.5596e+01	 -6.5596e+01	 -6.5596e+01	 -6.5596e+01	 -6.5596e+01	 -6.5596e+01	 -6.5596e+01
2.1614e+01	 3.9330e+01	 -6.5596e+01	 3.9330e+01	 -6.5596e+01	 -6.5596e+01	 -6.5596e+01	 -6.5596e+01	 -6.5596e+01	 -6.5596e+01	 -6.5596e+01	 -6.5596e+01	 -6.5596e+01
2.1734e+01	 3.9375e+01	 -6.5596e+01	 3.9375e+01	 -6.5596e+01	 -6.5596e+01	 -6.5596e+01	 -6.5596e+01	 -6.5596e+01	 -6.5596e+01	 -6.5596e+01	 -6.5596e+01	 -6.5596e+01
2.1854e+01	 3.9418e+01	 -6.5596e+01	 3.9418e+01	 -6.5596e+01	 -6.5596e+01	 -6.5596e+01	 -6.5596e+01	 -6.5596e+01	 -6.5596e+01	 -6.5596e+01	 -6.5596e+01	 -6.5596e+01
2.1974e+01	 3.9461e+01	 -6.5596e+01	 3.9461e+01	 -6.5596e+01	 -6.5596e+01	 -6.5596e+01	 -6.5596e+01	 -6.5596e+01	 -6.5596e+01	 -6.5596e+01	 -6.5596e+01	 -6.5596e+01
2.2094e+01	 3.9502e+01	 -6.5596e+01	 3.9502e+01	 -6.5596e+01	 -6.5596e+01	 -6.5596e+01	 -6.5596e+01	 -6.5596e+01	 -6.5596e+01	 -6.5596e+01	 -6.5596e+01	 -6.5596e+01
2.2214e+01	 3.9543e+01	 -6.5596e+01	 3.9543e+01	 -6.5596e+01	 -6.5596e+01	 -6.5596e+01	 -6.5596e+01	 -6.5596e+01	 -6.5596e+01	 -6.5596e+01	 -6.5596e+01	 -6.5596e+01
2.2334e+01	 3.9583e+01	 -6.5596e+01	 3.9583e+01	 -6.5596e+01	 -6.5596e+01	 -6.5596e+01	 -6.5596e+01	 -6.5596e+01	 -6.5596e+01	 -6.5596e+01	 -6.5596e+01	 -6.5596e+01
2.2454e+01	 3.9621e+01	 -6.5596e+01	 3.9621e+01	 -6.5596e+01	 -6.5596e+01	 -6.5596e+01	 -6.5596e+01	 -6.5596e+01	 -6.5596e+01	 -6.5596e+01	 -6.5596e+01	 -6.5596e+01
2.2574e+01	 3.9658e+01	 -6.5596e+01	 3.9658e+01	 -6.5596e+01	 -6.5596e+01	 -6.5596e+01	 -6.5596e+01	 -6.5596e+01	 -6.5596e+01	 -6.5596e+01	 -6.5596e+01	 -6.5596e+01
2.2694e+01	 3.9694e+01	 -6.5596e+01	 3.9694e+01	 -6.5596e+01	 -6.5596e+01	 -6.5596e+01	 -6.5596e+01	 -6.5596e+01	 -6.5596e+01	 -6.5596e+01	 -6.5596e+01	 -6.5596e+01
2.2814e+01	 3.9730e+01	 -6.5596e+01	 3.9730e+01	 -6.5596e+01	 -6.5596e+01	 -6.5596e+01	 -6.5596e+01	 -6.5596e+01	 -6.5596e+01	 -6.5596e+01	 -6.5596e+01	 -6.5596e+01
2.2934e+01	 3.9764e+01	 -6.5596e+01	 3.9764e+01	 -6.5596e+01	 -6.5596e+01	 -6.5596e+01	 -6.5596e+01	 -6.5596e+01	 -6.5596e+01	 -6.5596e+01	 -6.5596e+01	 -6.5596e+01
2.3054e+01	 3.9796e+01	 -6.5596e+01	 3.9796e+01	 -6.5596e+01	 -6.5596e+01	 -6.5596e+01	 -6.5596e+01	 -6.5596e+01	 -6.5596e+01	 -6.5596e+01	 -6.5596e+01	 -6.5596e+01
2.3174e+01	 3.9829e+01	 -6.5596e+01	 3.9829e+01	 -6.5596e+01	 -6.5596e+01	 -6.5596e+01	 -6.5596e+01	 -6.5596e+01	 -6.5596e+01	 -6.5596e+01	 -6.5596e+01	 -6.5596e+01
2.3294e+01	 3.9858e+01	 -6.5596e+01	 3.9858e+01	 -6.5596e+01	 -6.5596e+01	 -6.5596e+01	 -6.5596e+01	 -6.5596e+01	 -6.5596e+01	 -6.5596e+01	 -6.5596e+01	 -6.5596e+01
2.3414e+01	 3.9887e+01	 -6.5596e+01	 3.9887e+01	 -6.5596e+01	 -6.5596e+01	 -6.5596e+01	 -6.5596e+01	 -6.5596e+01	 -6.5596e+01	 -6.5596e+01	 -6.5596e+01	 -6.5596e+01
2.3534e+01	 3.9914e+01	 -6.5596e+01	 3.9914e+01	 -6.5596e+01	 -6.5596e+01	 -6.5596e+01	 -6.5596e+01	 -6.5596e+01	 -6.5596e+01	 -6.5596e+01	 -6.5596e+01	 -6.5596e+01
2.3654e+01	 3.9940e+01	 -6.5596e+01	 3.9940e+01	 -6.5596e+01	 -6.5596e+01	 -6.5596e+01	 -6.5596e+01	 -6.5596e+01	 -6.5596e+01	 -6.5596e+01	 -6.5596e+01	 -6.5596e+01
2.3774e+01	 3.9965e+01	 -6.5596e+01	 3.9965e+01	 -6.5596e+01	 -6.5596e+01	 -6.5596e+01	 -6.5596e+01	 -6.5596e+01	 -6.5596e+01	 -6.5596e+01	 -6.5596e+01	 -6.5596e+01
2.3894e+01	 3.9987e+01	 -6.5596e+01	 3.9987e+01	 -6.5596e+01	 -6.5596e+01	 -6.5596e+01	 -6.5596e+01	 -6.5596e+01	 -6.5596e+01	 -6.5596e+01	 -6.5596e+01	 -6.5596e+01
2.4014e+01	 4.0009e+01	 -6.5596e+01	 4.0009e+01	 -6.5596e+01	 -6.5596e+01	 -6.5596e+01	 -6.5596e+01	 -6.5596e+01	 -6.5596e+01	 -6.5596e+01	 -6.5596e+01	 -6.5596e+01
2.4134e+01	 4.0027e+01	 -6.5596e+01	 4.0027e+01	 -6.5596e+01	 -6.5596e+01	 -6.5596e+01	 -6.5596e+01	 -6.5596e+01	 -6.5596e+01	 -6.5596e+01	 -6.5596e+01	 -6.5596e+01
2.4254e+01	 4.0044e+01	 -6.5596e+01	 4.0044e+01	 -6.5596e+01	 -6.5596e+01	 -6.5596e+01	 -6.5596e+01	 -6.5596e+01	 -6.5596e+01	 -6.5596e+01	 -6.5596e+01	 -6.5596e+01
2.4374e+01	 4.0058e+01	 -6.5596e+01	 4.0058e+01	 -6.5596e+01	 -6.5596e+01	 -6.5596e+01	 -6.5596e+01	 -6.5596e+01	 -6.5596e+01	 -6.5596e+01	 -6.5596e+01	 -6.5596e+01
2.4494e+01	 4.0071e+01	 -6.5596e+01	 4.0071e+01	 -6.5596e+01	 -6.5596e+01	 -6.5596e+01	 -6.5596e+01	 -6.5596e+01	 -6.5596e+01	 -6.5596e+01	 -6.5596e+01	 -6.5596e+01
2.4614e+01	 4.0081e+01	 -6.5596e+01	 4.0081e+01	 -6.5596e+01	 -6.5596e+01	 -6.5596e+01	 -6.5596e+01	 -6.5596e+01	 -6.5596e+01	 -6.5596e+01	 -6.5596e+01	 -6.5596e+01
2.4734e+01	 4.0087e+01	 -6.5596e+01	 4.0087e+01	 -6.5596e+01	 -6.5596e+01	 -6.5596e+01	 -6.5596e+01	 -6.5596e+01	 -6.5596e+01	 -6.5596e+01	 -6.5596e+01	 -6.5596e+01
2.4854e+01	 4.0092e+01	 -6.5596e+01	 4.0092e+01	 -6.5596e+01	 -6.5596e+01	 -6.5596e+01	 -6.5596e+01	 -6.5596e+01	 -6.5596e+01	 -6.5596e+01	 -6.5596e+01	 -6.5596e+01
2.4974e+01	 4.0090e+01	 -6.5596e+01	 4.0090e+01	 -6.5596e+01	 -6.5596e+01	 -6.5596e+01	 -6.5596e+01	 -6.5596e+01	 -6.5596e+01	 -6.5596e+01	 -6.5596e+01	 -6.5596e+01
2.5094e+01	 4.0088e+01	 -6.5596e+01	 4.0088e+01	 -6.5596e+01	 -6.5596e+01	 -6.5596e+01	 -6.5596e+01	 -6.5596e+01	 -6.5596e+01	 -6.5596e+01	 -6.5596e+01	 -6.5596e+01
2.5214e+01	 4.0077e+01	 -6.5596e+01	 4.0077e+01	 -6.5596e+01	 -6.5596e+01	 -6.5596e+01	 -6.5596e+01	 -6.5596e+01	 -6.5596e+01	 -6.5596e+01	 -6.5596e+01	 -6.5596e+01
2.5334e+01	 4.0064e+01	 -6.5596e+01	 4.0064e+01	 -6.5596e+01	 -6.5596e+01	 -6.5596e+01	 -6.5596e+01	 -6.5596e+01	 -6.5596e+01	 -6.5596e+01	 -6.5596e+01	 -6.5596e+01
2.5454e+01	 4.0046e+01	 -6.5596e+01	 4.0046e+01	 -6.5596e+01	 -6.5596e+01	 -6.5596e+01	 -6.5596e+01	 -6.5596e+01	 -6.5596e+01	 -6.5596e+01	 -6.5596e+01	 -6.5596e+01
2.5574e+01	 4.0020e+01	 -6.5596e+01	 4.0020e+01	 -6.5596e+01	 -6.5596e+01	 -6.5596e+01	 -6.5596e+01	 -6.5596e+01	 -6.5596e+01	 -6.5596e+01	 -6.5596e+01	 -6.5596e+01
2.5694e+01	 3.9993e+01	 -6.5596e+01	 3.9993e+01	 -6.5596e+01	 -6.5596e+01	 -6.5596e+01	 -6.5596e+01	 -6.5596e+01	 -6.5596e+01	 -6.5596e+01	 -6.5596e+01	 -6.5596e+01
2.5814e+01	 3.9952e+01	 -6.5596e+01	 3.9952e+01	 -6.5596e+01	 -6.5596e+01	 -6.5596e+01	 -6.5596e+01	 -6.5596e+01	 -6.5596e+01	 -6.5596e+01	 -6.5596e+01	 -6.5596e+01
2.5934e+01	 3.9912e+01	 -6.5596e+01	 3.9912e+01	 -6.5596e+01	 -6.5596e+01	 -6.5596e+01	 -6.5596e+01	 -6.5596e+01	 -6.5596e+01	 -6.5596e+01	 -6.5596e+01	 -6.5596e+01
2.6054e+01	 3.9857e+01	 -6.5596e+01	 3.9857e+01	 -6.5596e+01	 -6.5596e+01	 -6.5596e+01	 -6.5596e+01	 -6.5596e+01	 -6.5596e+01	 -6.5596e+01	 -6.5596e+01	 -6.5596e+01
2.6174e+01	 3.9800e+01	 -6.5596e+01	 3.9800e+01	 -6.5596e+01	 -6.5596e+01	 -6.5596e+01	 -6.5596e+01	 -6.5596e+01	 -6.5596e+01	 -6.5596e+01	 -6.5596e+01	 -6.5596e+01
2.6294e+01	 3.9732e+01	 -6.5596e+01	 3.9732e+01	 -6.5596e+01	 -6.5596e+01	 -6.5596e+01	 -6.5596e+01	 -6.5596e+01	 -6.5596e+01	 -6.5596e+01	 -6.5596e+01	 -6.5596e+01
2.6414e+01	 3.9653e+01	 -6.5596e+01	 3.9653e+01	 -6.5596e+01	 -6.5596e+01	 -6.5596e+01	 -6.5596e+01	 -6.5596e+01	 -6.5596e+01	 -6.5596e+01	 -6.5596e+01	 -6.5596e+01
2.6534e+01	 3.9571e+01	 -6.5596e+01	 3.9571e+01	 -6.5596e+01	 -6.5596e+01	 -6.5596e+01	 -6.5596e+01	 -6.5596e+01	 -6.5596e+01	 -6.5596e+01	 -6.5596e+01	 -6.5596e+01
2.6654e+01	 3.9465e+01	 -6.5596e+01	 3.9465e+01	 -6.5596e+01	 -6.5596e+01	 -6.5596e+01	 -6.5596e+01	 -6.5596e+01	 -6.5596e+01	 -6.5596e+01	 -6.5596e+01	 -6.5596e+01
2.6774e+01	 3.9359e+01	 -6.5596e+01	 3.9359e+01	 -6.5596e+01	 -6.5596e+01	 -6.5596e+01	 -6.5596e+01	 -6.5596e+01	 -6.5596e+01	 -6.5596e+01	 -6.5596e+01	 -6.5596e+01
2.6894e+01	 3.9219e+01	 -6.5596e+01	 3.9219e+01	 -6.5596e+01	 -6.5596e+01	 -6.5596e+01	 -6.5596e+01	 -6.5596e+01	 -6.5596e+01	 -6.5596e+01	 -6.5596e+01	 -6.5596e+01
2.7014e+01	 3.9070e+01	 -6.5596e+01	 3.9070e+01	 -6.5596e+01	 -6.5596e+01	 -6.5596e+01	 -6.5596e+01	 -6.5596e+01	 -6.5596e+01	 -6.5596e+01	 -6.5596e+01	 -6.5596e+01
2.7134e+01	 3.8879e+01	 -6.5596e+01	 3.8879e+01	 -6.5596e+01	 -6.5596e+01	 -6.5596e+01	 -6.5596e+01	 -6.5596e+01	 -6.5596e+01	 -6.5596e+01	 -6.5596e+01	 -6.5596e+01
2.7254e+01	 3.8644e+01	 -6.5596e+01	 3.8644e+01	 -6.5596e+01	 -6.5596e+01	 -6.5596e+01	 -6.5596e+01	 -6.5596e+01	 -6.5596e+01	 -6.5596e+01	 -6.5596e+01	 -6.5596e+01
2.7374e+01	 3.8344e+01	 -6.5596e+01	 3.8344e+01	 -6.5596e+01	 -6.5596e+01	 -6.5596e+01	 -6.5596e+01	 -6.5596e+01	 -6.5596e+01	 -6.5596e+01	 -6.5596e+01	 -6.5596e+01
2.7494e+01	 3.7700e+01	 -6.5596e+01	 3.7700e+01	 -6.5596e+01	 -6.5596e+01	 -6.5596e+01	 -6.5596e+01	 -6.5596e+01	 -6.5596e+01	 -6.5596e+01	 -6.5596e+01	 -6.5596e+01
2.7614e+01	 3.7056e+01	 -6.5596e+01	 3.7056e+01	 -6.5596e+01	 -6.5596e+01	 -6.5596e+01	 -6.5596e+01	 -6.5596e+01	 -6.5596e+01	 -6.5596e+01	 -6.5596e+01	 -6.5596e+01
2.7734e+01	 3.3524e-01	 -6.5596e+01	 3.3524e-01	 -6.5596e+01	 -6.5596e+01	 -6.5596e+01	 -6.5596e+01	 -6.5596e+01	 -6.5596e+01	 -6.5596e+01	 -6.5596e+01	 -6.5596e+01
2.7854e+01	 -4.3747e+01	 -6.5596e+01	 -4.3747e+01	 -6.5596e+01	 -6.5596e+01	 -6.5596e+01	 -6.5596e+01	 -6.5596e+01	 -6.5596e+01	 -6.5596e+01	 -6.5596e+01	 -6.5596e+01
2.7974e+01	 -6.5596e+01	 -6.5596e+01	 -6.5596e+01	 -6.5596e+01	 -6.5596e+01	 -6.5596e+01	 -6.5596e+01	 -6.5596e+01	 -6.5596e+01	 -6.5596e+01	 -6.5596e+01	 -6.5596e+01
2.8094e+01	 -6.5596e+01	 -6.5596e+01	 -6.5596e+01	 -6.5596e+01	 -6.5596e+01	 -6.5596e+01	 -6.5596e+01	 -6.5596e+01	 -6.5596e+01	 -6.5596e+01	 -6.5596e+01	 -6.5596e+01
2.8214e+01	 -6.5596e+01	 -6.5596e+01	 -6.5596e+01	 -6.5596e+01	 -6.5596e+01	 -6.5596e+01	 -6.5596e+01	 -6.5596e+01	 -6.5596e+01	 -6.5596e+01	 -6.5596e+01	 -6.5596e+01
2.8334e+01	 -6.5596e+01	 -6.5596e+01	 -6.5596e+01	 -6.5596e+01	 -6.5596e+01	 -6.5596e+01	 -6.5596e+01	 -6.5596e+01	 -6.5596e+01	 -6.5596e+01	 -6.5596e+01	 -6.5596e+01
2.8454e+01	 -6.5596e+01	 -6.5596e+01	 -6.5596e+01	 -6.5596e+01	 -6.5596e+01	 -6.5596e+01	 -6.5596e+01	 -6.5596e+01	 -6.5596e+01	 -6.5596e+01	 -6.5596e+01	 -6.5596e+01
2.8574e+01	 -6.5596e+01	 -6.5596e+01	 -6.5596e+01	 -6.5596e+01	 -6.5596e+01	 -6.5596e+01	 -6.5596e+01	 -6.5596e+01	 -6.5596e+01	 -6.5596e+01	 -6.5596e+01	 -6.5596e+01
2.8694e+01	 -6.5596e+01	 -6.5596e+01	 -6.5596e+01	 -6.5596e+01	 -6.5596e+01	 -6.5596e+01	 -6.5596e+01	 -6.5596e+01	 -6.5596e+01	 -6.5596e+01	 -6.5596e+01	 -6.5596e+01
2.8814e+01	 -6.5596e+01	 -6.5596e+01	 -6.5596e+01	 -6.5596e+01	 -6.5596e+01	 -6.5596e+01	 -6.5596e+01	 -6.5596e+01	 -6.5596e+01	 -6.5596e+01	 -6.5596e+01	 -6.5596e+01
2.8934e+01	 -6.5596e+01	 -6.5596e+01	 -6.5596e+01	 -6.5596e+01	 -6.5596e+01	 -6.5596e+01	 -6.5596e+01	 -6.5596e+01	 -6.5596e+01	 -6.5596e+01	 -6.5596e+01	 -6.5596e+01
2.9054e+01	 -6.5596e+01	 -6.5596e+01	 -6.5596e+01	 -6.5596e+01	 -6.5596e+01	 -6.5596e+01	 -6.5596e+01	 -6.5596e+01	 -6.5596e+01	 -6.5596e+01	 -6.5596e+01	 -6.5596e+01
2.9174e+01	 -6.5596e+01	 -6.5596e+01	 -6.5596e+01	 -6.5596e+01	 -6.5596e+01	 -6.5596e+01	 -6.5596e+01	 -6.5596e+01	 -6.5596e+01	 -6.5596e+01	 -6.5596e+01	 -6.5596e+01
2.9294e+01	 -6.5596e+01	 -6.5596e+01	 -6.5596e+01	 -6.5596e+01	 -6.5596e+01	 -6.5596e+01	 -6.5596e+01	 -6.5596e+01	 -6.5596e+01	 -6.5596e+01	 -6.5596e+01	 -6.5596e+01
2.9414e+01	 -6.5596e+01	 -6.5596e+01	 -6.5596e+01	 -6.5596e+01	 -6.5596e+01	 -6.5596e+01	 -6.5596e+01	 -6.5596e+01	 -6.5596e+01	 -6.5596e+01	 -6.5596e+01	 -6.5596e+01
2.9534e+01	 -6.5596e+01	 -6.5596e+01	 -6.5596e+01	 -6.5596e+01	 -6.5596e+01	 -6.5596e+01	 -6.5596e+01	 -6.5596e+01	 -6.5596e+01	 -6.5596e+01	 -6.5596e+01	 -6.5596e+01
2.9654e+01	 -6.5596e+01	 -6.5596e+01	 -6.5596e+01	 -6.5596e+01	 -6.5596e+01	 -6.5596e+01	 -6.5596e+01	 -6.5596e+01	 -6.5596e+01	 -6.5596e+01	 -6.5596e+01	 -6.5596e+01
2.9774e+01	 -6.5596e+01	 -6.5596e+01	 -6.5596e+01	 -6.5596e+01	 -6.5596e+01	 -6.5596e+01	 -6.5596e+01	 -6.5596e+01	 -6.5596e+01	 -6.5596e+01	 -6.5596e+01	 -6.5596e+01
2.9894e+01	 -6.5596e+01	 -6.5596e+01	 -6.5596e+01	 -6.5596e+01	 -6.5596e+01	 -6.5596e+01	 -6.5596e+01	 -6.5596e+01	 -6.5596e+01	 -6.5596e+01	 -6.5596e+01	 -6.5596e+01
