########################################################################
#_obs is as observed from the earth: beaming+cosmo   
#nu_obs  nuFnu_somma_obs  nuFnu_Sync_obs nuFnu_comp_obs nu_Fnu_Disk_obs  nu_Fnu_DT_obs nu_Fnu_Star_obs nu_Fnu_EC_Disk_obs nu_Fnu_EC_BLR_obs nu_Fnu_EC_DT_obs  nu_Fnu_EC_Star_obs nu_Fnu_EC_CMB_obs
########################################################################
1.0000e+06	 0.0000e+00	 0.0000e+00	 0.0000e+00	 1.0000e-120	 1.0000e-120	 1.0000e-120	 1.0000e-120	 1.0000e-120	 1.0000e-120	 1.0000e-120	 1.0000e-120	 1.0000e-120
1.3183e+06	 0.0000e+00	 0.0000e+00	 0.0000e+00	 1.0000e-120	 1.0000e-120	 1.0000e-120	 1.0000e-120	 1.0000e-120	 1.0000e-120	 1.0000e-120	 1.0000e-120	 1.0000e-120
1.7378e+06	 0.0000e+00	 0.0000e+00	 0.0000e+00	 1.0000e-120	 1.0000e-120	 1.0000e-120	 1.0000e-120	 1.0000e-120	 1.0000e-120	 1.0000e-120	 1.0000e-120	 1.0000e-120
2.2909e+06	 0.0000e+00	 0.0000e+00	 0.0000e+00	 1.0000e-120	 1.0000e-120	 1.0000e-120	 1.0000e-120	 1.0000e-120	 1.0000e-120	 1.0000e-120	 1.0000e-120	 1.0000e-120
3.0200e+06	 0.0000e+00	 0.0000e+00	 0.0000e+00	 1.0000e-120	 1.0000e-120	 1.0000e-120	 1.0000e-120	 1.0000e-120	 1.0000e-120	 1.0000e-120	 1.0000e-120	 1.0000e-120
3.9811e+06	 0.0000e+00	 0.0000e+00	 0.0000e+00	 1.0000e-120	 1.0000e-120	 1.0000e-120	 1.0000e-120	 1.0000e-120	 1.0000e-120	 1.0000e-120	 1.0000e-120	 1.0000e-120
5.2481e+06	 0.0000e+00	 0.0000e+00	 0.0000e+00	 1.0000e-120	 1.0000e-120	 1.0000e-120	 1.0000e-120	 1.0000e-120	 1.0000e-120	 1.0000e-120	 1.0000e-120	 1.0000e-120
6.9183e+06	 0.0000e+00	 0.0000e+00	 0.0000e+00	 1.0000e-120	 1.0000e-120	 1.0000e-120	 1.0000e-120	 1.0000e-120	 1.0000e-120	 1.0000e-120	 1.0000e-120	 1.0000e-120
9.1201e+06	 0.0000e+00	 0.0000e+00	 0.0000e+00	 1.0000e-120	 1.0000e-120	 1.0000e-120	 1.0000e-120	 1.0000e-120	 1.0000e-120	 1.0000e-120	 1.0000e-120	 1.0000e-120
1.2023e+07	 0.0000e+00	 0.0000e+00	 0.0000e+00	 1.0000e-120	 1.0000e-120	 1.0000e-120	 1.0000e-120	 1.0000e-120	 1.0000e-120	 1.0000e-120	 1.0000e-120	 1.0000e-120
1.5849e+07	 0.0000e+00	 0.0000e+00	 0.0000e+00	 1.0000e-120	 1.0000e-120	 1.0000e-120	 1.0000e-120	 1.0000e-120	 1.0000e-120	 1.0000e-120	 1.0000e-120	 1.0000e-120
2.0893e+07	 0.0000e+00	 0.0000e+00	 0.0000e+00	 1.0000e-120	 1.0000e-120	 1.0000e-120	 1.0000e-120	 1.0000e-120	 1.0000e-120	 1.0000e-120	 1.0000e-120	 1.0000e-120
2.7542e+07	 1.0175e-22	 1.0175e-22	 0.0000e+00	 1.0000e-120	 1.0000e-120	 1.0000e-120	 1.0000e-120	 1.0000e-120	 1.0000e-120	 1.0000e-120	 1.0000e-120	 1.0000e-120
3.6308e+07	 2.3311e-22	 2.3311e-22	 0.0000e+00	 1.0000e-120	 1.0000e-120	 1.0000e-120	 1.0000e-120	 1.0000e-120	 1.0000e-120	 1.0000e-120	 1.0000e-120	 1.0000e-120
4.7863e+07	 5.3403e-22	 5.3403e-22	 0.0000e+00	 1.0000e-120	 1.0000e-120	 1.0000e-120	 1.0000e-120	 1.0000e-120	 1.0000e-120	 1.0000e-120	 1.0000e-120	 1.0000e-120
6.3096e+07	 1.2234e-21	 1.2234e-21	 0.0000e+00	 1.0000e-120	 1.0000e-120	 1.0000e-120	 1.0000e-120	 1.0000e-120	 1.0000e-120	 1.0000e-120	 1.0000e-120	 1.0000e-120
8.3176e+07	 2.8028e-21	 2.8028e-21	 0.0000e+00	 1.0000e-120	 1.0000e-120	 1.0000e-120	 1.0000e-120	 1.0000e-120	 1.0000e-120	 1.0000e-120	 1.0000e-120	 1.0000e-120
1.0965e+08	 6.4210e-21	 6.4210e-21	 0.0000e+00	 1.0000e-120	 1.0000e-120	 1.0000e-120	 1.0000e-120	 1.0000e-120	 1.0000e-120	 1.0000e-120	 1.0000e-120	 1.0000e-120
1.4454e+08	 1.4710e-20	 1.4710e-20	 0.0000e+00	 1.0000e-120	 1.0000e-120	 1.0000e-120	 1.0000e-120	 1.0000e-120	 1.0000e-120	 1.0000e-120	 1.0000e-120	 1.0000e-120
1.9055e+08	 3.3701e-20	 3.3701e-20	 0.0000e+00	 1.0000e-120	 1.0000e-120	 1.0000e-120	 1.0000e-120	 1.0000e-120	 1.0000e-120	 1.0000e-120	 1.0000e-120	 1.0000e-120
2.5119e+08	 7.7209e-20	 7.7209e-20	 0.0000e+00	 1.0000e-120	 1.0000e-120	 1.0000e-120	 1.0000e-120	 1.0000e-120	 1.0000e-120	 1.0000e-120	 1.0000e-120	 1.0000e-120
3.3113e+08	 1.7689e-19	 1.7689e-19	 0.0000e+00	 1.0000e-120	 1.0000e-120	 1.0000e-120	 1.0000e-120	 1.0000e-120	 1.0000e-120	 1.0000e-120	 1.0000e-120	 1.0000e-120
4.3652e+08	 4.0525e-19	 4.0525e-19	 0.0000e+00	 1.0000e-120	 1.0000e-120	 1.0000e-120	 1.0000e-120	 1.0000e-120	 1.0000e-120	 1.0000e-120	 1.0000e-120	 1.0000e-120
5.7544e+08	 9.2845e-19	 9.2845e-19	 0.0000e+00	 1.0000e-120	 1.0000e-120	 1.0000e-120	 1.0000e-120	 1.0000e-120	 1.0000e-120	 1.0000e-120	 1.0000e-120	 1.0000e-120
7.5858e+08	 2.1270e-18	 2.1270e-18	 0.0000e+00	 1.0000e-120	 1.0000e-120	 1.0000e-120	 1.0000e-120	 1.0000e-120	 1.0000e-120	 1.0000e-120	 1.0000e-120	 1.0000e-120
1.0000e+09	 4.8724e-18	 4.8724e-18	 0.0000e+00	 1.0000e-120	 1.0000e-120	 1.0000e-120	 1.0000e-120	 1.0000e-120	 1.0000e-120	 1.0000e-120	 1.0000e-120	 1.0000e-120
1.3183e+09	 1.1157e-17	 1.1157e-17	 0.0000e+00	 1.0000e-120	 1.0000e-120	 1.0000e-120	 1.0000e-120	 1.0000e-120	 1.0000e-120	 1.0000e-120	 1.0000e-120	 1.0000e-120
1.7378e+09	 2.5530e-17	 2.5530e-17	 0.0000e+00	 1.0000e-120	 1.0000e-120	 1.0000e-120	 1.0000e-120	 1.0000e-120	 1.0000e-120	 1.0000e-120	 1.0000e-120	 1.0000e-120
2.2909e+09	 5.8306e-17	 5.8306e-17	 0.0000e+00	 1.0000e-120	 1.0000e-120	 1.0000e-120	 1.0000e-120	 1.0000e-120	 1.0000e-120	 1.0000e-120	 1.0000e-120	 1.0000e-120
3.0200e+09	 1.3255e-16	 1.3255e-16	 0.0000e+00	 1.0000e-120	 1.0000e-120	 1.0000e-120	 1.0000e-120	 1.0000e-120	 1.0000e-120	 1.0000e-120	 1.0000e-120	 1.0000e-120
3.9811e+09	 2.9685e-16	 2.9685e-16	 0.0000e+00	 1.0000e-120	 1.0000e-120	 1.0000e-120	 1.0000e-120	 1.0000e-120	 1.0000e-120	 1.0000e-120	 1.0000e-120	 1.0000e-120
5.2481e+09	 6.4313e-16	 6.4313e-16	 0.0000e+00	 1.0000e-120	 1.0000e-120	 1.0000e-120	 1.0000e-120	 1.0000e-120	 1.0000e-120	 1.0000e-120	 1.0000e-120	 1.0000e-120
6.9183e+09	 1.3182e-15	 1.3182e-15	 0.0000e+00	 1.0000e-120	 1.0000e-120	 1.0000e-120	 1.0000e-120	 1.0000e-120	 1.0000e-120	 1.0000e-120	 1.0000e-120	 1.0000e-120
9.1201e+09	 2.5199e-15	 2.5199e-15	 0.0000e+00	 1.0000e-120	 1.0000e-120	 1.0000e-120	 1.0000e-120	 1.0000e-120	 1.0000e-120	 1.0000e-120	 1.0000e-120	 1.0000e-120
1.2023e+10	 4.4794e-15	 4.4794e-15	 0.0000e+00	 1.0000e-120	 1.0000e-120	 1.0000e-120	 1.0000e-120	 1.0000e-120	 1.0000e-120	 1.0000e-120	 1.0000e-120	 1.0000e-120
1.5849e+10	 7.4651e-15	 7.4651e-15	 0.0000e+00	 1.0000e-120	 1.0000e-120	 1.0000e-120	 1.0000e-120	 1.0000e-120	 1.0000e-120	 1.0000e-120	 1.0000e-120	 1.0000e-120
2.0893e+10	 1.1800e-14	 1.1800e-14	 0.0000e+00	 1.0000e-120	 1.0000e-120	 1.0000e-120	 1.0000e-120	 1.0000e-120	 1.0000e-120	 1.0000e-120	 1.0000e-120	 1.0000e-120
2.7542e+10	 1.7967e-14	 1.7967e-14	 0.0000e+00	 1.0000e-120	 1.0000e-120	 1.0000e-120	 1.0000e-120	 1.0000e-120	 1.0000e-120	 1.0000e-120	 1.0000e-120	 1.0000e-120
3.6308e+10	 2.6748e-14	 2.6748e-14	 0.0000e+00	 1.0000e-120	 1.0000e-120	 1.0000e-120	 1.0000e-120	 1.0000e-120	 1.0000e-120	 1.0000e-120	 1.0000e-120	 1.0000e-120
4.7863e+10	 3.9174e-14	 3.9174e-14	 0.0000e+00	 1.0000e-120	 1.0000e-120	 1.0000e-120	 1.0000e-120	 1.0000e-120	 1.0000e-120	 1.0000e-120	 1.0000e-120	 1.0000e-120
6.3096e+10	 5.6683e-14	 5.6683e-14	 0.0000e+00	 1.0000e-120	 1.0000e-120	 1.0000e-120	 1.0000e-120	 1.0000e-120	 1.0000e-120	 1.0000e-120	 1.0000e-120	 1.0000e-120
8.3176e+10	 8.1248e-14	 8.1248e-14	 0.0000e+00	 1.0000e-120	 1.0000e-120	 1.0000e-120	 1.0000e-120	 1.0000e-120	 1.0000e-120	 1.0000e-120	 1.0000e-120	 1.0000e-120
1.0965e+11	 1.1555e-13	 1.1555e-13	 0.0000e+00	 1.0000e-120	 1.0000e-120	 1.0000e-120	 1.0000e-120	 1.0000e-120	 1.0000e-120	 1.0000e-120	 1.0000e-120	 1.0000e-120
1.4454e+11	 1.6303e-13	 1.6303e-13	 0.0000e+00	 1.0000e-120	 1.0000e-120	 1.0000e-120	 1.0000e-120	 1.0000e-120	 1.0000e-120	 1.0000e-120	 1.0000e-120	 1.0000e-120
1.9055e+11	 2.2810e-13	 2.2810e-13	 0.0000e+00	 1.0000e-120	 1.0000e-120	 1.0000e-120	 1.0000e-120	 1.0000e-120	 1.0000e-120	 1.0000e-120	 1.0000e-120	 1.0000e-120
2.5119e+11	 3.1640e-13	 3.1640e-13	 0.0000e+00	 1.0000e-120	 1.0000e-120	 1.0000e-120	 1.0000e-120	 1.0000e-120	 1.0000e-120	 1.0000e-120	 1.0000e-120	 1.0000e-120
3.3113e+11	 4.3456e-13	 4.3456e-13	 0.0000e+00	 1.0000e-120	 1.0000e-120	 1.0000e-120	 1.0000e-120	 1.0000e-120	 1.0000e-120	 1.0000e-120	 1.0000e-120	 1.0000e-120
4.3652e+11	 5.8991e-13	 5.8991e-13	 0.0000e+00	 1.0000e-120	 1.0000e-120	 1.0000e-120	 1.0000e-120	 1.0000e-120	 1.0000e-120	 1.0000e-120	 1.0000e-120	 1.0000e-120
5.7544e+11	 7.8984e-13	 7.8984e-13	 0.0000e+00	 1.0000e-120	 1.0000e-120	 1.0000e-120	 1.0000e-120	 1.0000e-120	 1.0000e-120	 1.0000e-120	 1.0000e-120	 1.0000e-120
7.5858e+11	 1.0405e-12	 1.0405e-12	 0.0000e+00	 1.0000e-120	 1.0000e-120	 1.0000e-120	 1.0000e-120	 1.0000e-120	 1.0000e-120	 1.0000e-120	 1.0000e-120	 1.0000e-120
1.0000e+12	 1.3421e-12	 1.3421e-12	 0.0000e+00	 1.0000e-120	 1.0000e-120	 1.0000e-120	 1.0000e-120	 1.0000e-120	 1.0000e-120	 1.0000e-120	 1.0000e-120	 1.0000e-120
1.3183e+12	 1.6883e-12	 1.6883e-12	 0.0000e+00	 1.0000e-120	 1.0000e-120	 1.0000e-120	 1.0000e-120	 1.0000e-120	 1.0000e-120	 1.0000e-120	 1.0000e-120	 1.0000e-120
1.7378e+12	 2.0712e-12	 2.0712e-12	 0.0000e+00	 1.0000e-120	 1.0000e-120	 1.0000e-120	 1.0000e-120	 1.0000e-120	 1.0000e-120	 1.0000e-120	 1.0000e-120	 1.0000e-120
2.2909e+12	 2.4767e-12	 2.4767e-12	 0.0000e+00	 1.0000e-120	 1.0000e-120	 1.0000e-120	 1.0000e-120	 1.0000e-120	 1.0000e-120	 1.0000e-120	 1.0000e-120	 1.0000e-120
3.0200e+12	 2.8905e-12	 2.8905e-12	 0.0000e+00	 1.0000e-120	 1.0000e-120	 1.0000e-120	 1.0000e-120	 1.0000e-120	 1.0000e-120	 1.0000e-120	 1.0000e-120	 1.0000e-120
3.9811e+12	 3.3032e-12	 3.3032e-12	 0.0000e+00	 1.0000e-120	 1.0000e-120	 1.0000e-120	 1.0000e-120	 1.0000e-120	 1.0000e-120	 1.0000e-120	 1.0000e-120	 1.0000e-120
5.2481e+12	 3.7156e-12	 3.7156e-12	 0.0000e+00	 1.0000e-120	 1.0000e-120	 1.0000e-120	 1.0000e-120	 1.0000e-120	 1.0000e-120	 1.0000e-120	 1.0000e-120	 1.0000e-120
6.9183e+12	 4.1386e-12	 4.1386e-12	 0.0000e+00	 1.0000e-120	 1.0000e-120	 1.0000e-120	 1.0000e-120	 1.0000e-120	 1.0000e-120	 1.0000e-120	 1.0000e-120	 1.0000e-120
9.1201e+12	 4.5940e-12	 4.5940e-12	 0.0000e+00	 1.0000e-120	 1.0000e-120	 1.0000e-120	 1.0000e-120	 1.0000e-120	 1.0000e-120	 1.0000e-120	 1.0000e-120	 1.0000e-120
1.2023e+13	 5.0947e-12	 5.0947e-12	 0.0000e+00	 1.0000e-120	 1.0000e-120	 1.0000e-120	 1.0000e-120	 1.0000e-120	 1.0000e-120	 1.0000e-120	 1.0000e-120	 1.0000e-120
1.5849e+13	 5.6479e-12	 5.6479e-12	 0.0000e+00	 1.0000e-120	 1.0000e-120	 1.0000e-120	 1.0000e-120	 1.0000e-120	 1.0000e-120	 1.0000e-120	 1.0000e-120	 1.0000e-120
2.0893e+13	 6.2602e-12	 6.2602e-12	 0.0000e+00	 1.0000e-120	 1.0000e-120	 1.0000e-120	 1.0000e-120	 1.0000e-120	 1.0000e-120	 1.0000e-120	 1.0000e-120	 1.0000e-120
2.7542e+13	 6.9376e-12	 6.9376e-12	 0.0000e+00	 1.0000e-120	 1.0000e-120	 1.0000e-120	 1.0000e-120	 1.0000e-120	 1.0000e-120	 1.0000e-120	 1.0000e-120	 1.0000e-120
3.6308e+13	 7.6866e-12	 7.6866e-12	 0.0000e+00	 1.0000e-120	 1.0000e-120	 1.0000e-120	 1.0000e-120	 1.0000e-120	 1.0000e-120	 1.0000e-120	 1.0000e-120	 1.0000e-120
4.7863e+13	 8.5137e-12	 8.5137e-12	 0.0000e+00	 1.0000e-120	 1.0000e-120	 1.0000e-120	 1.0000e-120	 1.0000e-120	 1.0000e-120	 1.0000e-120	 1.0000e-120	 1.0000e-120
6.3096e+13	 9.4257e-12	 9.4257e-12	 0.0000e+00	 1.0000e-120	 1.0000e-120	 1.0000e-120	 1.0000e-120	 1.0000e-120	 1.0000e-120	 1.0000e-120	 1.0000e-120	 1.0000e-120
8.3176e+13	 1.0430e-11	 1.0430e-11	 0.0000e+00	 1.0000e-120	 1.0000e-120	 1.0000e-120	 1.0000e-120	 1.0000e-120	 1.0000e-120	 1.0000e-120	 1.0000e-120	 1.0000e-120
1.0965e+14	 1.1534e-11	 1.1534e-11	 0.0000e+00	 1.0000e-120	 1.0000e-120	 1.0000e-120	 1.0000e-120	 1.0000e-120	 1.0000e-120	 1.0000e-120	 1.0000e-120	 1.0000e-120
1.4454e+14	 1.2745e-11	 1.2745e-11	 0.0000e+00	 1.0000e-120	 1.0000e-120	 1.0000e-120	 1.0000e-120	 1.0000e-120	 1.0000e-120	 1.0000e-120	 1.0000e-120	 1.0000e-120
1.9055e+14	 1.4069e-11	 1.4069e-11	 0.0000e+00	 1.0000e-120	 1.0000e-120	 1.0000e-120	 1.0000e-120	 1.0000e-120	 1.0000e-120	 1.0000e-120	 1.0000e-120	 1.0000e-120
2.5119e+14	 1.5512e-11	 1.5512e-11	 0.0000e+00	 1.0000e-120	 1.0000e-120	 1.0000e-120	 1.0000e-120	 1.0000e-120	 1.0000e-120	 1.0000e-120	 1.0000e-120	 1.0000e-120
3.3113e+14	 1.7073e-11	 1.7073e-11	 0.0000e+00	 1.0000e-120	 1.0000e-120	 1.0000e-120	 1.0000e-120	 1.0000e-120	 1.0000e-120	 1.0000e-120	 1.0000e-120	 1.0000e-120
4.3652e+14	 1.8753e-11	 1.8753e-11	 0.0000e+00	 1.0000e-120	 1.0000e-120	 1.0000e-120	 1.0000e-120	 1.0000e-120	 1.0000e-120	 1.0000e-120	 1.0000e-120	 1.0000e-120
5.7544e+14	 2.0549e-11	 2.0549e-11	 0.0000e+00	 1.0000e-120	 1.0000e-120	 1.0000e-120	 1.0000e-120	 1.0000e-120	 1.0000e-120	 1.0000e-120	 1.0000e-120	 1.0000e-120
7.5858e+14	 2.2456e-11	 2.2456e-11	 0.0000e+00	 1.0000e-120	 1.0000e-120	 1.0000e-120	 1.0000e-120	 1.0000e-120	 1.0000e-120	 1.0000e-120	 1.0000e-120	 1.0000e-120
1.0000e+15	 2.4461e-11	 2.4461e-11	 0.0000e+00	 1.0000e-120	 1.0000e-120	 1.0000e-120	 1.0000e-120	 1.0000e-120	 1.0000e-120	 1.0000e-120	 1.0000e-120	 1.0000e-120
1.3183e+15	 2.6549e-11	 2.6549e-11	 0.0000e+00	 1.0000e-120	 1.0000e-120	 1.0000e-120	 1.0000e-120	 1.0000e-120	 1.0000e-120	 1.0000e-120	 1.0000e-120	 1.0000e-120
1.7378e+15	 2.8701e-11	 2.8701e-11	 0.0000e+00	 1.0000e-120	 1.0000e-120	 1.0000e-120	 1.0000e-120	 1.0000e-120	 1.0000e-120	 1.0000e-120	 1.0000e-120	 1.0000e-120
2.2909e+15	 3.0873e-11	 3.0873e-11	 0.0000e+00	 1.0000e-120	 1.0000e-120	 1.0000e-120	 1.0000e-120	 1.0000e-120	 1.0000e-120	 1.0000e-120	 1.0000e-120	 1.0000e-120
3.0200e+15	 3.3045e-11	 3.3045e-11	 0.0000e+00	 1.0000e-120	 1.0000e-120	 1.0000e-120	 1.0000e-120	 1.0000e-120	 1.0000e-120	 1.0000e-120	 1.0000e-120	 1.0000e-120
3.9811e+15	 3.5200e-11	 3.5200e-11	 0.0000e+00	 1.0000e-120	 1.0000e-120	 1.0000e-120	 1.0000e-120	 1.0000e-120	 1.0000e-120	 1.0000e-120	 1.0000e-120	 1.0000e-120
5.2481e+15	 3.7314e-11	 3.7314e-11	 0.0000e+00	 1.0000e-120	 1.0000e-120	 1.0000e-120	 1.0000e-120	 1.0000e-120	 1.0000e-120	 1.0000e-120	 1.0000e-120	 1.0000e-120
6.9183e+15	 3.9361e-11	 3.9361e-11	 0.0000e+00	 1.0000e-120	 1.0000e-120	 1.0000e-120	 1.0000e-120	 1.0000e-120	 1.0000e-120	 1.0000e-120	 1.0000e-120	 1.0000e-120
9.1201e+15	 4.1316e-11	 4.1316e-11	 0.0000e+00	 1.0000e-120	 1.0000e-120	 1.0000e-120	 1.0000e-120	 1.0000e-120	 1.0000e-120	 1.0000e-120	 1.0000e-120	 1.0000e-120
1.2023e+16	 4.3154e-11	 4.3154e-11	 0.0000e+00	 1.0000e-120	 1.0000e-120	 1.0000e-120	 1.0000e-120	 1.0000e-120	 1.0000e-120	 1.0000e-120	 1.0000e-120	 1.0000e-120
1.5849e+16	 4.4819e-11	 4.4819e-11	 0.0000e+00	 1.0000e-120	 1.0000e-120	 1.0000e-120	 1.0000e-120	 1.0000e-120	 1.0000e-120	 1.0000e-120	 1.0000e-120	 1.0000e-120
2.0893e+16	 4.6306e-11	 4.6306e-11	 0.0000e+00	 1.0000e-120	 1.0000e-120	 1.0000e-120	 1.0000e-120	 1.0000e-120	 1.0000e-120	 1.0000e-120	 1.0000e-120	 1.0000e-120
2.7542e+16	 4.7605e-11	 4.7605e-11	 0.0000e+00	 1.0000e-120	 1.0000e-120	 1.0000e-120	 1.0000e-120	 1.0000e-120	 1.0000e-120	 1.0000e-120	 1.0000e-120	 1.0000e-120
3.6308e+16	 4.8697e-11	 4.8697e-11	 0.0000e+00	 1.0000e-120	 1.0000e-120	 1.0000e-120	 1.0000e-120	 1.0000e-120	 1.0000e-120	 1.0000e-120	 1.0000e-120	 1.0000e-120
4.7863e+16	 4.9567e-11	 4.9567e-11	 0.0000e+00	 1.0000e-120	 1.0000e-120	 1.0000e-120	 1.0000e-120	 1.0000e-120	 1.0000e-120	 1.0000e-120	 1.0000e-120	 1.0000e-120
6.3096e+16	 5.0201e-11	 5.0201e-11	 0.0000e+00	 1.0000e-120	 1.0000e-120	 1.0000e-120	 1.0000e-120	 1.0000e-120	 1.0000e-120	 1.0000e-120	 1.0000e-120	 1.0000e-120
8.3176e+16	 5.0589e-11	 5.0589e-11	 0.0000e+00	 1.0000e-120	 1.0000e-120	 1.0000e-120	 1.0000e-120	 1.0000e-120	 1.0000e-120	 1.0000e-120	 1.0000e-120	 1.0000e-120
1.0965e+17	 5.0684e-11	 5.0684e-11	 0.0000e+00	 1.0000e-120	 1.0000e-120	 1.0000e-120	 1.0000e-120	 1.0000e-120	 1.0000e-120	 1.0000e-120	 1.0000e-120	 1.0000e-120
1.4454e+17	 5.0524e-11	 5.0513e-11	 1.0302e-14	 1.0000e-120	 1.0000e-120	 1.0000e-120	 1.0000e-120	 1.0000e-120	 1.0000e-120	 1.0000e-120	 1.0000e-120	 1.0000e-120
1.9055e+17	 5.0103e-11	 5.0089e-11	 1.3651e-14	 1.0000e-120	 1.0000e-120	 1.0000e-120	 1.0000e-120	 1.0000e-120	 1.0000e-120	 1.0000e-120	 1.0000e-120	 1.0000e-120
2.5119e+17	 4.9434e-11	 4.9416e-11	 1.7867e-14	 1.0000e-120	 1.0000e-120	 1.0000e-120	 1.0000e-120	 1.0000e-120	 1.0000e-120	 1.0000e-120	 1.0000e-120	 1.0000e-120
3.3113e+17	 4.8526e-11	 4.8503e-11	 2.3147e-14	 1.0000e-120	 1.0000e-120	 1.0000e-120	 1.0000e-120	 1.0000e-120	 1.0000e-120	 1.0000e-120	 1.0000e-120	 1.0000e-120
4.3652e+17	 4.7390e-11	 4.7360e-11	 2.9789e-14	 1.0000e-120	 1.0000e-120	 1.0000e-120	 1.0000e-120	 1.0000e-120	 1.0000e-120	 1.0000e-120	 1.0000e-120	 1.0000e-120
5.7544e+17	 4.6040e-11	 4.6003e-11	 3.7488e-14	 1.0000e-120	 1.0000e-120	 1.0000e-120	 1.0000e-120	 1.0000e-120	 1.0000e-120	 1.0000e-120	 1.0000e-120	 1.0000e-120
7.5858e+17	 4.4451e-11	 4.4404e-11	 4.7177e-14	 1.0000e-120	 1.0000e-120	 1.0000e-120	 1.0000e-120	 1.0000e-120	 1.0000e-120	 1.0000e-120	 1.0000e-120	 1.0000e-120
1.0000e+18	 4.2672e-11	 4.2614e-11	 5.8002e-14	 1.0000e-120	 1.0000e-120	 1.0000e-120	 1.0000e-120	 1.0000e-120	 1.0000e-120	 1.0000e-120	 1.0000e-120	 1.0000e-120
1.3183e+18	 4.0729e-11	 4.0658e-11	 7.1146e-14	 1.0000e-120	 1.0000e-120	 1.0000e-120	 1.0000e-120	 1.0000e-120	 1.0000e-120	 1.0000e-120	 1.0000e-120	 1.0000e-120
1.7378e+18	 3.8637e-11	 3.8551e-11	 8.6249e-14	 1.0000e-120	 1.0000e-120	 1.0000e-120	 1.0000e-120	 1.0000e-120	 1.0000e-120	 1.0000e-120	 1.0000e-120	 1.0000e-120
2.2909e+18	 3.6409e-11	 3.6305e-11	 1.0371e-13	 1.0000e-120	 1.0000e-120	 1.0000e-120	 1.0000e-120	 1.0000e-120	 1.0000e-120	 1.0000e-120	 1.0000e-120	 1.0000e-120
3.0200e+18	 3.4058e-11	 3.3934e-11	 1.2440e-13	 1.0000e-120	 1.0000e-120	 1.0000e-120	 1.0000e-120	 1.0000e-120	 1.0000e-120	 1.0000e-120	 1.0000e-120	 1.0000e-120
3.9811e+18	 3.1595e-11	 3.1446e-11	 1.4822e-13	 1.0000e-120	 1.0000e-120	 1.0000e-120	 1.0000e-120	 1.0000e-120	 1.0000e-120	 1.0000e-120	 1.0000e-120	 1.0000e-120
5.2481e+18	 2.8956e-11	 2.8780e-11	 1.7659e-13	 1.0000e-120	 1.0000e-120	 1.0000e-120	 1.0000e-120	 1.0000e-120	 1.0000e-120	 1.0000e-120	 1.0000e-120	 1.0000e-120
6.9183e+18	 2.6183e-11	 2.5975e-11	 2.0760e-13	 1.0000e-120	 1.0000e-120	 1.0000e-120	 1.0000e-120	 1.0000e-120	 1.0000e-120	 1.0000e-120	 1.0000e-120	 1.0000e-120
9.1201e+18	 2.3281e-11	 2.3037e-11	 2.4388e-13	 1.0000e-120	 1.0000e-120	 1.0000e-120	 1.0000e-120	 1.0000e-120	 1.0000e-120	 1.0000e-120	 1.0000e-120	 1.0000e-120
1.2023e+19	 2.0260e-11	 1.9975e-11	 2.8560e-13	 1.0000e-120	 1.0000e-120	 1.0000e-120	 1.0000e-120	 1.0000e-120	 1.0000e-120	 1.0000e-120	 1.0000e-120	 1.0000e-120
1.5849e+19	 1.7149e-11	 1.6815e-11	 3.3384e-13	 1.0000e-120	 1.0000e-120	 1.0000e-120	 1.0000e-120	 1.0000e-120	 1.0000e-120	 1.0000e-120	 1.0000e-120	 1.0000e-120
2.0893e+19	 1.4008e-11	 1.3619e-11	 3.8925e-13	 1.0000e-120	 1.0000e-120	 1.0000e-120	 1.0000e-120	 1.0000e-120	 1.0000e-120	 1.0000e-120	 1.0000e-120	 1.0000e-120
2.7542e+19	 1.0940e-11	 1.0488e-11	 4.5140e-13	 1.0000e-120	 1.0000e-120	 1.0000e-120	 1.0000e-120	 1.0000e-120	 1.0000e-120	 1.0000e-120	 1.0000e-120	 1.0000e-120
3.6308e+19	 7.9447e-12	 7.4212e-12	 5.2348e-13	 1.0000e-120	 1.0000e-120	 1.0000e-120	 1.0000e-120	 1.0000e-120	 1.0000e-120	 1.0000e-120	 1.0000e-120	 1.0000e-120
4.7863e+19	 5.3511e-12	 4.7466e-12	 6.0450e-13	 1.0000e-120	 1.0000e-120	 1.0000e-120	 1.0000e-120	 1.0000e-120	 1.0000e-120	 1.0000e-120	 1.0000e-120	 1.0000e-120
6.3096e+19	 3.3569e-12	 2.6588e-12	 6.9806e-13	 1.0000e-120	 1.0000e-120	 1.0000e-120	 1.0000e-120	 1.0000e-120	 1.0000e-120	 1.0000e-120	 1.0000e-120	 1.0000e-120
8.3176e+19	 2.0544e-12	 1.2514e-12	 8.0298e-13	 1.0000e-120	 1.0000e-120	 1.0000e-120	 1.0000e-120	 1.0000e-120	 1.0000e-120	 1.0000e-120	 1.0000e-120	 1.0000e-120
1.0965e+20	 1.3914e-12	 4.6939e-13	 9.2199e-13	 1.0000e-120	 1.0000e-120	 1.0000e-120	 1.0000e-120	 1.0000e-120	 1.0000e-120	 1.0000e-120	 1.0000e-120	 1.0000e-120
1.4454e+20	 1.1872e-12	 1.3124e-13	 1.0560e-12	 1.0000e-120	 1.0000e-120	 1.0000e-120	 1.0000e-120	 1.0000e-120	 1.0000e-120	 1.0000e-120	 1.0000e-120	 1.0000e-120
1.9055e+20	 1.2292e-12	 2.5124e-14	 1.2041e-12	 1.0000e-120	 1.0000e-120	 1.0000e-120	 1.0000e-120	 1.0000e-120	 1.0000e-120	 1.0000e-120	 1.0000e-120	 1.0000e-120
2.5119e+20	 1.3753e-12	 2.5662e-15	 1.3727e-12	 1.0000e-120	 1.0000e-120	 1.0000e-120	 1.0000e-120	 1.0000e-120	 1.0000e-120	 1.0000e-120	 1.0000e-120	 1.0000e-120
3.3113e+20	 1.5588e-12	 1.2713e-16	 1.5587e-12	 1.0000e-120	 1.0000e-120	 1.0000e-120	 1.0000e-120	 1.0000e-120	 1.0000e-120	 1.0000e-120	 1.0000e-120	 1.0000e-120
4.3652e+20	 1.7698e-12	 2.4516e-18	 1.7698e-12	 1.0000e-120	 1.0000e-120	 1.0000e-120	 1.0000e-120	 1.0000e-120	 1.0000e-120	 1.0000e-120	 1.0000e-120	 1.0000e-120
5.7544e+20	 2.0000e-12	 1.3859e-20	 2.0000e-12	 1.0000e-120	 1.0000e-120	 1.0000e-120	 1.0000e-120	 1.0000e-120	 1.0000e-120	 1.0000e-120	 1.0000e-120	 1.0000e-120
7.5858e+20	 2.2558e-12	 1.5997e-23	 2.2558e-12	 1.0000e-120	 1.0000e-120	 1.0000e-120	 1.0000e-120	 1.0000e-120	 1.0000e-120	 1.0000e-120	 1.0000e-120	 1.0000e-120
1.0000e+21	 2.5400e-12	 2.3839e-27	 2.5400e-12	 1.0000e-120	 1.0000e-120	 1.0000e-120	 1.0000e-120	 1.0000e-120	 1.0000e-120	 1.0000e-120	 1.0000e-120	 1.0000e-120
1.3183e+21	 2.8525e-12	 2.4585e-32	 2.8525e-12	 1.0000e-120	 1.0000e-120	 1.0000e-120	 1.0000e-120	 1.0000e-120	 1.0000e-120	 1.0000e-120	 1.0000e-120	 1.0000e-120
1.7378e+21	 3.2017e-12	 0.0000e+00	 3.2017e-12	 1.0000e-120	 1.0000e-120	 1.0000e-120	 1.0000e-120	 1.0000e-120	 1.0000e-120	 1.0000e-120	 1.0000e-120	 1.0000e-120
2.2909e+21	 3.5724e-12	 0.0000e+00	 3.5724e-12	 1.0000e-120	 1.0000e-120	 1.0000e-120	 1.0000e-120	 1.0000e-120	 1.0000e-120	 1.0000e-120	 1.0000e-120	 1.0000e-120
3.0200e+21	 3.9860e-12	 0.0000e+00	 3.9860e-12	 1.0000e-120	 1.0000e-120	 1.0000e-120	 1.0000e-120	 1.0000e-120	 1.0000e-120	 1.0000e-120	 1.0000e-120	 1.0000e-120
3.9811e+21	 4.4281e-12	 0.0000e+00	 4.4281e-12	 1.0000e-120	 1.0000e-120	 1.0000e-120	 1.0000e-120	 1.0000e-120	 1.0000e-120	 1.0000e-120	 1.0000e-120	 1.0000e-120
5.2481e+21	 4.9126e-12	 0.0000e+00	 4.9126e-12	 1.0000e-120	 1.0000e-120	 1.0000e-120	 1.0000e-120	 1.0000e-120	 1.0000e-120	 1.0000e-120	 1.0000e-120	 1.0000e-120
6.9183e+21	 5.4356e-12	 0.0000e+00	 5.4356e-12	 1.0000e-120	 1.0000e-120	 1.0000e-120	 1.0000e-120	 1.0000e-120	 1.0000e-120	 1.0000e-120	 1.0000e-120	 1.0000e-120
9.1201e+21	 5.9945e-12	 0.0000e+00	 5.9945e-12	 1.0000e-120	 1.0000e-120	 1.0000e-120	 1.0000e-120	 1.0000e-120	 1.0000e-120	 1.0000e-120	 1.0000e-120	 1.0000e-120
1.2023e+22	 6.6062e-12	 0.0000e+00	 6.6062e-12	 1.0000e-120	 1.0000e-120	 1.0000e-120	 1.0000e-120	 1.0000e-120	 1.0000e-120	 1.0000e-120	 1.0000e-120	 1.0000e-120
1.5849e+22	 7.2458e-12	 0.0000e+00	 7.2458e-12	 1.0000e-120	 1.0000e-120	 1.0000e-120	 1.0000e-120	 1.0000e-120	 1.0000e-120	 1.0000e-120	 1.0000e-120	 1.0000e-120
2.0893e+22	 7.9473e-12	 0.0000e+00	 7.9473e-12	 1.0000e-120	 1.0000e-120	 1.0000e-120	 1.0000e-120	 1.0000e-120	 1.0000e-120	 1.0000e-120	 1.0000e-120	 1.0000e-120
2.7542e+22	 8.6768e-12	 0.0000e+00	 8.6768e-12	 1.0000e-120	 1.0000e-120	 1.0000e-120	 1.0000e-120	 1.0000e-120	 1.0000e-120	 1.0000e-120	 1.0000e-120	 1.0000e-120
3.6308e+22	 9.4629e-12	 0.0000e+00	 9.4629e-12	 1.0000e-120	 1.0000e-120	 1.0000e-120	 1.0000e-120	 1.0000e-120	 1.0000e-120	 1.0000e-120	 1.0000e-120	 1.0000e-120
4.7863e+22	 1.0290e-11	 0.0000e+00	 1.0290e-11	 1.0000e-120	 1.0000e-120	 1.0000e-120	 1.0000e-120	 1.0000e-120	 1.0000e-120	 1.0000e-120	 1.0000e-120	 1.0000e-120
6.3096e+22	 1.1156e-11	 0.0000e+00	 1.1156e-11	 1.0000e-120	 1.0000e-120	 1.0000e-120	 1.0000e-120	 1.0000e-120	 1.0000e-120	 1.0000e-120	 1.0000e-120	 1.0000e-120
8.3176e+22	 1.2082e-11	 0.0000e+00	 1.2082e-11	 1.0000e-120	 1.0000e-120	 1.0000e-120	 1.0000e-120	 1.0000e-120	 1.0000e-120	 1.0000e-120	 1.0000e-120	 1.0000e-120
1.0965e+23	 1.3018e-11	 0.0000e+00	 1.3018e-11	 1.0000e-120	 1.0000e-120	 1.0000e-120	 1.0000e-120	 1.0000e-120	 1.0000e-120	 1.0000e-120	 1.0000e-120	 1.0000e-120
1.4454e+23	 1.4027e-11	 0.0000e+00	 1.4027e-11	 1.0000e-120	 1.0000e-120	 1.0000e-120	 1.0000e-120	 1.0000e-120	 1.0000e-120	 1.0000e-120	 1.0000e-120	 1.0000e-120
1.9055e+23	 1.5022e-11	 0.0000e+00	 1.5022e-11	 1.0000e-120	 1.0000e-120	 1.0000e-120	 1.0000e-120	 1.0000e-120	 1.0000e-120	 1.0000e-120	 1.0000e-120	 1.0000e-120
2.5119e+23	 1.6070e-11	 0.0000e+00	 1.6070e-11	 1.0000e-120	 1.0000e-120	 1.0000e-120	 1.0000e-120	 1.0000e-120	 1.0000e-120	 1.0000e-120	 1.0000e-120	 1.0000e-120
3.3113e+23	 1.7118e-11	 0.0000e+00	 1.7118e-11	 1.0000e-120	 1.0000e-120	 1.0000e-120	 1.0000e-120	 1.0000e-120	 1.0000e-120	 1.0000e-120	 1.0000e-120	 1.0000e-120
4.3652e+23	 1.8166e-11	 0.0000e+00	 1.8166e-11	 1.0000e-120	 1.0000e-120	 1.0000e-120	 1.0000e-120	 1.0000e-120	 1.0000e-120	 1.0000e-120	 1.0000e-120	 1.0000e-120
5.7544e+23	 1.9240e-11	 0.0000e+00	 1.9240e-11	 1.0000e-120	 1.0000e-120	 1.0000e-120	 1.0000e-120	 1.0000e-120	 1.0000e-120	 1.0000e-120	 1.0000e-120	 1.0000e-120
7.5858e+23	 2.0232e-11	 0.0000e+00	 2.0232e-11	 1.0000e-120	 1.0000e-120	 1.0000e-120	 1.0000e-120	 1.0000e-120	 1.0000e-120	 1.0000e-120	 1.0000e-120	 1.0000e-120
1.0000e+24	 2.1275e-11	 0.0000e+00	 2.1275e-11	 1.0000e-120	 1.0000e-120	 1.0000e-120	 1.0000e-120	 1.0000e-120	 1.0000e-120	 1.0000e-120	 1.0000e-120	 1.0000e-120
1.3183e+24	 2.2174e-11	 0.0000e+00	 2.2174e-11	 1.0000e-120	 1.0000e-120	 1.0000e-120	 1.0000e-120	 1.0000e-120	 1.0000e-120	 1.0000e-120	 1.0000e-120	 1.0000e-120
1.7378e+24	 2.3088e-11	 0.0000e+00	 2.3088e-11	 1.0000e-120	 1.0000e-120	 1.0000e-120	 1.0000e-120	 1.0000e-120	 1.0000e-120	 1.0000e-120	 1.0000e-120	 1.0000e-120
2.2909e+24	 2.3873e-11	 0.0000e+00	 2.3873e-11	 1.0000e-120	 1.0000e-120	 1.0000e-120	 1.0000e-120	 1.0000e-120	 1.0000e-120	 1.0000e-120	 1.0000e-120	 1.0000e-120
3.0200e+24	 2.4560e-11	 0.0000e+00	 2.4560e-11	 1.0000e-120	 1.0000e-120	 1.0000e-120	 1.0000e-120	 1.0000e-120	 1.0000e-120	 1.0000e-120	 1.0000e-120	 1.0000e-120
3.9811e+24	 2.5166e-11	 0.0000e+00	 2.5166e-11	 1.0000e-120	 1.0000e-120	 1.0000e-120	 1.0000e-120	 1.0000e-120	 1.0000e-120	 1.0000e-120	 1.0000e-120	 1.0000e-120
5.2481e+24	 2.5494e-11	 0.0000e+00	 2.5494e-11	 1.0000e-120	 1.0000e-120	 1.0000e-120	 1.0000e-120	 1.0000e-120	 1.0000e-120	 1.0000e-120	 1.0000e-120	 1.0000e-120
6.9183e+24	 2.5827e-11	 0.0000e+00	 2.5827e-11	 1.0000e-120	 1.0000e-120	 1.0000e-120	 1.0000e-120	 1.0000e-120	 1.0000e-120	 1.0000e-120	 1.0000e-120	 1.0000e-120
9.1201e+24	 2.5686e-11	 0.0000e+00	 2.5686e-11	 1.0000e-120	 1.0000e-120	 1.0000e-120	 1.0000e-120	 1.0000e-120	 1.0000e-120	 1.0000e-120	 1.0000e-120	 1.0000e-120
1.2023e+25	 2.5515e-11	 0.0000e+00	 2.5515e-11	 1.0000e-120	 1.0000e-120	 1.0000e-120	 1.0000e-120	 1.0000e-120	 1.0000e-120	 1.0000e-120	 1.0000e-120	 1.0000e-120
1.5849e+25	 2.4960e-11	 0.0000e+00	 2.4960e-11	 1.0000e-120	 1.0000e-120	 1.0000e-120	 1.0000e-120	 1.0000e-120	 1.0000e-120	 1.0000e-120	 1.0000e-120	 1.0000e-120
2.0893e+25	 2.4189e-11	 0.0000e+00	 2.4189e-11	 1.0000e-120	 1.0000e-120	 1.0000e-120	 1.0000e-120	 1.0000e-120	 1.0000e-120	 1.0000e-120	 1.0000e-120	 1.0000e-120
2.7542e+25	 2.3234e-11	 0.0000e+00	 2.3234e-11	 1.0000e-120	 1.0000e-120	 1.0000e-120	 1.0000e-120	 1.0000e-120	 1.0000e-120	 1.0000e-120	 1.0000e-120	 1.0000e-120
3.6308e+25	 2.1860e-11	 0.0000e+00	 2.1860e-11	 1.0000e-120	 1.0000e-120	 1.0000e-120	 1.0000e-120	 1.0000e-120	 1.0000e-120	 1.0000e-120	 1.0000e-120	 1.0000e-120
4.7863e+25	 2.0566e-11	 0.0000e+00	 2.0566e-11	 1.0000e-120	 1.0000e-120	 1.0000e-120	 1.0000e-120	 1.0000e-120	 1.0000e-120	 1.0000e-120	 1.0000e-120	 1.0000e-120
6.3096e+25	 1.8704e-11	 0.0000e+00	 1.8704e-11	 1.0000e-120	 1.0000e-120	 1.0000e-120	 1.0000e-120	 1.0000e-120	 1.0000e-120	 1.0000e-120	 1.0000e-120	 1.0000e-120
8.3176e+25	 1.7000e-11	 0.0000e+00	 1.7000e-11	 1.0000e-120	 1.0000e-120	 1.0000e-120	 1.0000e-120	 1.0000e-120	 1.0000e-120	 1.0000e-120	 1.0000e-120	 1.0000e-120
1.0965e+26	 1.5045e-11	 0.0000e+00	 1.5045e-11	 1.0000e-120	 1.0000e-120	 1.0000e-120	 1.0000e-120	 1.0000e-120	 1.0000e-120	 1.0000e-120	 1.0000e-120	 1.0000e-120
1.4454e+26	 1.3136e-11	 0.0000e+00	 1.3136e-11	 1.0000e-120	 1.0000e-120	 1.0000e-120	 1.0000e-120	 1.0000e-120	 1.0000e-120	 1.0000e-120	 1.0000e-120	 1.0000e-120
1.9055e+26	 1.1280e-11	 0.0000e+00	 1.1280e-11	 1.0000e-120	 1.0000e-120	 1.0000e-120	 1.0000e-120	 1.0000e-120	 1.0000e-120	 1.0000e-120	 1.0000e-120	 1.0000e-120
2.5119e+26	 9.3841e-12	 0.0000e+00	 9.3841e-12	 1.0000e-120	 1.0000e-120	 1.0000e-120	 1.0000e-120	 1.0000e-120	 1.0000e-120	 1.0000e-120	 1.0000e-120	 1.0000e-120
3.3113e+26	 7.7944e-12	 0.0000e+00	 7.7944e-12	 1.0000e-120	 1.0000e-120	 1.0000e-120	 1.0000e-120	 1.0000e-120	 1.0000e-120	 1.0000e-120	 1.0000e-120	 1.0000e-120
4.3652e+26	 6.0876e-12	 0.0000e+00	 6.0876e-12	 1.0000e-120	 1.0000e-120	 1.0000e-120	 1.0000e-120	 1.0000e-120	 1.0000e-120	 1.0000e-120	 1.0000e-120	 1.0000e-120
5.7544e+26	 4.7545e-12	 0.0000e+00	 4.7545e-12	 1.0000e-120	 1.0000e-120	 1.0000e-120	 1.0000e-120	 1.0000e-120	 1.0000e-120	 1.0000e-120	 1.0000e-120	 1.0000e-120
7.5858e+26	 3.4628e-12	 0.0000e+00	 3.4628e-12	 1.0000e-120	 1.0000e-120	 1.0000e-120	 1.0000e-120	 1.0000e-120	 1.0000e-120	 1.0000e-120	 1.0000e-120	 1.0000e-120
1.0000e+27	 2.4500e-12	 0.0000e+00	 2.4500e-12	 1.0000e-120	 1.0000e-120	 1.0000e-120	 1.0000e-120	 1.0000e-120	 1.0000e-120	 1.0000e-120	 1.0000e-120	 1.0000e-120
1.3183e+27	 1.5950e-12	 0.0000e+00	 1.5950e-12	 1.0000e-120	 1.0000e-120	 1.0000e-120	 1.0000e-120	 1.0000e-120	 1.0000e-120	 1.0000e-120	 1.0000e-120	 1.0000e-120
1.7378e+27	 9.1057e-13	 0.0000e+00	 9.1057e-13	 1.0000e-120	 1.0000e-120	 1.0000e-120	 1.0000e-120	 1.0000e-120	 1.0000e-120	 1.0000e-120	 1.0000e-120	 1.0000e-120
2.2909e+27	 4.8395e-13	 0.0000e+00	 4.8395e-13	 1.0000e-120	 1.0000e-120	 1.0000e-120	 1.0000e-120	 1.0000e-120	 1.0000e-120	 1.0000e-120	 1.0000e-120	 1.0000e-120
3.0200e+27	 9.8117e-14	 0.0000e+00	 9.8117e-14	 1.0000e-120	 1.0000e-120	 1.0000e-120	 1.0000e-120	 1.0000e-120	 1.0000e-120	 1.0000e-120	 1.0000e-120	 1.0000e-120
3.9811e+27	 1.9892e-14	 0.0000e+00	 1.9892e-14	 1.0000e-120	 1.0000e-120	 1.0000e-120	 1.0000e-120	 1.0000e-120	 1.0000e-120	 1.0000e-120	 1.0000e-120	 1.0000e-120
5.2481e+27	 6.1534e-49	 0.0000e+00	 6.1534e-49	 1.0000e-120	 1.0000e-120	 1.0000e-120	 1.0000e-120	 1.0000e-120	 1.0000e-120	 1.0000e-120	 1.0000e-120	 1.0000e-120
6.9183e+27	 1.0535e-94	 0.0000e+00	 1.0535e-94	 1.0000e-120	 1.0000e-120	 1.0000e-120	 1.0000e-120	 1.0000e-120	 1.0000e-120	 1.0000e-120	 1.0000e-120	 1.0000e-120
9.1201e+27	 0.0000e+00	 0.0000e+00	 0.0000e+00	 1.0000e-120	 1.0000e-120	 1.0000e-120	 1.0000e-120	 1.0000e-120	 1.0000e-120	 1.0000e-120	 1.0000e-120	 1.0000e-120
1.2023e+28	 0.0000e+00	 0.0000e+00	 0.0000e+00	 1.0000e-120	 1.0000e-120	 1.0000e-120	 1.0000e-120	 1.0000e-120	 1.0000e-120	 1.0000e-120	 1.0000e-120	 1.0000e-120
1.5849e+28	 0.0000e+00	 0.0000e+00	 0.0000e+00	 1.0000e-120	 1.0000e-120	 1.0000e-120	 1.0000e-120	 1.0000e-120	 1.0000e-120	 1.0000e-120	 1.0000e-120	 1.0000e-120
2.0893e+28	 0.0000e+00	 0.0000e+00	 0.0000e+00	 1.0000e-120	 1.0000e-120	 1.0000e-120	 1.0000e-120	 1.0000e-120	 1.0000e-120	 1.0000e-120	 1.0000e-120	 1.0000e-120
2.7542e+28	 0.0000e+00	 0.0000e+00	 0.0000e+00	 1.0000e-120	 1.0000e-120	 1.0000e-120	 1.0000e-120	 1.0000e-120	 1.0000e-120	 1.0000e-120	 1.0000e-120	 1.0000e-120
3.6308e+28	 0.0000e+00	 0.0000e+00	 0.0000e+00	 1.0000e-120	 1.0000e-120	 1.0000e-120	 1.0000e-120	 1.0000e-120	 1.0000e-120	 1.0000e-120	 1.0000e-120	 1.0000e-120
4.7863e+28	 0.0000e+00	 0.0000e+00	 0.0000e+00	 1.0000e-120	 1.0000e-120	 1.0000e-120	 1.0000e-120	 1.0000e-120	 1.0000e-120	 1.0000e-120	 1.0000e-120	 1.0000e-120
6.3096e+28	 0.0000e+00	 0.0000e+00	 0.0000e+00	 1.0000e-120	 1.0000e-120	 1.0000e-120	 1.0000e-120	 1.0000e-120	 1.0000e-120	 1.0000e-120	 1.0000e-120	 1.0000e-120
8.3176e+28	 0.0000e+00	 0.0000e+00	 0.0000e+00	 1.0000e-120	 1.0000e-120	 1.0000e-120	 1.0000e-120	 1.0000e-120	 1.0000e-120	 1.0000e-120	 1.0000e-120	 1.0000e-120
1.0965e+29	 0.0000e+00	 0.0000e+00	 0.0000e+00	 1.0000e-120	 1.0000e-120	 1.0000e-120	 1.0000e-120	 1.0000e-120	 1.0000e-120	 1.0000e-120	 1.0000e-120	 1.0000e-120
1.4454e+29	 0.0000e+00	 0.0000e+00	 0.0000e+00	 1.0000e-120	 1.0000e-120	 1.0000e-120	 1.0000e-120	 1.0000e-120	 1.0000e-120	 1.0000e-120	 1.0000e-120	 1.0000e-120
1.9055e+29	 0.0000e+00	 0.0000e+00	 0.0000e+00	 1.0000e-120	 1.0000e-120	 1.0000e-120	 1.0000e-120	 1.0000e-120	 1.0000e-120	 1.0000e-120	 1.0000e-120	 1.0000e-120
2.5119e+29	 0.0000e+00	 0.0000e+00	 0.0000e+00	 1.0000e-120	 1.0000e-120	 1.0000e-120	 1.0000e-120	 1.0000e-120	 1.0000e-120	 1.0000e-120	 1.0000e-120	 1.0000e-120
3.3113e+29	 0.0000e+00	 0.0000e+00	 0.0000e+00	 1.0000e-120	 1.0000e-120	 1.0000e-120	 1.0000e-120	 1.0000e-120	 1.0000e-120	 1.0000e-120	 1.0000e-120	 1.0000e-120
4.3652e+29	 0.0000e+00	 0.0000e+00	 0.0000e+00	 1.0000e-120	 1.0000e-120	 1.0000e-120	 1.0000e-120	 1.0000e-120	 1.0000e-120	 1.0000e-120	 1.0000e-120	 1.0000e-120
5.7544e+29	 0.0000e+00	 0.0000e+00	 0.0000e+00	 1.0000e-120	 1.0000e-120	 1.0000e-120	 1.0000e-120	 1.0000e-120	 1.0000e-120	 1.0000e-120	 1.0000e-120	 1.0000e-120
7.5858e+29	 0.0000e+00	 0.0000e+00	 0.0000e+00	 1.0000e-120	 1.0000e-120	 1.0000e-120	 1.0000e-120	 1.0000e-120	 1.0000e-120	 1.0000e-120	 1.0000e-120	 1.0000e-120
