#################################################################
# log(gamma)     log(N(gamma))   gamma     N(gamma)  TeV N(TeV) # 
#################################################################
3.023516e+00	-4.151586e+00	1.055641e+03	7.053657e-05	5.394315e-04	1.380366e+02
3.026819e+00	-4.158799e+00	1.063699e+03	6.937463e-05	5.435488e-04	1.357628e+02
3.030096e+00	-4.165959e+00	1.071756e+03	6.824037e-05	5.476661e-04	1.335431e+02
3.033398e+00	-4.173172e+00	1.079936e+03	6.711624e-05	5.518462e-04	1.313432e+02
3.036675e+00	-4.180332e+00	1.088116e+03	6.601888e-05	5.560263e-04	1.291957e+02
3.039978e+00	-4.187546e+00	1.096422e+03	6.493133e-05	5.602703e-04	1.270674e+02
3.043255e+00	-4.194705e+00	1.104727e+03	6.386968e-05	5.645142e-04	1.249899e+02
3.046557e+00	-4.201919e+00	1.113159e+03	6.281751e-05	5.688229e-04	1.229308e+02
3.049834e+00	-4.209079e+00	1.121591e+03	6.179041e-05	5.731316e-04	1.209208e+02
3.053137e+00	-4.216293e+00	1.130151e+03	6.077248e-05	5.775061e-04	1.189288e+02
3.056414e+00	-4.223453e+00	1.138712e+03	5.977880e-05	5.818806e-04	1.169842e+02
3.059716e+00	-4.230667e+00	1.147403e+03	5.879399e-05	5.863219e-04	1.150570e+02
3.062993e+00	-4.237827e+00	1.156095e+03	5.783265e-05	5.907632e-04	1.131757e+02
3.066296e+00	-4.245041e+00	1.164919e+03	5.687988e-05	5.952723e-04	1.113112e+02
3.069573e+00	-4.252201e+00	1.173743e+03	5.594982e-05	5.997813e-04	1.094911e+02
3.072875e+00	-4.259416e+00	1.182702e+03	5.502806e-05	6.043592e-04	1.076872e+02
3.076152e+00	-4.266576e+00	1.191660e+03	5.412826e-05	6.089371e-04	1.059264e+02
3.079455e+00	-4.273791e+00	1.200756e+03	5.323650e-05	6.135849e-04	1.041812e+02
3.082732e+00	-4.280951e+00	1.209851e+03	5.236598e-05	6.182327e-04	1.024777e+02
3.086034e+00	-4.288166e+00	1.219086e+03	5.150323e-05	6.229514e-04	1.007893e+02
3.089312e+00	-4.295326e+00	1.228320e+03	5.066104e-05	6.276702e-04	9.914120e+01
3.092614e+00	-4.302541e+00	1.237695e+03	4.982637e-05	6.324609e-04	9.750778e+01
3.095891e+00	-4.309701e+00	1.247071e+03	4.901159e-05	6.372517e-04	9.591329e+01
3.099193e+00	-4.316916e+00	1.256589e+03	4.820408e-05	6.421156e-04	9.433303e+01
3.102471e+00	-4.324077e+00	1.266107e+03	4.741581e-05	6.469795e-04	9.279043e+01
3.105773e+00	-4.331292e+00	1.275771e+03	4.663457e-05	6.519177e-04	9.126159e+01
3.109050e+00	-4.338453e+00	1.285435e+03	4.587196e-05	6.568558e-04	8.976918e+01
3.112352e+00	-4.345668e+00	1.295246e+03	4.511615e-05	6.618693e-04	8.829010e+01
3.115630e+00	-4.352829e+00	1.305057e+03	4.437835e-05	6.668829e-04	8.684626e+01
3.118932e+00	-4.360044e+00	1.315018e+03	4.364713e-05	6.719729e-04	8.541531e+01
3.122209e+00	-4.367205e+00	1.324979e+03	4.293334e-05	6.770630e-04	8.401846e+01
3.125511e+00	-4.374421e+00	1.335092e+03	4.222592e-05	6.822308e-04	8.263407e+01
3.128789e+00	-4.381582e+00	1.345205e+03	4.153536e-05	6.873985e-04	8.128268e+01
3.132091e+00	-4.388798e+00	1.355473e+03	4.085096e-05	6.926452e-04	7.994335e+01
3.135368e+00	-4.395959e+00	1.365740e+03	4.018287e-05	6.978918e-04	7.863593e+01
3.138670e+00	-4.403175e+00	1.376165e+03	3.952075e-05	7.032186e-04	7.734019e+01
3.141948e+00	-4.410336e+00	1.386589e+03	3.887440e-05	7.085453e-04	7.607532e+01
3.145250e+00	-4.417552e+00	1.397172e+03	3.823383e-05	7.139534e-04	7.482174e+01
3.148527e+00	-4.424714e+00	1.407755e+03	3.760852e-05	7.193614e-04	7.359804e+01
3.151829e+00	-4.431930e+00	1.418500e+03	3.698879e-05	7.248521e-04	7.238526e+01
3.155107e+00	-4.439092e+00	1.429245e+03	3.638382e-05	7.303427e-04	7.120137e+01
3.158409e+00	-4.446308e+00	1.440154e+03	3.578426e-05	7.359171e-04	7.002806e+01
3.161686e+00	-4.453470e+00	1.451063e+03	3.519899e-05	7.414915e-04	6.888271e+01
3.164988e+00	-4.460686e+00	1.462138e+03	3.461894e-05	7.471511e-04	6.774759e+01
3.168266e+00	-4.467848e+00	1.473214e+03	3.405272e-05	7.528106e-04	6.663951e+01
3.171568e+00	-4.475065e+00	1.484458e+03	3.349155e-05	7.585565e-04	6.554133e+01
3.174845e+00	-4.482227e+00	1.495703e+03	3.294375e-05	7.643024e-04	6.446932e+01
3.178147e+00	-4.489444e+00	1.507119e+03	3.240084e-05	7.701360e-04	6.340687e+01
3.181425e+00	-4.496606e+00	1.518535e+03	3.187087e-05	7.759697e-04	6.236975e+01
3.184727e+00	-4.503823e+00	1.530125e+03	3.134564e-05	7.818924e-04	6.134189e+01
3.188004e+00	-4.510985e+00	1.541716e+03	3.083292e-05	7.878150e-04	6.033852e+01
3.191307e+00	-4.518202e+00	1.553483e+03	3.032477e-05	7.938281e-04	5.934411e+01
3.194584e+00	-4.525365e+00	1.565250e+03	2.982874e-05	7.998412e-04	5.837339e+01
3.197886e+00	-4.532582e+00	1.577197e+03	2.933714e-05	8.059461e-04	5.741135e+01
3.201163e+00	-4.539745e+00	1.589144e+03	2.885725e-05	8.120510e-04	5.647223e+01
3.204466e+00	-4.546962e+00	1.601274e+03	2.838164e-05	8.182491e-04	5.554149e+01
3.207743e+00	-4.554125e+00	1.613403e+03	2.791737e-05	8.244472e-04	5.463294e+01
3.211045e+00	-4.561343e+00	1.625717e+03	2.745725e-05	8.307399e-04	5.373250e+01
3.214322e+00	-4.568506e+00	1.638032e+03	2.700809e-05	8.370325e-04	5.285352e+01
3.217625e+00	-4.575724e+00	1.650534e+03	2.656294e-05	8.434213e-04	5.198239e+01
3.220902e+00	-4.582887e+00	1.663037e+03	2.612840e-05	8.498100e-04	5.113201e+01
3.224204e+00	-4.590105e+00	1.675730e+03	2.569774e-05	8.562963e-04	5.028923e+01
3.227481e+00	-4.597269e+00	1.688424e+03	2.527735e-05	8.627826e-04	4.946654e+01
3.230784e+00	-4.604487e+00	1.701311e+03	2.486071e-05	8.693679e-04	4.865119e+01
3.234061e+00	-4.611650e+00	1.714198e+03	2.445399e-05	8.759532e-04	4.785527e+01
3.237363e+00	-4.618868e+00	1.727282e+03	2.405091e-05	8.826390e-04	4.706646e+01
3.240640e+00	-4.626032e+00	1.740365e+03	2.365744e-05	8.893248e-04	4.629645e+01
3.243943e+00	-4.633251e+00	1.753649e+03	2.326748e-05	8.961127e-04	4.553332e+01
3.247220e+00	-4.640415e+00	1.766933e+03	2.288681e-05	9.029006e-04	4.478837e+01
3.250522e+00	-4.647633e+00	1.780419e+03	2.250954e-05	9.097921e-04	4.405008e+01
3.253799e+00	-4.654798e+00	1.793905e+03	2.214127e-05	9.166836e-04	4.332938e+01
3.257102e+00	-4.662016e+00	1.807597e+03	2.177628e-05	9.236803e-04	4.261512e+01
3.260379e+00	-4.669181e+00	1.821290e+03	2.141999e-05	9.306770e-04	4.191788e+01
3.263681e+00	-4.676400e+00	1.835191e+03	2.106689e-05	9.377805e-04	4.122687e+01
3.266959e+00	-4.683564e+00	1.849092e+03	2.072219e-05	9.448840e-04	4.055233e+01
3.270261e+00	-4.690783e+00	1.863205e+03	2.038058e-05	9.520959e-04	3.988381e+01
3.273538e+00	-4.697948e+00	1.877319e+03	2.004711e-05	9.593079e-04	3.923122e+01
3.276840e+00	-4.705168e+00	1.891648e+03	1.971662e-05	9.666299e-04	3.858447e+01
3.280118e+00	-4.712333e+00	1.905977e+03	1.939400e-05	9.739519e-04	3.795312e+01
3.283420e+00	-4.719552e+00	1.920524e+03	1.907427e-05	9.813857e-04	3.732742e+01
3.286697e+00	-4.726717e+00	1.935072e+03	1.876216e-05	9.888196e-04	3.671663e+01
3.289999e+00	-4.733937e+00	1.949841e+03	1.845283e-05	9.963668e-04	3.611129e+01
3.293277e+00	-4.741102e+00	1.964611e+03	1.815088e-05	1.003914e-03	3.552039e+01
3.296579e+00	-4.748322e+00	1.979606e+03	1.785162e-05	1.011577e-03	3.493476e+01
3.299856e+00	-4.755488e+00	1.994601e+03	1.755950e-05	1.019239e-03	3.436309e+01
3.303158e+00	-4.762708e+00	2.009825e+03	1.726999e-05	1.027019e-03	3.379652e+01
3.306436e+00	-4.769874e+00	2.025049e+03	1.698737e-05	1.034798e-03	3.324346e+01
3.309738e+00	-4.777094e+00	2.040506e+03	1.670728e-05	1.042696e-03	3.269534e+01
3.313015e+00	-4.784260e+00	2.055962e+03	1.643387e-05	1.050594e-03	3.216028e+01
3.316317e+00	-4.791481e+00	2.071655e+03	1.616290e-05	1.058613e-03	3.163001e+01
3.319595e+00	-4.798647e+00	2.087347e+03	1.589839e-05	1.066632e-03	3.111237e+01
3.322897e+00	-4.805868e+00	2.103279e+03	1.563624e-05	1.074773e-03	3.059935e+01
3.326174e+00	-4.813034e+00	2.119211e+03	1.538034e-05	1.082914e-03	3.009857e+01
3.329476e+00	-4.820255e+00	2.135386e+03	1.512672e-05	1.091180e-03	2.960226e+01
3.332754e+00	-4.827422e+00	2.151561e+03	1.487915e-05	1.099445e-03	2.911777e+01
3.336056e+00	-4.834643e+00	2.167983e+03	1.463379e-05	1.107837e-03	2.863762e+01
3.339333e+00	-4.841810e+00	2.184405e+03	1.439428e-05	1.116229e-03	2.816891e+01
3.342635e+00	-4.849031e+00	2.201078e+03	1.415691e-05	1.124748e-03	2.770439e+01
3.345913e+00	-4.856199e+00	2.217751e+03	1.392520e-05	1.133268e-03	2.725094e+01
3.349215e+00	-4.863420e+00	2.234678e+03	1.369556e-05	1.141918e-03	2.680154e+01
3.352492e+00	-4.870588e+00	2.251605e+03	1.347139e-05	1.150568e-03	2.636286e+01
3.355794e+00	-4.877809e+00	2.268791e+03	1.324923e-05	1.159350e-03	2.592809e+01
3.359072e+00	-4.884977e+00	2.285977e+03	1.303236e-05	1.168132e-03	2.550369e+01
3.362374e+00	-4.892199e+00	2.303425e+03	1.281743e-05	1.177047e-03	2.508308e+01
3.365651e+00	-4.899367e+00	2.320873e+03	1.260762e-05	1.185963e-03	2.467249e+01
3.368954e+00	-4.906589e+00	2.338587e+03	1.239968e-05	1.195015e-03	2.426558e+01
3.372231e+00	-4.913757e+00	2.356301e+03	1.219671e-05	1.204067e-03	2.386836e+01
3.375533e+00	-4.920980e+00	2.374286e+03	1.199554e-05	1.213258e-03	2.347469e+01
3.378810e+00	-4.928148e+00	2.392271e+03	1.179917e-05	1.222448e-03	2.309041e+01
3.382113e+00	-4.935371e+00	2.410530e+03	1.160456e-05	1.231778e-03	2.270956e+01
3.385390e+00	-4.942540e+00	2.428789e+03	1.141459e-05	1.241109e-03	2.233779e+01
3.388692e+00	-4.949763e+00	2.447327e+03	1.122631e-05	1.250582e-03	2.196934e+01
3.391969e+00	-4.956932e+00	2.465865e+03	1.104252e-05	1.260055e-03	2.160968e+01
3.395272e+00	-4.964155e+00	2.484686e+03	1.086038e-05	1.269672e-03	2.125323e+01
3.398549e+00	-4.971324e+00	2.503507e+03	1.068257e-05	1.279290e-03	2.090527e+01
3.401851e+00	-4.978548e+00	2.522616e+03	1.050636e-05	1.289054e-03	2.056043e+01
3.405128e+00	-4.985717e+00	2.541724e+03	1.033434e-05	1.298818e-03	2.022381e+01
3.408431e+00	-4.992941e+00	2.561124e+03	1.016387e-05	1.308732e-03	1.989019e+01
3.411708e+00	-5.000111e+00	2.580524e+03	9.997453e-06	1.318645e-03	1.956453e+01
3.415010e+00	-5.007335e+00	2.600220e+03	9.832527e-06	1.328710e-03	1.924178e+01
3.418287e+00	-5.014505e+00	2.619916e+03	9.671533e-06	1.338774e-03	1.892672e+01
3.421590e+00	-5.021729e+00	2.639913e+03	9.511978e-06	1.348993e-03	1.861448e+01
3.424867e+00	-5.028899e+00	2.659910e+03	9.356227e-06	1.359211e-03	1.830968e+01
3.428169e+00	-5.036124e+00	2.680212e+03	9.201868e-06	1.369585e-03	1.800761e+01
3.431446e+00	-5.043294e+00	2.700514e+03	9.051189e-06	1.379960e-03	1.771274e+01
3.434749e+00	-5.050519e+00	2.721126e+03	8.901856e-06	1.390493e-03	1.742050e+01
3.438026e+00	-5.057690e+00	2.741738e+03	8.756084e-06	1.401025e-03	1.713523e+01
3.441328e+00	-5.064915e+00	2.762665e+03	8.611615e-06	1.411719e-03	1.685251e+01
3.444606e+00	-5.072086e+00	2.783592e+03	8.470590e-06	1.422412e-03	1.657653e+01
3.447908e+00	-5.079312e+00	2.804838e+03	8.330826e-06	1.433269e-03	1.630302e+01
3.451185e+00	-5.086483e+00	2.826084e+03	8.194394e-06	1.444126e-03	1.603603e+01
3.454487e+00	-5.093709e+00	2.847654e+03	8.059182e-06	1.455148e-03	1.577143e+01
3.457765e+00	-5.100881e+00	2.869225e+03	7.927193e-06	1.466171e-03	1.551313e+01
3.461067e+00	-5.108107e+00	2.891124e+03	7.796384e-06	1.477361e-03	1.525714e+01
3.464344e+00	-5.115279e+00	2.913024e+03	7.668694e-06	1.488552e-03	1.500726e+01
3.467646e+00	-5.122505e+00	2.935258e+03	7.542146e-06	1.499914e-03	1.475961e+01
3.470924e+00	-5.129677e+00	2.957492e+03	7.418614e-06	1.511275e-03	1.451787e+01
3.474226e+00	-5.136904e+00	2.980065e+03	7.296187e-06	1.522810e-03	1.427828e+01
3.477503e+00	-5.144076e+00	3.002639e+03	7.176680e-06	1.534345e-03	1.404441e+01
3.480805e+00	-5.151304e+00	3.025557e+03	7.058240e-06	1.546056e-03	1.381263e+01
3.484083e+00	-5.158476e+00	3.048475e+03	6.942625e-06	1.557767e-03	1.358638e+01
3.487385e+00	-5.165704e+00	3.071743e+03	6.828043e-06	1.569657e-03	1.336215e+01
3.490662e+00	-5.172877e+00	3.095011e+03	6.716194e-06	1.581547e-03	1.314326e+01
3.493964e+00	-5.180105e+00	3.118634e+03	6.605344e-06	1.593618e-03	1.292634e+01
3.497242e+00	-5.187278e+00	3.142257e+03	6.497138e-06	1.605690e-03	1.271458e+01
3.500544e+00	-5.194506e+00	3.166240e+03	6.389899e-06	1.617945e-03	1.250472e+01
3.503821e+00	-5.201680e+00	3.190224e+03	6.285217e-06	1.630201e-03	1.229986e+01
3.507123e+00	-5.208908e+00	3.214574e+03	6.181472e-06	1.642644e-03	1.209684e+01
3.510401e+00	-5.216082e+00	3.238924e+03	6.080200e-06	1.655086e-03	1.189866e+01
3.513703e+00	-5.223311e+00	3.263645e+03	5.979834e-06	1.667719e-03	1.170224e+01
3.516980e+00	-5.230485e+00	3.288366e+03	5.881861e-06	1.680352e-03	1.151052e+01
3.520282e+00	-5.237714e+00	3.313465e+03	5.784764e-06	1.693177e-03	1.132050e+01
3.523560e+00	-5.244889e+00	3.338564e+03	5.689983e-06	1.706003e-03	1.113502e+01
3.526862e+00	-5.252119e+00	3.364046e+03	5.596049e-06	1.719024e-03	1.095120e+01
3.530139e+00	-5.259294e+00	3.389528e+03	5.504355e-06	1.732045e-03	1.077175e+01
3.533441e+00	-5.266523e+00	3.415399e+03	5.413481e-06	1.745265e-03	1.059392e+01
3.536719e+00	-5.273699e+00	3.441270e+03	5.324775e-06	1.758485e-03	1.042033e+01
3.540021e+00	-5.280929e+00	3.467536e+03	5.236862e-06	1.771907e-03	1.024828e+01
3.543298e+00	-5.288105e+00	3.493802e+03	5.151045e-06	1.785329e-03	1.008034e+01
3.546601e+00	-5.295335e+00	3.520469e+03	5.065996e-06	1.798956e-03	9.913907e+00
3.549878e+00	-5.302511e+00	3.547136e+03	4.982975e-06	1.812582e-03	9.751439e+00
3.553180e+00	-5.309742e+00	3.574210e+03	4.900697e-06	1.826417e-03	9.590425e+00
3.556457e+00	-5.316919e+00	3.601284e+03	4.820380e-06	1.840252e-03	9.433250e+00
3.559760e+00	-5.324150e+00	3.628771e+03	4.740783e-06	1.854298e-03	9.277481e+00
3.563037e+00	-5.331327e+00	3.656258e+03	4.663084e-06	1.868344e-03	9.125428e+00
3.566339e+00	-5.338558e+00	3.684165e+03	4.586079e-06	1.882604e-03	8.974734e+00
3.569616e+00	-5.345736e+00	3.712072e+03	4.510912e-06	1.896865e-03	8.827635e+00
3.572919e+00	-5.352968e+00	3.740405e+03	4.436416e-06	1.911343e-03	8.681851e+00
3.576196e+00	-5.360145e+00	3.768737e+03	4.363698e-06	1.925821e-03	8.539544e+00
3.579498e+00	-5.367378e+00	3.797503e+03	4.291630e-06	1.940520e-03	8.398511e+00
3.582775e+00	-5.374556e+00	3.826268e+03	4.221281e-06	1.955219e-03	8.260841e+00
3.586078e+00	-5.381789e+00	3.855473e+03	4.151561e-06	1.970142e-03	8.124403e+00
3.589355e+00	-5.388967e+00	3.884677e+03	4.083504e-06	1.985066e-03	7.991219e+00
3.592657e+00	-5.396200e+00	3.914327e+03	4.016056e-06	2.000217e-03	7.859227e+00
3.595934e+00	-5.403379e+00	3.943978e+03	3.950217e-06	2.015368e-03	7.730383e+00
3.599237e+00	-5.410613e+00	3.974080e+03	3.884967e-06	2.030751e-03	7.602692e+00
3.602514e+00	-5.417792e+00	4.004183e+03	3.821274e-06	2.046133e-03	7.478046e+00
3.605816e+00	-5.425026e+00	4.034746e+03	3.758150e-06	2.061751e-03	7.354516e+00
3.609093e+00	-5.432206e+00	4.065308e+03	3.696532e-06	2.077368e-03	7.233933e+00
3.612396e+00	-5.439440e+00	4.096337e+03	3.635465e-06	2.093224e-03	7.114428e+00
3.615673e+00	-5.446620e+00	4.127366e+03	3.575855e-06	2.109080e-03	6.997775e+00
3.618975e+00	-5.453855e+00	4.158869e+03	3.516779e-06	2.125177e-03	6.882165e+00
3.622253e+00	-5.461035e+00	4.190371e+03	3.459111e-06	2.141275e-03	6.769312e+00
3.625555e+00	-5.468271e+00	4.222355e+03	3.401960e-06	2.157619e-03	6.657470e+00
3.628832e+00	-5.475452e+00	4.254338e+03	3.346172e-06	2.173962e-03	6.548296e+00
3.632134e+00	-5.482687e+00	4.286810e+03	3.290884e-06	2.190555e-03	6.440099e+00
3.635412e+00	-5.489869e+00	4.319282e+03	3.236914e-06	2.207148e-03	6.334483e+00
3.638714e+00	-5.497105e+00	4.352249e+03	3.183427e-06	2.223995e-03	6.229812e+00
3.641991e+00	-5.504287e+00	4.385217e+03	3.131217e-06	2.240841e-03	6.127639e+00
3.645293e+00	-5.511524e+00	4.418687e+03	3.079473e-06	2.257944e-03	6.026380e+00
3.648571e+00	-5.518706e+00	4.452158e+03	3.028964e-06	2.275048e-03	5.927536e+00
3.651873e+00	-5.525943e+00	4.486140e+03	2.978908e-06	2.292413e-03	5.829577e+00
3.655150e+00	-5.533126e+00	4.520121e+03	2.930045e-06	2.309777e-03	5.733956e+00
3.658452e+00	-5.540363e+00	4.554622e+03	2.881620e-06	2.327407e-03	5.639190e+00
3.661730e+00	-5.547546e+00	4.589122e+03	2.834350e-06	2.345036e-03	5.546685e+00
3.665032e+00	-5.554785e+00	4.624149e+03	2.787504e-06	2.362935e-03	5.455009e+00
3.668309e+00	-5.561968e+00	4.659176e+03	2.741775e-06	2.380834e-03	5.365519e+00
3.671611e+00	-5.569207e+00	4.694738e+03	2.696455e-06	2.399006e-03	5.276831e+00
3.674889e+00	-5.576391e+00	4.730300e+03	2.652217e-06	2.417178e-03	5.190259e+00
3.678191e+00	-5.583630e+00	4.766404e+03	2.608375e-06	2.435627e-03	5.104462e+00
3.681468e+00	-5.590815e+00	4.802509e+03	2.565579e-06	2.454077e-03	5.020712e+00
3.684770e+00	-5.598054e+00	4.839165e+03	2.523166e-06	2.472808e-03	4.937713e+00
3.688048e+00	-5.605239e+00	4.875820e+03	2.481765e-06	2.491539e-03	4.856693e+00
3.691350e+00	-5.612479e+00	4.913036e+03	2.440735e-06	2.510556e-03	4.776399e+00
3.694627e+00	-5.619665e+00	4.950251e+03	2.400683e-06	2.529573e-03	4.698021e+00
3.697929e+00	-5.626906e+00	4.988034e+03	2.360991e-06	2.548880e-03	4.620345e+00
3.701207e+00	-5.634092e+00	5.025818e+03	2.322246e-06	2.568187e-03	4.544522e+00
3.704509e+00	-5.641333e+00	5.064178e+03	2.283847e-06	2.587789e-03	4.469378e+00
3.707786e+00	-5.648520e+00	5.102538e+03	2.246365e-06	2.607391e-03	4.396027e+00
3.711088e+00	-5.655761e+00	5.141484e+03	2.209219e-06	2.627293e-03	4.323334e+00
3.714366e+00	-5.662948e+00	5.180429e+03	2.172959e-06	2.647194e-03	4.252375e+00
3.717668e+00	-5.670191e+00	5.219970e+03	2.137024e-06	2.667399e-03	4.182052e+00
3.720945e+00	-5.677378e+00	5.259510e+03	2.101946e-06	2.687604e-03	4.113407e+00
3.724247e+00	-5.684621e+00	5.299654e+03	2.067183e-06	2.708117e-03	4.045376e+00
3.727525e+00	-5.691809e+00	5.339798e+03	2.033249e-06	2.728631e-03	3.978970e+00
3.730827e+00	-5.699053e+00	5.380554e+03	1.999619e-06	2.749457e-03	3.913158e+00
3.734104e+00	-5.706242e+00	5.421311e+03	1.966792e-06	2.770284e-03	3.848917e+00
3.737407e+00	-5.713485e+00	5.462690e+03	1.934259e-06	2.791429e-03	3.785251e+00
3.740684e+00	-5.720675e+00	5.504069e+03	1.902502e-06	2.812573e-03	3.723105e+00
3.743986e+00	-5.727919e+00	5.546079e+03	1.871030e-06	2.834040e-03	3.661516e+00
3.747263e+00	-5.735109e+00	5.588090e+03	1.840309e-06	2.855508e-03	3.601396e+00
3.750566e+00	-5.742354e+00	5.630741e+03	1.809864e-06	2.877303e-03	3.541815e+00
3.753843e+00	-5.749545e+00	5.673393e+03	1.780145e-06	2.899098e-03	3.483657e+00
3.757145e+00	-5.756790e+00	5.716696e+03	1.750692e-06	2.921225e-03	3.426019e+00
3.760422e+00	-5.763981e+00	5.759999e+03	1.721942e-06	2.943353e-03	3.369757e+00
3.763725e+00	-5.771228e+00	5.803963e+03	1.693450e-06	2.965819e-03	3.314000e+00
3.767002e+00	-5.778419e+00	5.847927e+03	1.665638e-06	2.988284e-03	3.259573e+00
3.770304e+00	-5.785666e+00	5.892562e+03	1.638075e-06	3.011093e-03	3.205634e+00
3.773581e+00	-5.792858e+00	5.937197e+03	1.611171e-06	3.033901e-03	3.152982e+00
3.776884e+00	-5.800106e+00	5.982513e+03	1.584507e-06	3.057058e-03	3.100803e+00
3.780161e+00	-5.807299e+00	6.027829e+03	1.558480e-06	3.080214e-03	3.049869e+00
3.783463e+00	-5.814547e+00	6.073837e+03	1.532686e-06	3.103724e-03	2.999392e+00
3.786740e+00	-5.821740e+00	6.119846e+03	1.507508e-06	3.127234e-03	2.950119e+00
3.790043e+00	-5.828989e+00	6.166556e+03	1.482555e-06	3.151103e-03	2.901289e+00
3.793320e+00	-5.836183e+00	6.213266e+03	1.458199e-06	3.174972e-03	2.853624e+00
3.796622e+00	-5.843433e+00	6.260690e+03	1.434060e-06	3.199206e-03	2.806386e+00
3.799899e+00	-5.850628e+00	6.308114e+03	1.410498e-06	3.223439e-03	2.760276e+00
3.803202e+00	-5.857877e+00	6.356261e+03	1.387147e-06	3.248042e-03	2.714580e+00
3.806479e+00	-5.865073e+00	6.404408e+03	1.364354e-06	3.272646e-03	2.669974e+00
3.809781e+00	-5.872324e+00	6.453291e+03	1.341765e-06	3.297625e-03	2.625768e+00
3.813059e+00	-5.879520e+00	6.502173e+03	1.319715e-06	3.322603e-03	2.582618e+00
3.816361e+00	-5.886771e+00	6.551802e+03	1.297863e-06	3.347964e-03	2.539855e+00
3.819638e+00	-5.893968e+00	6.601430e+03	1.276533e-06	3.373324e-03	2.498113e+00
3.822940e+00	-5.901220e+00	6.651817e+03	1.255394e-06	3.399071e-03	2.456745e+00
3.826218e+00	-5.908418e+00	6.702203e+03	1.234760e-06	3.424818e-03	2.416365e+00
3.829520e+00	-5.915670e+00	6.753358e+03	1.214311e-06	3.450959e-03	2.376347e+00
3.832797e+00	-5.922868e+00	6.804514e+03	1.194350e-06	3.477099e-03	2.337284e+00
3.836099e+00	-5.930122e+00	6.856450e+03	1.174568e-06	3.503638e-03	2.298573e+00
3.839377e+00	-5.937321e+00	6.908386e+03	1.155259e-06	3.530178e-03	2.260785e+00
3.842679e+00	-5.944575e+00	6.961115e+03	1.136122e-06	3.557122e-03	2.223336e+00
3.845956e+00	-5.951775e+00	7.013844e+03	1.117443e-06	3.584067e-03	2.186782e+00
3.849258e+00	-5.959029e+00	7.067378e+03	1.098932e-06	3.611423e-03	2.150556e+00
3.852536e+00	-5.966230e+00	7.120912e+03	1.080862e-06	3.638779e-03	2.115194e+00
3.855838e+00	-5.973485e+00	7.175264e+03	1.062954e-06	3.666552e-03	2.080150e+00
3.859115e+00	-5.980686e+00	7.229615e+03	1.045475e-06	3.694325e-03	2.045943e+00
3.862417e+00	-5.987943e+00	7.284796e+03	1.028152e-06	3.722523e-03	2.012043e+00
3.865695e+00	-5.995145e+00	7.339977e+03	1.011242e-06	3.750720e-03	1.978952e+00
3.868997e+00	-6.002402e+00	7.396000e+03	9.944850e-07	3.779348e-03	1.946159e+00
3.872274e+00	-6.009604e+00	7.452023e+03	9.781277e-07	3.807976e-03	1.914148e+00
3.875576e+00	-6.016862e+00	7.508902e+03	9.619173e-07	3.837041e-03	1.882425e+00
3.878854e+00	-6.024066e+00	7.565780e+03	9.460940e-07	3.866105e-03	1.851460e+00
3.882156e+00	-6.031324e+00	7.623527e+03	9.304128e-07	3.895614e-03	1.820773e+00
3.885433e+00	-6.038529e+00	7.681274e+03	9.151061e-07	3.925122e-03	1.790818e+00
3.888735e+00	-6.045788e+00	7.739902e+03	8.999369e-07	3.955081e-03	1.761133e+00
3.892013e+00	-6.052993e+00	7.798530e+03	8.851299e-07	3.985040e-03	1.732156e+00
3.895315e+00	-6.060253e+00	7.858053e+03	8.704559e-07	4.015457e-03	1.703440e+00
3.898592e+00	-6.067459e+00	7.917577e+03	8.561324e-07	4.045873e-03	1.675410e+00
3.901894e+00	-6.074720e+00	7.978008e+03	8.419376e-07	4.076754e-03	1.647631e+00
3.905172e+00	-6.081927e+00	8.038440e+03	8.280818e-07	4.107634e-03	1.620516e+00
3.908474e+00	-6.089189e+00	8.099795e+03	8.143505e-07	4.138986e-03	1.593644e+00
3.911751e+00	-6.096396e+00	8.161149e+03	8.009472e-07	4.170338e-03	1.567415e+00
3.915054e+00	-6.103659e+00	8.223440e+03	7.876643e-07	4.202169e-03	1.541421e+00
3.918331e+00	-6.110867e+00	8.285731e+03	7.746987e-07	4.234000e-03	1.516048e+00
3.921633e+00	-6.118131e+00	8.348973e+03	7.618496e-07	4.266316e-03	1.490903e+00
3.924910e+00	-6.125340e+00	8.412215e+03	7.493074e-07	4.298633e-03	1.466358e+00
3.928213e+00	-6.132604e+00	8.476422e+03	7.368780e-07	4.331442e-03	1.442034e+00
3.931490e+00	-6.139815e+00	8.540629e+03	7.247454e-07	4.364252e-03	1.418292e+00
3.934792e+00	-6.147080e+00	8.605817e+03	7.127220e-07	4.397563e-03	1.394762e+00
3.938069e+00	-6.154291e+00	8.671004e+03	7.009857e-07	4.430874e-03	1.371795e+00
3.941372e+00	-6.161557e+00	8.737186e+03	6.893550e-07	4.464693e-03	1.349034e+00
3.944649e+00	-6.168769e+00	8.803369e+03	6.780022e-07	4.498512e-03	1.326817e+00
3.947951e+00	-6.176036e+00	8.870562e+03	6.667514e-07	4.532847e-03	1.304800e+00
3.951228e+00	-6.183249e+00	8.937754e+03	6.557694e-07	4.567183e-03	1.283309e+00
3.954531e+00	-6.190517e+00	9.005973e+03	6.448862e-07	4.602042e-03	1.262011e+00
3.957808e+00	-6.197731e+00	9.074191e+03	6.342630e-07	4.636902e-03	1.241222e+00
3.961110e+00	-6.205000e+00	9.143451e+03	6.237353e-07	4.672294e-03	1.220620e+00
3.964387e+00	-6.212214e+00	9.212711e+03	6.134592e-07	4.707685e-03	1.200510e+00
3.967690e+00	-6.219484e+00	9.283028e+03	6.032755e-07	4.743617e-03	1.180581e+00
3.970967e+00	-6.226700e+00	9.353345e+03	5.933352e-07	4.779549e-03	1.161128e+00
3.974269e+00	-6.233971e+00	9.424736e+03	5.834843e-07	4.816030e-03	1.141850e+00
3.977546e+00	-6.241187e+00	9.496127e+03	5.738688e-07	4.852510e-03	1.123033e+00
3.980849e+00	-6.248459e+00	9.568607e+03	5.643398e-07	4.889548e-03	1.104385e+00
3.984126e+00	-6.255677e+00	9.641087e+03	5.550385e-07	4.926585e-03	1.086183e+00
3.987428e+00	-6.262950e+00	9.714674e+03	5.458209e-07	4.964188e-03	1.068145e+00
3.990706e+00	-6.270168e+00	9.788261e+03	5.368236e-07	5.001791e-03	1.050538e+00
3.994008e+00	-6.277442e+00	9.862971e+03	5.279073e-07	5.039967e-03	1.033089e+00
3.997285e+00	-6.284662e+00	9.937681e+03	5.192041e-07	5.078144e-03	1.016057e+00
4.000587e+00	-6.291937e+00	1.001353e+04	5.105792e-07	5.116904e-03	9.991786e-01
4.003865e+00	-6.299158e+00	1.008938e+04	5.021604e-07	5.155663e-03	9.827035e-01
4.007167e+00	-6.306434e+00	1.016639e+04	4.938175e-07	5.195014e-03	9.663768e-01
4.010444e+00	-6.313655e+00	1.024340e+04	4.856740e-07	5.234366e-03	9.504403e-01
4.013746e+00	-6.320932e+00	1.032158e+04	4.776037e-07	5.274318e-03	9.346473e-01
4.017024e+00	-6.328155e+00	1.039977e+04	4.697264e-07	5.314270e-03	9.192318e-01
4.020326e+00	-6.335433e+00	1.047914e+04	4.619201e-07	5.354831e-03	9.039551e-01
4.023603e+00	-6.342657e+00	1.055852e+04	4.543003e-07	5.395393e-03	8.890436e-01
4.026905e+00	-6.349936e+00	1.063911e+04	4.467492e-07	5.436574e-03	8.742664e-01
4.030183e+00	-6.357161e+00	1.071970e+04	4.393786e-07	5.477755e-03	8.598425e-01
4.033485e+00	-6.364442e+00	1.080152e+04	4.320744e-07	5.519565e-03	8.455485e-01
4.036762e+00	-6.371668e+00	1.088334e+04	4.249448e-07	5.561374e-03	8.315962e-01
4.040064e+00	-6.378949e+00	1.096641e+04	4.178794e-07	5.603822e-03	8.177697e-01
4.043342e+00	-6.386176e+00	1.104948e+04	4.109830e-07	5.646270e-03	8.042737e-01
4.046644e+00	-6.393459e+00	1.113381e+04	4.041487e-07	5.689366e-03	7.908993e-01
4.049921e+00	-6.400687e+00	1.121815e+04	3.974778e-07	5.732462e-03	7.778448e-01
4.053223e+00	-6.407971e+00	1.130377e+04	3.908671e-07	5.776216e-03	7.649078e-01
4.056501e+00	-6.415200e+00	1.138940e+04	3.844144e-07	5.819969e-03	7.522803e-01
4.059803e+00	-6.422485e+00	1.147633e+04	3.780199e-07	5.864391e-03	7.397665e-01
4.063080e+00	-6.429716e+00	1.156326e+04	3.717783e-07	5.908812e-03	7.275520e-01
4.066382e+00	-6.437002e+00	1.165152e+04	3.655930e-07	5.953912e-03	7.154476e-01
4.069660e+00	-6.444234e+00	1.173977e+04	3.595555e-07	5.999012e-03	7.036327e-01
4.072962e+00	-6.451521e+00	1.182938e+04	3.535726e-07	6.044800e-03	6.919243e-01
4.076239e+00	-6.458754e+00	1.191898e+04	3.477327e-07	6.090588e-03	6.804960e-01
4.079541e+00	-6.466043e+00	1.200996e+04	3.419455e-07	6.137075e-03	6.691707e-01
4.082819e+00	-6.473277e+00	1.210093e+04	3.362967e-07	6.183563e-03	6.581163e-01
4.086121e+00	-6.480567e+00	1.219329e+04	3.306988e-07	6.230759e-03	6.471615e-01
4.089398e+00	-6.487803e+00	1.228565e+04	3.252349e-07	6.277956e-03	6.364689e-01
4.092701e+00	-6.495094e+00	1.237943e+04	3.198202e-07	6.325873e-03	6.258727e-01
4.095978e+00	-6.502331e+00	1.247320e+04	3.145351e-07	6.373791e-03	6.155299e-01
4.099280e+00	-6.509623e+00	1.256840e+04	3.092977e-07	6.422439e-03	6.052805e-01
4.102557e+00	-6.516861e+00	1.266360e+04	3.041855e-07	6.471088e-03	5.952763e-01
4.105860e+00	-6.524155e+00	1.276026e+04	2.991195e-07	6.520480e-03	5.853623e-01
4.109137e+00	-6.531395e+00	1.285692e+04	2.941747e-07	6.569871e-03	5.756856e-01
4.112439e+00	-6.538690e+00	1.295505e+04	2.892745e-07	6.620016e-03	5.660962e-01
4.115716e+00	-6.545931e+00	1.305318e+04	2.844916e-07	6.670162e-03	5.567362e-01
4.119019e+00	-6.553227e+00	1.315281e+04	2.797518e-07	6.721072e-03	5.474607e-01
4.122296e+00	-6.560469e+00	1.325244e+04	2.751255e-07	6.771983e-03	5.384072e-01
4.125598e+00	-6.567767e+00	1.335359e+04	2.705409e-07	6.823671e-03	5.294354e-01
4.128875e+00	-6.575010e+00	1.345474e+04	2.660661e-07	6.875359e-03	5.206784e-01
4.132178e+00	-6.582310e+00	1.355744e+04	2.616316e-07	6.927836e-03	5.120004e-01
4.135455e+00	-6.589555e+00	1.366013e+04	2.573033e-07	6.980313e-03	5.035301e-01
4.138757e+00	-6.596855e+00	1.376440e+04	2.530141e-07	7.033591e-03	4.951362e-01
4.142034e+00	-6.604102e+00	1.386866e+04	2.488275e-07	7.086869e-03	4.869433e-01
4.145337e+00	-6.611404e+00	1.397451e+04	2.446788e-07	7.140961e-03	4.788244e-01
4.148614e+00	-6.618651e+00	1.408037e+04	2.406293e-07	7.195052e-03	4.708999e-01
4.151916e+00	-6.625955e+00	1.418784e+04	2.366165e-07	7.249969e-03	4.630469e-01
4.155193e+00	-6.633204e+00	1.429531e+04	2.326997e-07	7.304886e-03	4.553819e-01
4.158496e+00	-6.640509e+00	1.440442e+04	2.288183e-07	7.360642e-03	4.477862e-01
4.161773e+00	-6.647760e+00	1.451353e+04	2.250298e-07	7.416397e-03	4.403724e-01
4.165075e+00	-6.655067e+00	1.462430e+04	2.212756e-07	7.473004e-03	4.330255e-01
4.168353e+00	-6.662319e+00	1.473508e+04	2.176112e-07	7.529610e-03	4.258546e-01
4.171655e+00	-6.669627e+00	1.484755e+04	2.139800e-07	7.587081e-03	4.187484e-01
4.174932e+00	-6.676881e+00	1.496002e+04	2.104357e-07	7.644552e-03	4.118125e-01
4.178234e+00	-6.684190e+00	1.507420e+04	2.069235e-07	7.702900e-03	4.049392e-01
4.181512e+00	-6.691445e+00	1.518838e+04	2.034954e-07	7.761248e-03	3.982305e-01
4.184814e+00	-6.698757e+00	1.530431e+04	2.000983e-07	7.820486e-03	3.915826e-01
4.188091e+00	-6.706014e+00	1.542024e+04	1.967825e-07	7.879725e-03	3.850938e-01
4.191393e+00	-6.713326e+00	1.553793e+04	1.934967e-07	7.939868e-03	3.786637e-01
4.194671e+00	-6.720585e+00	1.565563e+04	1.902897e-07	8.000011e-03	3.723876e-01
4.197973e+00	-6.727899e+00	1.577513e+04	1.871116e-07	8.061072e-03	3.661683e-01
4.201250e+00	-6.735159e+00	1.589462e+04	1.840097e-07	8.122133e-03	3.600980e-01
4.204552e+00	-6.742475e+00	1.601594e+04	1.809358e-07	8.184126e-03	3.540826e-01
4.207830e+00	-6.749737e+00	1.613725e+04	1.779356e-07	8.246119e-03	3.482113e-01
4.211132e+00	-6.757055e+00	1.626042e+04	1.749625e-07	8.309059e-03	3.423932e-01
4.214409e+00	-6.764318e+00	1.638359e+04	1.720607e-07	8.371998e-03	3.367144e-01
4.217711e+00	-6.771638e+00	1.650864e+04	1.691851e-07	8.435899e-03	3.310871e-01
4.220989e+00	-6.778903e+00	1.663369e+04	1.663785e-07	8.499799e-03	3.255946e-01
4.224291e+00	-6.786224e+00	1.676065e+04	1.635972e-07	8.564675e-03	3.201518e-01
4.227568e+00	-6.793491e+00	1.688761e+04	1.608826e-07	8.629550e-03	3.148394e-01
4.230870e+00	-6.800814e+00	1.701651e+04	1.581926e-07	8.695416e-03	3.095752e-01
4.234148e+00	-6.808082e+00	1.714540e+04	1.555670e-07	8.761282e-03	3.044371e-01
4.237450e+00	-6.815407e+00	1.727627e+04	1.529653e-07	8.828154e-03	2.993456e-01
4.240727e+00	-6.822678e+00	1.740713e+04	1.504259e-07	8.895026e-03	2.943761e-01
4.244029e+00	-6.830004e+00	1.753999e+04	1.479095e-07	8.962918e-03	2.894516e-01
4.247307e+00	-6.837276e+00	1.767286e+04	1.454534e-07	9.030810e-03	2.846452e-01
4.250609e+00	-6.844605e+00	1.780775e+04	1.430196e-07	9.099739e-03	2.798823e-01
4.253886e+00	-6.851879e+00	1.794264e+04	1.406441e-07	9.168668e-03	2.752336e-01
4.257188e+00	-6.859209e+00	1.807959e+04	1.382901e-07	9.238649e-03	2.706271e-01
4.260466e+00	-6.866485e+00	1.821654e+04	1.359926e-07	9.308630e-03	2.661309e-01
4.263768e+00	-6.873817e+00	1.835558e+04	1.337160e-07	9.379679e-03	2.616756e-01
4.267045e+00	-6.881095e+00	1.849462e+04	1.314939e-07	9.450728e-03	2.573271e-01
4.270348e+00	-6.888429e+00	1.863578e+04	1.292919e-07	9.522862e-03	2.530180e-01
4.273625e+00	-6.895708e+00	1.877694e+04	1.271428e-07	9.594996e-03	2.488123e-01
4.276927e+00	-6.903044e+00	1.892026e+04	1.250132e-07	9.668231e-03	2.446447e-01
4.280204e+00	-6.910326e+00	1.906357e+04	1.229346e-07	9.741466e-03	2.405770e-01
4.283507e+00	-6.917664e+00	1.920908e+04	1.208749e-07	9.815819e-03	2.365463e-01
4.286784e+00	-6.924947e+00	1.935458e+04	1.188646e-07	9.890172e-03	2.326123e-01
4.290086e+00	-6.932287e+00	1.950231e+04	1.168726e-07	9.965660e-03	2.287139e-01
4.293363e+00	-6.939573e+00	1.965004e+04	1.149283e-07	1.004115e-02	2.249091e-01
4.296666e+00	-6.946915e+00	1.980002e+04	1.130017e-07	1.011779e-02	2.211388e-01
4.299943e+00	-6.954203e+00	1.995000e+04	1.111213e-07	1.019443e-02	2.174590e-01
4.303245e+00	-6.961547e+00	2.010227e+04	1.092580e-07	1.027224e-02	2.138126e-01
4.306522e+00	-6.968836e+00	2.025454e+04	1.074394e-07	1.035005e-02	2.102537e-01
4.309825e+00	-6.976183e+00	2.040914e+04	1.056373e-07	1.042905e-02	2.067271e-01
4.313102e+00	-6.983474e+00	2.056373e+04	1.038785e-07	1.050804e-02	2.032851e-01
4.316404e+00	-6.990823e+00	2.072069e+04	1.021356e-07	1.058825e-02	1.998744e-01
4.319681e+00	-6.998117e+00	2.087764e+04	1.004346e-07	1.066845e-02	1.965456e-01
4.322984e+00	-7.005467e+00	2.103699e+04	9.874902e-08	1.074988e-02	1.932470e-01
4.326261e+00	-7.012763e+00	2.119634e+04	9.710390e-08	1.083131e-02	1.900276e-01
4.329563e+00	-7.020116e+00	2.135813e+04	9.547375e-08	1.091398e-02	1.868375e-01
4.332840e+00	-7.027414e+00	2.151991e+04	9.388272e-08	1.099665e-02	1.837239e-01
4.336143e+00	-7.034769e+00	2.168416e+04	9.230617e-08	1.108058e-02	1.806387e-01
4.339420e+00	-7.042070e+00	2.184842e+04	9.076746e-08	1.116452e-02	1.776275e-01
4.342722e+00	-7.049427e+00	2.201518e+04	8.924276e-08	1.124973e-02	1.746437e-01
4.346000e+00	-7.056730e+00	2.218194e+04	8.775466e-08	1.133495e-02	1.717316e-01
4.349302e+00	-7.064089e+00	2.235125e+04	8.628011e-08	1.142146e-02	1.688460e-01
4.352579e+00	-7.071394e+00	2.252055e+04	8.484096e-08	1.150798e-02	1.660296e-01
4.355881e+00	-7.078756e+00	2.269244e+04	8.341492e-08	1.159581e-02	1.632389e-01
4.359159e+00	-7.086064e+00	2.286433e+04	8.202312e-08	1.168365e-02	1.605153e-01
4.362461e+00	-7.093428e+00	2.303885e+04	8.064401e-08	1.177283e-02	1.578164e-01
4.365738e+00	-7.100738e+00	2.321336e+04	7.929801e-08	1.186200e-02	1.551823e-01
4.369040e+00	-7.108104e+00	2.339054e+04	7.796428e-08	1.195254e-02	1.525723e-01
4.372318e+00	-7.115417e+00	2.356772e+04	7.666258e-08	1.204308e-02	1.500249e-01
4.375620e+00	-7.122786e+00	2.374760e+04	7.537275e-08	1.213500e-02	1.475008e-01
4.378897e+00	-7.130100e+00	2.392749e+04	7.411390e-08	1.222692e-02	1.450373e-01
4.382199e+00	-7.137472e+00	2.411012e+04	7.286654e-08	1.232024e-02	1.425963e-01
4.385477e+00	-7.144789e+00	2.429275e+04	7.164914e-08	1.241357e-02	1.402139e-01
4.388779e+00	-7.152163e+00	2.447816e+04	7.044285e-08	1.250832e-02	1.378532e-01
4.392056e+00	-7.159483e+00	2.466358e+04	6.926554e-08	1.260306e-02	1.355493e-01
4.395358e+00	-7.166859e+00	2.485183e+04	6.809898e-08	1.269926e-02	1.332664e-01
4.398636e+00	-7.174182e+00	2.504008e+04	6.696045e-08	1.279545e-02	1.310383e-01
4.401938e+00	-7.181561e+00	2.523120e+04	6.583232e-08	1.289312e-02	1.288306e-01
4.405215e+00	-7.188886e+00	2.542232e+04	6.473130e-08	1.299078e-02	1.266760e-01
4.408517e+00	-7.196268e+00	2.561636e+04	6.364033e-08	1.308993e-02	1.245410e-01
4.411795e+00	-7.203595e+00	2.581040e+04	6.257559e-08	1.318909e-02	1.224574e-01
4.415097e+00	-7.210980e+00	2.600740e+04	6.152058e-08	1.328975e-02	1.203928e-01
4.418374e+00	-7.218310e+00	2.620440e+04	6.049093e-08	1.339042e-02	1.183778e-01
4.421676e+00	-7.225697e+00	2.640441e+04	5.947070e-08	1.349262e-02	1.163813e-01
4.424954e+00	-7.233030e+00	2.660442e+04	5.847499e-08	1.359483e-02	1.144327e-01
4.428256e+00	-7.240420e+00	2.680748e+04	5.748839e-08	1.369859e-02	1.125020e-01
4.431533e+00	-7.247756e+00	2.701054e+04	5.652551e-08	1.380236e-02	1.106177e-01
4.434835e+00	-7.255148e+00	2.721670e+04	5.557144e-08	1.390770e-02	1.087506e-01
4.438113e+00	-7.262487e+00	2.742286e+04	5.464032e-08	1.401305e-02	1.069284e-01
4.441415e+00	-7.269882e+00	2.763217e+04	5.371772e-08	1.412001e-02	1.051230e-01
4.444692e+00	-7.277224e+00	2.784148e+04	5.281731e-08	1.422697e-02	1.033609e-01
4.447995e+00	-7.284622e+00	2.805398e+04	5.192514e-08	1.433555e-02	1.016150e-01
4.451272e+00	-7.291966e+00	2.826649e+04	5.105444e-08	1.444414e-02	9.991106e-02
4.454574e+00	-7.299368e+00	2.848223e+04	5.019172e-08	1.455439e-02	9.822274e-02
4.457851e+00	-7.306715e+00	2.869798e+04	4.934975e-08	1.466464e-02	9.657505e-02
4.461154e+00	-7.314120e+00	2.891702e+04	4.851549e-08	1.477657e-02	9.494246e-02
4.464431e+00	-7.321470e+00	2.913606e+04	4.770132e-08	1.488850e-02	9.334916e-02
4.467733e+00	-7.328877e+00	2.935845e+04	4.689460e-08	1.500213e-02	9.177046e-02
4.471010e+00	-7.336230e+00	2.958083e+04	4.610731e-08	1.511577e-02	9.022976e-02
4.474313e+00	-7.343641e+00	2.980661e+04	4.532723e-08	1.523115e-02	8.870319e-02
4.477590e+00	-7.350997e+00	3.003239e+04	4.456593e-08	1.534652e-02	8.721337e-02
4.480892e+00	-7.358411e+00	3.026162e+04	4.381162e-08	1.546365e-02	8.573721e-02
4.484169e+00	-7.365770e+00	3.049084e+04	4.307547e-08	1.558079e-02	8.429660e-02
4.487472e+00	-7.373187e+00	3.072357e+04	4.234608e-08	1.569971e-02	8.286922e-02
4.490749e+00	-7.380549e+00	3.095629e+04	4.163425e-08	1.581863e-02	8.147620e-02
4.494051e+00	-7.387969e+00	3.119257e+04	4.092896e-08	1.593937e-02	8.009598e-02
4.497328e+00	-7.395335e+00	3.142885e+04	4.024065e-08	1.606011e-02	7.874900e-02
4.500631e+00	-7.402758e+00	3.166873e+04	3.955867e-08	1.618269e-02	7.741439e-02
4.503908e+00	-7.410127e+00	3.190862e+04	3.889312e-08	1.630527e-02	7.611194e-02
4.507210e+00	-7.417554e+00	3.215216e+04	3.823368e-08	1.642972e-02	7.482146e-02
4.510487e+00	-7.424926e+00	3.239571e+04	3.759013e-08	1.655417e-02	7.356206e-02
4.513790e+00	-7.432356e+00	3.264297e+04	3.695251e-08	1.668052e-02	7.231425e-02
4.517067e+00	-7.439732e+00	3.289024e+04	3.633024e-08	1.680688e-02	7.109651e-02
4.520369e+00	-7.447165e+00	3.314128e+04	3.571370e-08	1.693516e-02	6.988998e-02
4.523647e+00	-7.454544e+00	3.339231e+04	3.511202e-08	1.706344e-02	6.871252e-02
4.526949e+00	-7.461981e+00	3.364718e+04	3.451588e-08	1.719367e-02	6.754590e-02
4.530226e+00	-7.469364e+00	3.390206e+04	3.393411e-08	1.732391e-02	6.640741e-02
4.533528e+00	-7.476804e+00	3.416082e+04	3.335770e-08	1.745614e-02	6.527940e-02
4.536806e+00	-7.484190e+00	3.441958e+04	3.279519e-08	1.758837e-02	6.417858e-02
4.540108e+00	-7.491634e+00	3.468229e+04	3.223785e-08	1.772261e-02	6.308791e-02
4.543385e+00	-7.499023e+00	3.494500e+04	3.169396e-08	1.785686e-02	6.202354e-02
4.546687e+00	-7.506471e+00	3.521172e+04	3.115509e-08	1.799315e-02	6.096899e-02
4.549965e+00	-7.513864e+00	3.547845e+04	3.062921e-08	1.812945e-02	5.993987e-02
4.553267e+00	-7.521316e+00	3.574924e+04	3.010818e-08	1.826782e-02	5.892024e-02
4.556544e+00	-7.528712e+00	3.602003e+04	2.959972e-08	1.840620e-02	5.792521e-02
4.559846e+00	-7.536167e+00	3.629496e+04	2.909595e-08	1.854669e-02	5.693937e-02
4.563124e+00	-7.543568e+00	3.656989e+04	2.860434e-08	1.868717e-02	5.597731e-02
4.566426e+00	-7.551027e+00	3.684901e+04	2.811727e-08	1.882980e-02	5.502413e-02
4.569703e+00	-7.558431e+00	3.712814e+04	2.764196e-08	1.897244e-02	5.409396e-02
4.573005e+00	-7.565894e+00	3.741152e+04	2.717103e-08	1.911725e-02	5.317238e-02
4.576283e+00	-7.573302e+00	3.769491e+04	2.671147e-08	1.926206e-02	5.227305e-02
4.579585e+00	-7.580769e+00	3.798262e+04	2.625616e-08	1.940908e-02	5.138203e-02
4.582862e+00	-7.588181e+00	3.827033e+04	2.581185e-08	1.955610e-02	5.051253e-02
4.586164e+00	-7.595651e+00	3.856243e+04	2.537164e-08	1.970536e-02	4.965106e-02
4.589442e+00	-7.603068e+00	3.885453e+04	2.494206e-08	1.985462e-02	4.881041e-02
4.592744e+00	-7.610542e+00	3.915110e+04	2.451646e-08	2.000617e-02	4.797753e-02
4.596021e+00	-7.617962e+00	3.944766e+04	2.410114e-08	2.015771e-02	4.716476e-02
4.599323e+00	-7.625441e+00	3.974875e+04	2.368967e-08	2.031157e-02	4.635953e-02
4.602601e+00	-7.632865e+00	4.004984e+04	2.328813e-08	2.046542e-02	4.557374e-02
4.605903e+00	-7.640348e+00	4.035552e+04	2.289032e-08	2.062163e-02	4.479524e-02
4.609180e+00	-7.647777e+00	4.066121e+04	2.250212e-08	2.077783e-02	4.403555e-02
4.612482e+00	-7.655264e+00	4.097156e+04	2.211752e-08	2.093642e-02	4.328291e-02
4.615760e+00	-7.662696e+00	4.128191e+04	2.174221e-08	2.109501e-02	4.254845e-02
4.619062e+00	-7.670188e+00	4.159700e+04	2.137039e-08	2.125602e-02	4.182081e-02
4.622339e+00	-7.677625e+00	4.191209e+04	2.100755e-08	2.141703e-02	4.111076e-02
4.625642e+00	-7.685120e+00	4.223199e+04	2.064809e-08	2.158050e-02	4.040730e-02
4.628919e+00	-7.692562e+00	4.255189e+04	2.029731e-08	2.174397e-02	3.972085e-02
4.632221e+00	-7.700062e+00	4.287667e+04	1.994979e-08	2.190993e-02	3.904077e-02
4.635498e+00	-7.707507e+00	4.320145e+04	1.961068e-08	2.207589e-02	3.837715e-02
4.638801e+00	-7.715012e+00	4.353119e+04	1.927472e-08	2.224439e-02	3.771969e-02
4.642078e+00	-7.722462e+00	4.386093e+04	1.894689e-08	2.241289e-02	3.707814e-02
4.645380e+00	-7.729971e+00	4.419570e+04	1.862211e-08	2.258396e-02	3.644256e-02
4.648657e+00	-7.737426e+00	4.453048e+04	1.830518e-08	2.275503e-02	3.582235e-02
4.651960e+00	-7.744940e+00	4.487036e+04	1.799121e-08	2.292871e-02	3.520792e-02
4.655237e+00	-7.752399e+00	4.521025e+04	1.768483e-08	2.310239e-02	3.460836e-02
4.658539e+00	-7.759917e+00	4.555532e+04	1.738131e-08	2.327872e-02	3.401438e-02
4.661816e+00	-7.767382e+00	4.590039e+04	1.708514e-08	2.345505e-02	3.343478e-02
4.665119e+00	-7.774905e+00	4.625073e+04	1.679172e-08	2.363407e-02	3.286058e-02
4.668396e+00	-7.782374e+00	4.660107e+04	1.650541e-08	2.381310e-02	3.230029e-02
4.671698e+00	-7.789902e+00	4.695676e+04	1.622178e-08	2.399485e-02	3.174523e-02
4.674975e+00	-7.797375e+00	4.731245e+04	1.594501e-08	2.417661e-02	3.120361e-02
4.678278e+00	-7.804908e+00	4.767357e+04	1.567082e-08	2.436114e-02	3.066704e-02
4.681555e+00	-7.812387e+00	4.803469e+04	1.540328e-08	2.454567e-02	3.014347e-02
4.684857e+00	-7.819925e+00	4.840132e+04	1.513824e-08	2.473302e-02	2.962479e-02
4.688134e+00	-7.827408e+00	4.876795e+04	1.487962e-08	2.492037e-02	2.911869e-02
4.691437e+00	-7.834951e+00	4.914017e+04	1.462341e-08	2.511058e-02	2.861731e-02
4.694714e+00	-7.842440e+00	4.951240e+04	1.437342e-08	2.530078e-02	2.812809e-02
4.698016e+00	-7.849988e+00	4.989031e+04	1.412577e-08	2.549389e-02	2.764344e-02
4.701294e+00	-7.857482e+00	5.026822e+04	1.388412e-08	2.568701e-02	2.717054e-02
4.704596e+00	-7.865035e+00	5.065190e+04	1.364473e-08	2.588306e-02	2.670207e-02
4.707873e+00	-7.872534e+00	5.103558e+04	1.341115e-08	2.607912e-02	2.624496e-02
4.711175e+00	-7.880093e+00	5.142511e+04	1.317975e-08	2.627818e-02	2.579214e-02
4.714453e+00	-7.887597e+00	5.181465e+04	1.295397e-08	2.647723e-02	2.535030e-02
4.717755e+00	-7.895161e+00	5.221013e+04	1.273031e-08	2.667932e-02	2.491260e-02
4.721032e+00	-7.902671e+00	5.260561e+04	1.251208e-08	2.688141e-02	2.448552e-02
4.724334e+00	-7.910240e+00	5.300713e+04	1.229589e-08	2.708659e-02	2.406245e-02
4.727612e+00	-7.917755e+00	5.340865e+04	1.208495e-08	2.729176e-02	2.364966e-02
4.730914e+00	-7.925330e+00	5.381630e+04	1.187599e-08	2.750007e-02	2.324073e-02
4.734191e+00	-7.932851e+00	5.422394e+04	1.167210e-08	2.770838e-02	2.284174e-02
4.737493e+00	-7.940432e+00	5.463781e+04	1.147013e-08	2.791986e-02	2.244649e-02
4.740771e+00	-7.947958e+00	5.505169e+04	1.127307e-08	2.813135e-02	2.206085e-02
4.744073e+00	-7.955544e+00	5.547187e+04	1.107786e-08	2.834607e-02	2.167883e-02
4.747350e+00	-7.963076e+00	5.589206e+04	1.088739e-08	2.856078e-02	2.130610e-02
4.750652e+00	-7.970668e+00	5.631867e+04	1.069872e-08	2.877878e-02	2.093687e-02
4.753930e+00	-7.978206e+00	5.674527e+04	1.051463e-08	2.899677e-02	2.057662e-02
4.757232e+00	-7.985804e+00	5.717838e+04	1.033227e-08	2.921809e-02	2.021976e-02
4.760509e+00	-7.993348e+00	5.761150e+04	1.015435e-08	2.943941e-02	1.987157e-02
4.763811e+00	-8.000952e+00	5.805123e+04	9.978107e-09	2.966411e-02	1.952667e-02
4.767089e+00	-8.008501e+00	5.849095e+04	9.806150e-09	2.988881e-02	1.919016e-02
4.770391e+00	-8.016112e+00	5.893739e+04	9.635814e-09	3.011694e-02	1.885682e-02
4.773668e+00	-8.023667e+00	5.938383e+04	9.469623e-09	3.034507e-02	1.853159e-02
4.776970e+00	-8.031284e+00	5.983709e+04	9.305001e-09	3.057669e-02	1.820943e-02
4.780248e+00	-8.038845e+00	6.029034e+04	9.144386e-09	3.080830e-02	1.789512e-02
4.783550e+00	-8.046468e+00	6.075051e+04	8.985289e-09	3.104345e-02	1.758377e-02
4.786827e+00	-8.054036e+00	6.121069e+04	8.830065e-09	3.127859e-02	1.728001e-02
4.790129e+00	-8.061665e+00	6.167788e+04	8.676309e-09	3.151733e-02	1.697912e-02
4.793407e+00	-8.069239e+00	6.214508e+04	8.526298e-09	3.175607e-02	1.668555e-02
4.796709e+00	-8.076875e+00	6.261941e+04	8.377708e-09	3.199845e-02	1.639477e-02
4.799986e+00	-8.084456e+00	6.309374e+04	8.232738e-09	3.224083e-02	1.611107e-02
4.803289e+00	-8.092098e+00	6.357531e+04	8.089141e-09	3.248692e-02	1.583006e-02
4.806566e+00	-8.099685e+00	6.405688e+04	7.949044e-09	3.273300e-02	1.555589e-02
4.809868e+00	-8.107334e+00	6.454580e+04	7.810276e-09	3.298284e-02	1.528433e-02
4.813145e+00	-8.114928e+00	6.503473e+04	7.674892e-09	3.323267e-02	1.501939e-02
4.816448e+00	-8.122583e+00	6.553111e+04	7.540793e-09	3.348633e-02	1.475696e-02
4.819725e+00	-8.130184e+00	6.602750e+04	7.409964e-09	3.373998e-02	1.450094e-02
4.823027e+00	-8.137846e+00	6.653146e+04	7.280379e-09	3.399750e-02	1.424735e-02
4.826304e+00	-8.145454e+00	6.703542e+04	7.153956e-09	3.425503e-02	1.399994e-02
4.829607e+00	-8.153123e+00	6.754708e+04	7.028735e-09	3.451648e-02	1.375489e-02
4.832884e+00	-8.160738e+00	6.805874e+04	6.906571e-09	3.477794e-02	1.351582e-02
4.836186e+00	-8.168414e+00	6.857820e+04	6.785570e-09	3.504339e-02	1.327903e-02
4.839463e+00	-8.176035e+00	6.909767e+04	6.667524e-09	3.530883e-02	1.304802e-02
4.842766e+00	-8.183719e+00	6.962506e+04	6.550603e-09	3.557833e-02	1.281921e-02
4.846043e+00	-8.191348e+00	7.015246e+04	6.436538e-09	3.584783e-02	1.259599e-02
4.849345e+00	-8.199038e+00	7.068791e+04	6.323562e-09	3.612144e-02	1.237490e-02
4.852622e+00	-8.206674e+00	7.122336e+04	6.213346e-09	3.639506e-02	1.215922e-02
4.855925e+00	-8.214372e+00	7.176698e+04	6.104183e-09	3.667285e-02	1.194559e-02
4.859202e+00	-8.222016e+00	7.231060e+04	5.997689e-09	3.695064e-02	1.173719e-02
4.862504e+00	-8.229722e+00	7.286252e+04	5.892214e-09	3.723267e-02	1.153078e-02
4.865781e+00	-8.237373e+00	7.341444e+04	5.789318e-09	3.751470e-02	1.132941e-02
4.869084e+00	-8.245086e+00	7.397478e+04	5.687407e-09	3.780103e-02	1.112998e-02
4.872361e+00	-8.252744e+00	7.453513e+04	5.587989e-09	3.808737e-02	1.093542e-02
4.875663e+00	-8.260465e+00	7.510402e+04	5.489524e-09	3.837807e-02	1.074273e-02
4.878941e+00	-8.268132e+00	7.567292e+04	5.393470e-09	3.866878e-02	1.055476e-02
4.882243e+00	-8.275860e+00	7.625050e+04	5.298337e-09	3.896392e-02	1.036859e-02
4.885520e+00	-8.283535e+00	7.682809e+04	5.205534e-09	3.925907e-02	1.018698e-02
4.888822e+00	-8.291271e+00	7.741449e+04	5.113622e-09	3.955872e-02	1.000711e-02
4.892100e+00	-8.298954e+00	7.800089e+04	5.023962e-09	3.985837e-02	9.831648e-03
4.895402e+00	-8.306698e+00	7.859624e+04	4.935164e-09	4.016259e-02	9.657875e-03
4.898679e+00	-8.314389e+00	7.919159e+04	4.848542e-09	4.046682e-02	9.488361e-03
4.901981e+00	-8.322142e+00	7.979603e+04	4.762754e-09	4.077568e-02	9.320479e-03
4.905259e+00	-8.329840e+00	8.040047e+04	4.679071e-09	4.108455e-02	9.156713e-03
4.908561e+00	-8.337602e+00	8.101413e+04	4.596193e-09	4.139813e-02	8.994526e-03
4.911838e+00	-8.345309e+00	8.162780e+04	4.515349e-09	4.171172e-02	8.836318e-03
4.915140e+00	-8.353078e+00	8.225083e+04	4.435285e-09	4.203009e-02	8.679637e-03
4.918418e+00	-8.360794e+00	8.287387e+04	4.357186e-09	4.234846e-02	8.526802e-03
4.921720e+00	-8.368572e+00	8.350641e+04	4.279842e-09	4.267169e-02	8.375443e-03
4.924997e+00	-8.376296e+00	8.413896e+04	4.204397e-09	4.299492e-02	8.227800e-03
4.928299e+00	-8.384083e+00	8.478116e+04	4.129682e-09	4.332308e-02	8.081587e-03
4.931577e+00	-8.391816e+00	8.542336e+04	4.056802e-09	4.365124e-02	7.938965e-03
4.934879e+00	-8.399612e+00	8.607536e+04	3.984629e-09	4.398442e-02	7.797725e-03
4.938156e+00	-8.407354e+00	8.672737e+04	3.914229e-09	4.431759e-02	7.659956e-03
4.941458e+00	-8.415159e+00	8.738933e+04	3.844512e-09	4.465585e-02	7.523524e-03
4.944736e+00	-8.422909e+00	8.805128e+04	3.776510e-09	4.499411e-02	7.390447e-03
4.948038e+00	-8.430723e+00	8.872334e+04	3.709168e-09	4.533753e-02	7.258662e-03
4.951315e+00	-8.438483e+00	8.939541e+04	3.643483e-09	4.568096e-02	7.130120e-03
4.954617e+00	-8.446307e+00	9.007773e+04	3.578437e-09	4.602962e-02	7.002827e-03
4.957895e+00	-8.454076e+00	9.076005e+04	3.514992e-09	4.637829e-02	6.878669e-03
4.961197e+00	-8.461908e+00	9.145279e+04	3.452165e-09	4.673227e-02	6.755719e-03
4.964474e+00	-8.469687e+00	9.214552e+04	3.390885e-09	4.708626e-02	6.635797e-03
4.967776e+00	-8.477529e+00	9.284884e+04	3.330203e-09	4.744565e-02	6.517045e-03
4.971054e+00	-8.485317e+00	9.355215e+04	3.271016e-09	4.780505e-02	6.401220e-03
4.974356e+00	-8.493169e+00	9.426620e+04	3.212407e-09	4.816992e-02	6.286525e-03
4.977633e+00	-8.500967e+00	9.498024e+04	3.155244e-09	4.853480e-02	6.174658e-03
4.980935e+00	-8.508829e+00	9.570519e+04	3.098639e-09	4.890525e-02	6.063885e-03
4.984213e+00	-8.516637e+00	9.643014e+04	3.043430e-09	4.927570e-02	5.955845e-03
4.987515e+00	-8.524509e+00	9.716615e+04	2.988763e-09	4.965180e-02	5.848863e-03
4.990792e+00	-8.532326e+00	9.790217e+04	2.935444e-09	5.002790e-02	5.744522e-03
4.994095e+00	-8.540208e+00	9.864942e+04	2.882649e-09	5.040975e-02	5.641203e-03
4.997372e+00	-8.548036e+00	9.939667e+04	2.831157e-09	5.079159e-02	5.540437e-03
5.000674e+00	-8.555928e+00	1.001553e+05	2.780171e-09	5.117926e-02	5.440660e-03
5.003951e+00	-8.563767e+00	1.009140e+05	2.730445e-09	5.156694e-02	5.343349e-03
5.007254e+00	-8.571669e+00	1.016842e+05	2.681208e-09	5.196053e-02	5.246995e-03
5.010531e+00	-8.579518e+00	1.024545e+05	2.633189e-09	5.235412e-02	5.153023e-03
5.013833e+00	-8.587431e+00	1.032365e+05	2.585643e-09	5.275372e-02	5.059977e-03
5.017110e+00	-8.595291e+00	1.040185e+05	2.539273e-09	5.315332e-02	4.969233e-03
5.020413e+00	-8.603215e+00	1.048124e+05	2.493360e-09	5.355901e-02	4.879385e-03
5.023690e+00	-8.611085e+00	1.056063e+05	2.448584e-09	5.396471e-02	4.791761e-03
5.026992e+00	-8.619020e+00	1.064124e+05	2.404251e-09	5.437661e-02	4.705002e-03
5.030269e+00	-8.626901e+00	1.072184e+05	2.361016e-09	5.478850e-02	4.620393e-03
5.033572e+00	-8.634848e+00	1.080368e+05	2.318208e-09	5.520668e-02	4.536621e-03
5.036849e+00	-8.642740e+00	1.088551e+05	2.276462e-09	5.562486e-02	4.454925e-03
5.040151e+00	-8.650697e+00	1.096860e+05	2.235130e-09	5.604942e-02	4.374040e-03
5.043428e+00	-8.658601e+00	1.105168e+05	2.194822e-09	5.647399e-02	4.295160e-03
5.046731e+00	-8.666570e+00	1.113604e+05	2.154915e-09	5.690503e-02	4.217064e-03
5.050008e+00	-8.674485e+00	1.122039e+05	2.115999e-09	5.733607e-02	4.140906e-03
5.053310e+00	-8.682465e+00	1.130603e+05	2.077469e-09	5.777370e-02	4.065506e-03
5.056587e+00	-8.690392e+00	1.139167e+05	2.039896e-09	5.821132e-02	3.991978e-03
5.059890e+00	-8.698385e+00	1.147862e+05	2.002698e-09	5.865563e-02	3.919182e-03
5.063167e+00	-8.706323e+00	1.156557e+05	1.966424e-09	5.909993e-02	3.848196e-03
5.066469e+00	-8.714327e+00	1.165384e+05	1.930512e-09	5.955102e-02	3.777918e-03
5.069747e+00	-8.722278e+00	1.174212e+05	1.895493e-09	6.000211e-02	3.709388e-03
5.073049e+00	-8.730295e+00	1.183174e+05	1.860824e-09	6.046008e-02	3.641543e-03
5.076326e+00	-8.738257e+00	1.192137e+05	1.827019e-09	6.091805e-02	3.575386e-03
5.079628e+00	-8.746286e+00	1.201236e+05	1.793551e-09	6.138302e-02	3.509892e-03
5.082906e+00	-8.754261e+00	1.210335e+05	1.760917e-09	6.184798e-02	3.446029e-03
5.086208e+00	-8.762303e+00	1.219573e+05	1.728610e-09	6.232005e-02	3.382807e-03
5.089485e+00	-8.770290e+00	1.228811e+05	1.697109e-09	6.279211e-02	3.321160e-03
5.092787e+00	-8.778345e+00	1.238190e+05	1.665924e-09	6.327138e-02	3.260132e-03
5.096065e+00	-8.786345e+00	1.247569e+05	1.635517e-09	6.375064e-02	3.200627e-03
5.099367e+00	-8.794412e+00	1.257091e+05	1.605416e-09	6.423723e-02	3.141721e-03
5.102644e+00	-8.802425e+00	1.266614e+05	1.576066e-09	6.472381e-02	3.084285e-03
5.105946e+00	-8.810506e+00	1.276281e+05	1.547013e-09	6.521783e-02	3.027429e-03
5.109224e+00	-8.818532e+00	1.285949e+05	1.518685e-09	6.571184e-02	2.971992e-03
5.112526e+00	-8.826626e+00	1.295764e+05	1.490643e-09	6.621339e-02	2.917116e-03
5.115803e+00	-8.834666e+00	1.305579e+05	1.463303e-09	6.671495e-02	2.863612e-03
5.119105e+00	-8.842773e+00	1.315544e+05	1.436239e-09	6.722416e-02	2.810649e-03
5.122383e+00	-8.850827e+00	1.325509e+05	1.409852e-09	6.773337e-02	2.759012e-03
5.125685e+00	-8.858948e+00	1.335626e+05	1.383733e-09	6.825035e-02	2.707898e-03
5.128962e+00	-8.867015e+00	1.345743e+05	1.358268e-09	6.876733e-02	2.658064e-03
5.132264e+00	-8.875150e+00	1.356015e+05	1.333061e-09	6.929221e-02	2.608736e-03
5.135542e+00	-8.883231e+00	1.366286e+05	1.308487e-09	6.981708e-02	2.560644e-03
5.138844e+00	-8.891380e+00	1.376715e+05	1.284162e-09	7.034997e-02	2.513043e-03
5.142121e+00	-8.899475e+00	1.387143e+05	1.260448e-09	7.088286e-02	2.466635e-03
5.145423e+00	-8.907639e+00	1.397731e+05	1.236975e-09	7.142388e-02	2.420700e-03
5.148701e+00	-8.915748e+00	1.408318e+05	1.214092e-09	7.196490e-02	2.375919e-03
5.152003e+00	-8.923927e+00	1.419067e+05	1.191443e-09	7.251418e-02	2.331595e-03
5.155280e+00	-8.932051e+00	1.429816e+05	1.169362e-09	7.306346e-02	2.288385e-03
5.158582e+00	-8.940244e+00	1.440730e+05	1.147508e-09	7.362113e-02	2.245618e-03
5.161860e+00	-8.948383e+00	1.451643e+05	1.126204e-09	7.417879e-02	2.203926e-03
5.165162e+00	-8.956591e+00	1.462723e+05	1.105118e-09	7.474497e-02	2.162662e-03
5.168439e+00	-8.964745e+00	1.473803e+05	1.084563e-09	7.531115e-02	2.122437e-03
5.171742e+00	-8.972969e+00	1.485052e+05	1.064219e-09	7.588597e-02	2.082625e-03
5.175019e+00	-8.981138e+00	1.496301e+05	1.044388e-09	7.646079e-02	2.043816e-03
5.178321e+00	-8.989377e+00	1.507721e+05	1.024761e-09	7.704439e-02	2.005408e-03
5.181598e+00	-8.997562e+00	1.519142e+05	1.005629e-09	7.762799e-02	1.967968e-03
5.184901e+00	-9.005817e+00	1.530737e+05	9.866953e-10	7.822049e-02	1.930915e-03
5.188178e+00	-9.014017e+00	1.542332e+05	9.682389e-10	7.881300e-02	1.894796e-03
5.191480e+00	-9.022288e+00	1.554104e+05	9.499737e-10	7.941455e-02	1.859052e-03
5.194757e+00	-9.030505e+00	1.565876e+05	9.321699e-10	8.001610e-02	1.824211e-03
5.198060e+00	-9.038792e+00	1.577828e+05	9.145509e-10	8.062683e-02	1.789732e-03
5.201337e+00	-9.047025e+00	1.589780e+05	8.973774e-10	8.123756e-02	1.756124e-03
5.204639e+00	-9.055329e+00	1.601914e+05	8.803826e-10	8.185762e-02	1.722866e-03
5.207916e+00	-9.063578e+00	1.614048e+05	8.638178e-10	8.247767e-02	1.690449e-03
5.211219e+00	-9.071898e+00	1.626367e+05	8.474259e-10	8.310719e-02	1.658371e-03
5.214496e+00	-9.080164e+00	1.638687e+05	8.314492e-10	8.373671e-02	1.627106e-03
5.217798e+00	-9.088502e+00	1.651194e+05	8.156396e-10	8.437584e-02	1.596167e-03
5.221075e+00	-9.096785e+00	1.663702e+05	8.002308e-10	8.501497e-02	1.566013e-03
5.224378e+00	-9.105139e+00	1.676400e+05	7.849836e-10	8.566386e-02	1.536175e-03
5.227655e+00	-9.113440e+00	1.689098e+05	7.701233e-10	8.631275e-02	1.507094e-03
5.230957e+00	-9.121812e+00	1.701991e+05	7.554192e-10	8.697154e-02	1.478319e-03
5.234234e+00	-9.130130e+00	1.714883e+05	7.410887e-10	8.763033e-02	1.450275e-03
5.237537e+00	-9.138520e+00	1.727972e+05	7.269092e-10	8.829918e-02	1.422526e-03
5.240814e+00	-9.146855e+00	1.741061e+05	7.130903e-10	8.896803e-02	1.395483e-03
5.244116e+00	-9.155264e+00	1.754350e+05	6.994175e-10	8.964709e-02	1.368726e-03
5.247394e+00	-9.163617e+00	1.767639e+05	6.860927e-10	9.032615e-02	1.342650e-03
5.250696e+00	-9.172044e+00	1.781131e+05	6.729090e-10	9.101558e-02	1.316850e-03
5.253973e+00	-9.180416e+00	1.794622e+05	6.600614e-10	9.170500e-02	1.291708e-03
5.257275e+00	-9.188861e+00	1.808320e+05	6.473502e-10	9.240495e-02	1.266833e-03
5.260553e+00	-9.197251e+00	1.822018e+05	6.349633e-10	9.310490e-02	1.242592e-03
5.263855e+00	-9.205715e+00	1.835924e+05	6.227083e-10	9.381553e-02	1.218610e-03
5.267132e+00	-9.214125e+00	1.849831e+05	6.107663e-10	9.452617e-02	1.195240e-03
5.270434e+00	-9.222608e+00	1.863950e+05	5.989518e-10	9.524765e-02	1.172120e-03
5.273712e+00	-9.231037e+00	1.878069e+05	5.874395e-10	9.596913e-02	1.149590e-03
5.277014e+00	-9.239540e+00	1.892404e+05	5.760504e-10	9.670163e-02	1.127303e-03
5.280291e+00	-9.247988e+00	1.906738e+05	5.649529e-10	9.743413e-02	1.105585e-03
5.283593e+00	-9.256510e+00	1.921292e+05	5.539745e-10	9.817780e-02	1.084101e-03
5.286871e+00	-9.264978e+00	1.935845e+05	5.432775e-10	9.892148e-02	1.063168e-03
5.290173e+00	-9.273521e+00	1.950621e+05	5.326957e-10	9.967651e-02	1.042460e-03
5.293450e+00	-9.282009e+00	1.965396e+05	5.223855e-10	1.004315e-01	1.022283e-03
5.296752e+00	-9.290572e+00	1.980398e+05	5.121865e-10	1.011981e-01	1.002324e-03
5.300030e+00	-9.299080e+00	1.995399e+05	5.022496e-10	1.019647e-01	9.828781e-04
5.303332e+00	-9.307664e+00	2.010629e+05	4.924204e-10	1.027429e-01	9.636427e-04
5.306609e+00	-9.316193e+00	2.025859e+05	4.828439e-10	1.035212e-01	9.449020e-04
5.309911e+00	-9.324798e+00	2.041322e+05	4.733715e-10	1.043113e-01	9.263650e-04
5.313189e+00	-9.333348e+00	2.056784e+05	4.641430e-10	1.051014e-01	9.083053e-04
5.316491e+00	-9.341974e+00	2.072483e+05	4.550151e-10	1.059036e-01	8.904425e-04
5.319768e+00	-9.350546e+00	2.088181e+05	4.461226e-10	1.067058e-01	8.730402e-04
5.323070e+00	-9.359193e+00	2.104120e+05	4.373273e-10	1.075203e-01	8.558282e-04
5.326348e+00	-9.367787e+00	2.120058e+05	4.287590e-10	1.083347e-01	8.390606e-04
5.329650e+00	-9.376456e+00	2.136240e+05	4.202847e-10	1.091616e-01	8.224768e-04
5.332927e+00	-9.385072e+00	2.152421e+05	4.120295e-10	1.099885e-01	8.063217e-04
5.336229e+00	-9.393764e+00	2.168850e+05	4.038651e-10	1.108280e-01	7.903444e-04
5.339507e+00	-9.402401e+00	2.185278e+05	3.959120e-10	1.116675e-01	7.747806e-04
5.342809e+00	-9.411116e+00	2.201958e+05	3.880467e-10	1.125198e-01	7.593886e-04
5.346086e+00	-9.419776e+00	2.218637e+05	3.803853e-10	1.133721e-01	7.443955e-04
5.349389e+00	-9.428514e+00	2.235571e+05	3.728087e-10	1.142374e-01	7.295685e-04
5.352666e+00	-9.437197e+00	2.252505e+05	3.654287e-10	1.151028e-01	7.151263e-04
5.355968e+00	-9.445958e+00	2.269698e+05	3.581308e-10	1.159813e-01	7.008445e-04
5.359245e+00	-9.454665e+00	2.286890e+05	3.510225e-10	1.168598e-01	6.869339e-04
5.362548e+00	-9.463450e+00	2.304345e+05	3.439934e-10	1.177518e-01	6.731783e-04
5.365825e+00	-9.472180e+00	2.321800e+05	3.371473e-10	1.186437e-01	6.597808e-04
5.369127e+00	-9.480989e+00	2.339522e+05	3.303777e-10	1.195493e-01	6.465331e-04
5.372404e+00	-9.489744e+00	2.357243e+05	3.237846e-10	1.204549e-01	6.336308e-04
5.375707e+00	-9.498577e+00	2.375235e+05	3.172655e-10	1.213743e-01	6.208732e-04
5.378984e+00	-9.507356e+00	2.393227e+05	3.109166e-10	1.222936e-01	6.084486e-04
5.382286e+00	-9.516214e+00	2.411494e+05	3.046391e-10	1.232271e-01	5.961639e-04
5.385563e+00	-9.525018e+00	2.429760e+05	2.985258e-10	1.241605e-01	5.842004e-04
5.388866e+00	-9.533902e+00	2.448306e+05	2.924815e-10	1.251082e-01	5.723721e-04
5.392143e+00	-9.542731e+00	2.466851e+05	2.865955e-10	1.260558e-01	5.608535e-04
5.395445e+00	-9.551640e+00	2.485680e+05	2.807762e-10	1.270180e-01	5.494654e-04
5.398722e+00	-9.560494e+00	2.504508e+05	2.751096e-10	1.279801e-01	5.383760e-04
5.402025e+00	-9.569429e+00	2.523624e+05	2.695074e-10	1.289569e-01	5.274129e-04
5.405302e+00	-9.578310e+00	2.542740e+05	2.640524e-10	1.299337e-01	5.167376e-04
5.408604e+00	-9.587271e+00	2.562148e+05	2.586596e-10	1.309255e-01	5.061843e-04
5.411881e+00	-9.596178e+00	2.581556e+05	2.534088e-10	1.319172e-01	4.959086e-04
5.415184e+00	-9.605167e+00	2.601260e+05	2.482181e-10	1.329241e-01	4.857507e-04
5.418461e+00	-9.614100e+00	2.620964e+05	2.431642e-10	1.339310e-01	4.758605e-04
5.421763e+00	-9.623116e+00	2.640969e+05	2.381685e-10	1.349532e-01	4.660841e-04
5.425041e+00	-9.632077e+00	2.660973e+05	2.333046e-10	1.359754e-01	4.565657e-04
5.428343e+00	-9.641120e+00	2.681284e+05	2.284968e-10	1.370133e-01	4.471572e-04
5.431620e+00	-9.650108e+00	2.701594e+05	2.238162e-10	1.380511e-01	4.379975e-04
5.434922e+00	-9.659179e+00	2.722214e+05	2.191899e-10	1.391048e-01	4.289440e-04
5.438200e+00	-9.668196e+00	2.742834e+05	2.146861e-10	1.401585e-01	4.201302e-04
5.441502e+00	-9.677296e+00	2.763769e+05	2.102347e-10	1.412283e-01	4.114191e-04
5.444779e+00	-9.686341e+00	2.784704e+05	2.059014e-10	1.422981e-01	4.029390e-04
5.448081e+00	-9.695469e+00	2.805959e+05	2.016187e-10	1.433842e-01	3.945580e-04
5.451359e+00	-9.704543e+00	2.827213e+05	1.974499e-10	1.444703e-01	3.863998e-04
5.454661e+00	-9.713701e+00	2.848792e+05	1.933299e-10	1.455730e-01	3.783372e-04
5.457938e+00	-9.722804e+00	2.870372e+05	1.893197e-10	1.466757e-01	3.704894e-04
5.461240e+00	-9.731992e+00	2.892280e+05	1.853566e-10	1.477952e-01	3.627339e-04
5.464518e+00	-9.741125e+00	2.914188e+05	1.814993e-10	1.489147e-01	3.551853e-04
5.467820e+00	-9.750343e+00	2.936431e+05	1.776876e-10	1.500513e-01	3.477261e-04
5.471097e+00	-9.759506e+00	2.958674e+05	1.739778e-10	1.511879e-01	3.404661e-04
5.474399e+00	-9.768755e+00	2.981257e+05	1.703120e-10	1.523419e-01	3.332924e-04
5.477677e+00	-9.777949e+00	3.003839e+05	1.667444e-10	1.534959e-01	3.263107e-04
5.480979e+00	-9.787228e+00	3.026766e+05	1.632193e-10	1.546674e-01	3.194123e-04
5.484256e+00	-9.796454e+00	3.049693e+05	1.597888e-10	1.558390e-01	3.126989e-04
5.487558e+00	-9.805765e+00	3.072971e+05	1.563994e-10	1.570285e-01	3.060660e-04
5.490836e+00	-9.815022e+00	3.096248e+05	1.531010e-10	1.582179e-01	2.996113e-04
5.494138e+00	-9.824365e+00	3.119880e+05	1.498424e-10	1.594255e-01	2.932343e-04
5.497415e+00	-9.833654e+00	3.143513e+05	1.466715e-10	1.606332e-01	2.870289e-04
5.500717e+00	-9.843030e+00	3.167506e+05	1.435389e-10	1.618592e-01	2.808986e-04
5.503995e+00	-9.852352e+00	3.191499e+05	1.404908e-10	1.630853e-01	2.749337e-04
5.507297e+00	-9.861761e+00	3.215859e+05	1.374797e-10	1.643300e-01	2.690412e-04
5.510574e+00	-9.871116e+00	3.240218e+05	1.345501e-10	1.655748e-01	2.633079e-04
5.513876e+00	-9.880559e+00	3.264950e+05	1.316561e-10	1.668386e-01	2.576447e-04
5.517154e+00	-9.889947e+00	3.289681e+05	1.288406e-10	1.681023e-01	2.521348e-04
5.520456e+00	-9.899424e+00	3.314790e+05	1.260595e-10	1.693854e-01	2.466924e-04
5.523733e+00	-9.908847e+00	3.339899e+05	1.233540e-10	1.706685e-01	2.413977e-04
5.527036e+00	-9.918358e+00	3.365391e+05	1.206817e-10	1.719711e-01	2.361683e-04
5.530313e+00	-9.927816e+00	3.390883e+05	1.180822e-10	1.732738e-01	2.310811e-04
5.533615e+00	-9.937362e+00	3.416764e+05	1.155148e-10	1.745963e-01	2.260568e-04
5.536892e+00	-9.946855e+00	3.442646e+05	1.130174e-10	1.759188e-01	2.211695e-04
5.540195e+00	-9.956437e+00	3.468922e+05	1.105510e-10	1.772615e-01	2.163429e-04
5.543472e+00	-9.965966e+00	3.495199e+05	1.081520e-10	1.786043e-01	2.116482e-04
5.546774e+00	-9.975584e+00	3.521876e+05	1.057830e-10	1.799675e-01	2.070121e-04
5.550051e+00	-9.985149e+00	3.548554e+05	1.034788e-10	1.813307e-01	2.025029e-04
5.553354e+00	-9.994804e+00	3.575638e+05	1.012035e-10	1.827147e-01	1.980504e-04
5.556631e+00	-1.000441e+01	3.602723e+05	9.899071e-11	1.840988e-01	1.937200e-04
5.559933e+00	-1.001410e+01	3.630221e+05	9.680581e-11	1.855039e-01	1.894443e-04
5.563210e+00	-1.002374e+01	3.657720e+05	9.468099e-11	1.869091e-01	1.852861e-04
5.566513e+00	-1.003347e+01	3.685638e+05	9.258312e-11	1.883357e-01	1.811807e-04
5.569790e+00	-1.004314e+01	3.713556e+05	9.054308e-11	1.897623e-01	1.771884e-04
5.573092e+00	-1.005291e+01	3.741900e+05	8.852904e-11	1.912107e-01	1.732470e-04
5.576369e+00	-1.006263e+01	3.770244e+05	8.657064e-11	1.926591e-01	1.694145e-04
5.579672e+00	-1.007244e+01	3.799021e+05	8.463734e-11	1.941295e-01	1.656312e-04
5.582949e+00	-1.008219e+01	3.827798e+05	8.275757e-11	1.956000e-01	1.619525e-04
5.586251e+00	-1.009204e+01	3.857014e+05	8.090202e-11	1.970930e-01	1.583213e-04
5.589528e+00	-1.010183e+01	3.886230e+05	7.909798e-11	1.985859e-01	1.547909e-04
5.592831e+00	-1.011172e+01	3.915892e+05	7.731731e-11	2.001017e-01	1.513062e-04
5.596108e+00	-1.012156e+01	3.945554e+05	7.558619e-11	2.016174e-01	1.479185e-04
5.599410e+00	-1.013149e+01	3.975669e+05	7.387760e-11	2.031563e-01	1.445749e-04
5.602688e+00	-1.014136e+01	4.005784e+05	7.221669e-11	2.046951e-01	1.413245e-04
5.605990e+00	-1.015133e+01	4.036359e+05	7.057751e-11	2.062575e-01	1.381168e-04
5.609267e+00	-1.016125e+01	4.066933e+05	6.898418e-11	2.078198e-01	1.349987e-04
5.612569e+00	-1.017126e+01	4.097975e+05	6.741183e-11	2.094061e-01	1.319217e-04
5.615847e+00	-1.018122e+01	4.129016e+05	6.588357e-11	2.109923e-01	1.289309e-04
5.619149e+00	-1.019128e+01	4.160531e+05	6.437554e-11	2.126027e-01	1.259798e-04
5.622426e+00	-1.020128e+01	4.192046e+05	6.290990e-11	2.142131e-01	1.231116e-04
5.625728e+00	-1.021138e+01	4.224043e+05	6.146377e-11	2.158481e-01	1.202816e-04
5.629006e+00	-1.022143e+01	4.256039e+05	6.005841e-11	2.174831e-01	1.175314e-04
5.632308e+00	-1.023157e+01	4.288524e+05	5.867187e-11	2.191431e-01	1.148180e-04
5.635585e+00	-1.024166e+01	4.321008e+05	5.732451e-11	2.208031e-01	1.121813e-04
5.638887e+00	-1.025185e+01	4.353989e+05	5.599530e-11	2.224884e-01	1.095801e-04
5.642165e+00	-1.026198e+01	4.386970e+05	5.470376e-11	2.241737e-01	1.070526e-04
5.645467e+00	-1.027222e+01	4.420454e+05	5.342972e-11	2.258847e-01	1.045594e-04
5.648744e+00	-1.028240e+01	4.453938e+05	5.219189e-11	2.275957e-01	1.021370e-04
5.652046e+00	-1.029268e+01	4.487933e+05	5.097092e-11	2.293329e-01	9.974761e-05
5.655324e+00	-1.030290e+01	4.521928e+05	4.978475e-11	2.310700e-01	9.742634e-05
5.658626e+00	-1.031323e+01	4.556442e+05	4.861484e-11	2.328337e-01	9.513689e-05
5.661903e+00	-1.032350e+01	4.590957e+05	4.747837e-11	2.345974e-01	9.291287e-05
5.665205e+00	-1.033388e+01	4.625998e+05	4.635758e-11	2.363880e-01	9.071953e-05
5.668483e+00	-1.034420e+01	4.661039e+05	4.526891e-11	2.381786e-01	8.858906e-05
5.671785e+00	-1.035462e+01	4.696615e+05	4.419535e-11	2.399965e-01	8.648815e-05
5.675062e+00	-1.036499e+01	4.732191e+05	4.315265e-11	2.418144e-01	8.444764e-05
5.678364e+00	-1.037547e+01	4.768310e+05	4.212452e-11	2.436601e-01	8.243563e-05
5.681642e+00	-1.038588e+01	4.804429e+05	4.112603e-11	2.455058e-01	8.048163e-05
5.684944e+00	-1.039641e+01	4.841099e+05	4.014157e-11	2.473796e-01	7.855509e-05
5.688221e+00	-1.040687e+01	4.877769e+05	3.918558e-11	2.492535e-01	7.668427e-05
5.691523e+00	-1.041745e+01	4.914999e+05	3.824311e-11	2.511559e-01	7.483991e-05
5.694801e+00	-1.042797e+01	4.952230e+05	3.732799e-11	2.530584e-01	7.304905e-05
5.698103e+00	-1.043859e+01	4.990028e+05	3.642589e-11	2.549899e-01	7.128369e-05
5.701380e+00	-1.044916e+01	5.027827e+05	3.555004e-11	2.569214e-01	6.956969e-05
5.704683e+00	-1.045984e+01	5.066202e+05	3.468674e-11	2.588824e-01	6.788026e-05
5.707960e+00	-1.047046e+01	5.104578e+05	3.384864e-11	2.608434e-01	6.624014e-05
5.711262e+00	-1.048119e+01	5.143539e+05	3.302263e-11	2.628343e-01	6.462367e-05
5.714539e+00	-1.049186e+01	5.182500e+05	3.222081e-11	2.648252e-01	6.305455e-05
5.717842e+00	-1.050265e+01	5.222056e+05	3.143063e-11	2.668465e-01	6.150821e-05
5.721119e+00	-1.051338e+01	5.261612e+05	3.066366e-11	2.688678e-01	6.000730e-05
5.724421e+00	-1.052421e+01	5.301772e+05	2.990791e-11	2.709200e-01	5.852832e-05
5.727698e+00	-1.053500e+01	5.341932e+05	2.917444e-11	2.729722e-01	5.709295e-05
5.731001e+00	-1.054589e+01	5.382705e+05	2.845175e-11	2.750556e-01	5.567870e-05
5.734278e+00	-1.055673e+01	5.423478e+05	2.775045e-11	2.771391e-01	5.430628e-05
5.737580e+00	-1.056768e+01	5.464873e+05	2.705953e-11	2.792544e-01	5.295419e-05
5.740857e+00	-1.057857e+01	5.506269e+05	2.638913e-11	2.813697e-01	5.164224e-05
5.744160e+00	-1.058958e+01	5.548296e+05	2.572872e-11	2.835173e-01	5.034985e-05
5.747437e+00	-1.060053e+01	5.590323e+05	2.508798e-11	2.856649e-01	4.909596e-05
5.750739e+00	-1.061160e+01	5.632992e+05	2.445687e-11	2.878453e-01	4.786090e-05
5.754016e+00	-1.062261e+01	5.675661e+05	2.384462e-11	2.900257e-01	4.666276e-05
5.757319e+00	-1.063373e+01	5.718981e+05	2.324163e-11	2.922393e-01	4.548274e-05
5.760596e+00	-1.064480e+01	5.762301e+05	2.265673e-11	2.944530e-01	4.433812e-05
5.763898e+00	-1.065599e+01	5.806283e+05	2.208074e-11	2.967004e-01	4.321094e-05
5.767175e+00	-1.066712e+01	5.850264e+05	2.152209e-11	2.989479e-01	4.211769e-05
5.770478e+00	-1.067836e+01	5.894917e+05	2.097202e-11	3.012296e-01	4.104122e-05
5.773755e+00	-1.068955e+01	5.939570e+05	2.043856e-11	3.035114e-01	3.999728e-05
5.777057e+00	-1.070086e+01	5.984904e+05	1.991336e-11	3.058280e-01	3.896947e-05
5.780335e+00	-1.071211e+01	6.030239e+05	1.940408e-11	3.081445e-01	3.797283e-05
5.783637e+00	-1.072348e+01	6.076265e+05	1.890273e-11	3.104965e-01	3.699172e-05
5.786914e+00	-1.073479e+01	6.122292e+05	1.841664e-11	3.128484e-01	3.604047e-05
5.790216e+00	-1.074622e+01	6.169021e+05	1.793818e-11	3.152363e-01	3.510414e-05
5.793494e+00	-1.075760e+01	6.215750e+05	1.747434e-11	3.176242e-01	3.419643e-05
5.796796e+00	-1.076910e+01	6.263193e+05	1.701783e-11	3.200485e-01	3.330306e-05
5.800073e+00	-1.078054e+01	6.310635e+05	1.657532e-11	3.224728e-01	3.243710e-05
5.803375e+00	-1.079210e+01	6.358802e+05	1.613987e-11	3.249341e-01	3.158494e-05
5.806653e+00	-1.080361e+01	6.406968e+05	1.571782e-11	3.273954e-01	3.075901e-05
5.809955e+00	-1.081524e+01	6.455870e+05	1.530255e-11	3.298943e-01	2.994635e-05
5.813232e+00	-1.082681e+01	6.504772e+05	1.490012e-11	3.323932e-01	2.915881e-05
5.816534e+00	-1.083851e+01	6.554421e+05	1.450420e-11	3.349302e-01	2.838401e-05
5.819812e+00	-1.085015e+01	6.604069e+05	1.412057e-11	3.374672e-01	2.763326e-05
5.823114e+00	-1.086191e+01	6.654476e+05	1.374319e-11	3.400430e-01	2.689475e-05
5.826391e+00	-1.087362e+01	6.704882e+05	1.337758e-11	3.426187e-01	2.617926e-05
5.829693e+00	-1.088546e+01	6.756058e+05	1.301797e-11	3.452338e-01	2.547553e-05
5.832971e+00	-1.089724e+01	6.807234e+05	1.266962e-11	3.478489e-01	2.479383e-05
5.836273e+00	-1.090914e+01	6.859191e+05	1.232704e-11	3.505039e-01	2.412341e-05
5.839550e+00	-1.092099e+01	6.911148e+05	1.199522e-11	3.531589e-01	2.347407e-05
5.842852e+00	-1.093297e+01	6.963898e+05	1.166895e-11	3.558544e-01	2.283557e-05
5.846130e+00	-1.094489e+01	7.016648e+05	1.135298e-11	3.585500e-01	2.221722e-05
5.849432e+00	-1.095694e+01	7.070204e+05	1.104232e-11	3.612866e-01	2.160929e-05
5.852709e+00	-1.096893e+01	7.123759e+05	1.074151e-11	3.640233e-01	2.102062e-05
5.856011e+00	-1.098106e+01	7.178132e+05	1.044581e-11	3.668018e-01	2.044195e-05
5.859289e+00	-1.099313e+01	7.232505e+05	1.015953e-11	3.695802e-01	1.988170e-05
5.862591e+00	-1.100532e+01	7.287708e+05	9.878139e-12	3.724011e-01	1.933104e-05
5.865868e+00	-1.101747e+01	7.342911e+05	9.605749e-12	3.752219e-01	1.879798e-05
5.869170e+00	-1.102974e+01	7.398956e+05	9.338062e-12	3.780859e-01	1.827413e-05
5.872448e+00	-1.104196e+01	7.455002e+05	9.078971e-12	3.809498e-01	1.776710e-05
5.875750e+00	-1.105432e+01	7.511903e+05	8.824391e-12	3.838574e-01	1.726890e-05
5.879027e+00	-1.106661e+01	7.568805e+05	8.578024e-12	3.867651e-01	1.678678e-05
5.882330e+00	-1.107904e+01	7.626574e+05	8.335984e-12	3.897171e-01	1.631311e-05
5.885607e+00	-1.109142e+01	7.684344e+05	8.101787e-12	3.926691e-01	1.585480e-05
5.888909e+00	-1.110393e+01	7.742996e+05	7.871739e-12	3.956662e-01	1.540461e-05
5.892186e+00	-1.111639e+01	7.801648e+05	7.649181e-12	3.986633e-01	1.496907e-05
5.895489e+00	-1.112898e+01	7.861195e+05	7.430599e-12	4.017062e-01	1.454132e-05
5.898766e+00	-1.114151e+01	7.920742e+05	7.219167e-12	4.047490e-01	1.412756e-05
5.902068e+00	-1.115419e+01	7.981198e+05	7.011545e-12	4.078383e-01	1.372125e-05
5.905345e+00	-1.116681e+01	8.041654e+05	6.810748e-12	4.109276e-01	1.332830e-05
5.908648e+00	-1.117956e+01	8.103032e+05	6.613602e-12	4.140641e-01	1.294250e-05
5.911925e+00	-1.119226e+01	8.164411e+05	6.422966e-12	4.172005e-01	1.256943e-05
5.915227e+00	-1.120511e+01	8.226727e+05	6.235828e-12	4.203849e-01	1.220321e-05
5.918504e+00	-1.121789e+01	8.289043e+05	6.054901e-12	4.235692e-01	1.184915e-05
5.921807e+00	-1.123082e+01	8.352310e+05	5.877322e-12	4.268021e-01	1.150163e-05
5.925084e+00	-1.124369e+01	8.415577e+05	5.705666e-12	4.300351e-01	1.116571e-05
5.928386e+00	-1.125671e+01	8.479810e+05	5.537217e-12	4.333174e-01	1.083606e-05
5.931663e+00	-1.126967e+01	8.544043e+05	5.374413e-12	4.365997e-01	1.051746e-05
5.934966e+00	-1.128277e+01	8.609257e+05	5.214678e-12	4.399321e-01	1.020487e-05
5.938243e+00	-1.129582e+01	8.674470e+05	5.060325e-12	4.432645e-01	9.902809e-06
5.941545e+00	-1.130902e+01	8.740679e+05	4.908907e-12	4.466477e-01	9.606493e-06
5.944822e+00	-1.132215e+01	8.806888e+05	4.762617e-12	4.500310e-01	9.320210e-06
5.948125e+00	-1.133544e+01	8.874108e+05	4.619136e-12	4.534659e-01	9.039424e-06
5.951402e+00	-1.134867e+01	8.941327e+05	4.480538e-12	4.569008e-01	8.768195e-06
5.954704e+00	-1.136205e+01	9.009573e+05	4.344627e-12	4.603882e-01	8.502223e-06
5.957982e+00	-1.137537e+01	9.077819e+05	4.213365e-12	4.638755e-01	8.245351e-06
5.961284e+00	-1.138884e+01	9.147106e+05	4.084672e-12	4.674161e-01	7.993504e-06
5.964561e+00	-1.140226e+01	9.216394e+05	3.960405e-12	4.709567e-01	7.750320e-06
5.967863e+00	-1.141583e+01	9.286739e+05	3.838593e-12	4.745514e-01	7.511939e-06
5.971141e+00	-1.142934e+01	9.357084e+05	3.720993e-12	4.781460e-01	7.281802e-06
5.974443e+00	-1.144301e+01	9.428503e+05	3.605738e-12	4.817955e-01	7.056254e-06
5.977720e+00	-1.145662e+01	9.499923e+05	3.494490e-12	4.854450e-01	6.838548e-06
5.981022e+00	-1.147038e+01	9.572432e+05	3.385483e-12	4.891502e-01	6.625225e-06
5.984300e+00	-1.148409e+01	9.644941e+05	3.280286e-12	4.928554e-01	6.419360e-06
5.987602e+00	-1.149795e+01	9.718557e+05	3.177228e-12	4.966172e-01	6.217680e-06
5.990879e+00	-1.151176e+01	9.792173e+05	3.077792e-12	5.003790e-01	6.023090e-06
5.994181e+00	-1.152573e+01	9.866913e+05	2.980399e-12	5.041982e-01	5.832495e-06
5.997459e+00	-1.153964e+01	9.941653e+05	2.886448e-12	5.080174e-01	5.648638e-06
6.000761e+00	-1.155370e+01	1.001753e+06	2.794445e-12	5.118949e-01	5.468593e-06
6.004038e+00	-1.156772e+01	1.009342e+06	2.705714e-12	5.157724e-01	5.294950e-06
6.007340e+00	-1.158189e+01	1.017045e+06	2.618840e-12	5.197091e-01	5.124942e-06
6.010618e+00	-1.159601e+01	1.024749e+06	2.535073e-12	5.236458e-01	4.961014e-06
6.013920e+00	-1.161029e+01	1.032571e+06	2.453077e-12	5.276426e-01	4.800552e-06
6.017197e+00	-1.162451e+01	1.040392e+06	2.374030e-12	5.316394e-01	4.645862e-06
6.020499e+00	-1.163890e+01	1.048333e+06	2.296672e-12	5.356972e-01	4.494476e-06
6.023777e+00	-1.165323e+01	1.056274e+06	2.222113e-12	5.397550e-01	4.348568e-06
6.027079e+00	-1.166773e+01	1.064336e+06	2.149163e-12	5.438747e-01	4.205808e-06
6.030356e+00	-1.168217e+01	1.072399e+06	2.078868e-12	5.479945e-01	4.068244e-06
6.033658e+00	-1.169678e+01	1.080584e+06	2.010105e-12	5.521771e-01	3.933678e-06
6.036936e+00	-1.171133e+01	1.088769e+06	1.943860e-12	5.563597e-01	3.804040e-06
6.040238e+00	-1.172606e+01	1.097079e+06	1.879074e-12	5.606062e-01	3.677257e-06
6.043515e+00	-1.174072e+01	1.105389e+06	1.816675e-12	5.648527e-01	3.555144e-06
6.046817e+00	-1.175556e+01	1.113826e+06	1.755664e-12	5.691640e-01	3.435749e-06
6.050095e+00	-1.177034e+01	1.122263e+06	1.696914e-12	5.734753e-01	3.320779e-06
6.053397e+00	-1.178529e+01	1.130829e+06	1.639486e-12	5.778524e-01	3.208394e-06
6.056674e+00	-1.180019e+01	1.139395e+06	1.584199e-12	5.822296e-01	3.100200e-06
6.059977e+00	-1.181526e+01	1.148091e+06	1.530168e-12	5.866735e-01	2.994465e-06
6.063254e+00	-1.183028e+01	1.156788e+06	1.478165e-12	5.911174e-01	2.892698e-06
6.066556e+00	-1.184547e+01	1.165617e+06	1.427357e-12	5.956292e-01	2.793267e-06
6.069833e+00	-1.186060e+01	1.174447e+06	1.378467e-12	6.001410e-01	2.697592e-06
6.073136e+00	-1.187592e+01	1.183411e+06	1.330711e-12	6.047216e-01	2.604137e-06
6.076413e+00	-1.189117e+01	1.192375e+06	1.284771e-12	6.093023e-01	2.514234e-06
6.079715e+00	-1.190661e+01	1.201476e+06	1.239908e-12	6.139529e-01	2.426440e-06
6.082992e+00	-1.192199e+01	1.210577e+06	1.196762e-12	6.186034e-01	2.342004e-06
6.086295e+00	-1.193755e+01	1.219817e+06	1.154638e-12	6.233250e-01	2.259570e-06
6.089572e+00	-1.195306e+01	1.229057e+06	1.114136e-12	6.280466e-01	2.180311e-06
6.092874e+00	-1.196875e+01	1.238437e+06	1.074605e-12	6.328402e-01	2.102950e-06
6.096151e+00	-1.198439e+01	1.247818e+06	1.036607e-12	6.376339e-01	2.028589e-06
6.099454e+00	-1.200020e+01	1.257343e+06	9.995284e-13	6.425007e-01	1.956028e-06
6.102731e+00	-1.201597e+01	1.266867e+06	9.638970e-13	6.473675e-01	1.886299e-06
6.106033e+00	-1.203192e+01	1.276536e+06	9.291381e-13	6.523086e-01	1.818278e-06
6.109310e+00	-1.204782e+01	1.286206e+06	8.957448e-13	6.572497e-01	1.752929e-06
6.112613e+00	-1.206390e+01	1.296023e+06	8.631782e-13	6.622662e-01	1.689198e-06
6.115890e+00	-1.207993e+01	1.305840e+06	8.318998e-13	6.672828e-01	1.627987e-06
6.119192e+00	-1.209615e+01	1.315807e+06	8.014043e-13	6.723759e-01	1.568309e-06
6.122469e+00	-1.211231e+01	1.325774e+06	7.721234e-13	6.774690e-01	1.511008e-06
6.125772e+00	-1.212867e+01	1.335893e+06	7.435836e-13	6.826399e-01	1.455157e-06
6.129049e+00	-1.214497e+01	1.346012e+06	7.161883e-13	6.878107e-01	1.401546e-06
6.132351e+00	-1.216147e+01	1.356286e+06	6.894942e-13	6.930605e-01	1.349307e-06
6.135629e+00	-1.217791e+01	1.366559e+06	6.638782e-13	6.983103e-01	1.299177e-06
6.138931e+00	-1.219455e+01	1.376990e+06	6.389251e-13	7.036403e-01	1.250345e-06
6.142208e+00	-1.221113e+01	1.387420e+06	6.149870e-13	7.089702e-01	1.203500e-06
6.145510e+00	-1.222792e+01	1.398010e+06	5.916754e-13	7.143815e-01	1.157880e-06
6.148788e+00	-1.224464e+01	1.408600e+06	5.693187e-13	7.197928e-01	1.114129e-06
6.152090e+00	-1.226157e+01	1.419351e+06	5.475539e-13	7.252867e-01	1.071536e-06
6.155367e+00	-1.227845e+01	1.430102e+06	5.266871e-13	7.307806e-01	1.030701e-06
6.158669e+00	-1.229552e+01	1.441018e+06	5.063789e-13	7.363584e-01	9.909589e-07
6.161947e+00	-1.231255e+01	1.451933e+06	4.869148e-13	7.419362e-01	9.528686e-07
6.165249e+00	-1.232977e+01	1.463015e+06	4.679779e-13	7.475991e-01	9.158099e-07
6.168526e+00	-1.234695e+01	1.474097e+06	4.498337e-13	7.532620e-01	8.803027e-07
6.171828e+00	-1.236433e+01	1.485348e+06	4.321867e-13	7.590114e-01	8.457683e-07
6.175106e+00	-1.238165e+01	1.496600e+06	4.152839e-13	7.647607e-01	8.126904e-07
6.178408e+00	-1.239919e+01	1.508023e+06	3.988495e-13	7.705979e-01	7.805292e-07
6.181685e+00	-1.241667e+01	1.519446e+06	3.831135e-13	7.764350e-01	7.497346e-07
6.184987e+00	-1.243437e+01	1.531043e+06	3.678187e-13	7.823612e-01	7.198034e-07
6.188265e+00	-1.245201e+01	1.542640e+06	3.531788e-13	7.882875e-01	6.911536e-07
6.191567e+00	-1.246986e+01	1.554415e+06	3.389541e-13	7.943042e-01	6.633166e-07
6.194844e+00	-1.248766e+01	1.566189e+06	3.253430e-13	8.003209e-01	6.366804e-07
6.198146e+00	-1.250567e+01	1.578143e+06	3.121226e-13	8.064294e-01	6.108087e-07
6.201424e+00	-1.252364e+01	1.590097e+06	2.994769e-13	8.125380e-01	5.860616e-07
6.204726e+00	-1.254182e+01	1.602234e+06	2.871984e-13	8.187398e-01	5.620332e-07
6.208003e+00	-1.255994e+01	1.614370e+06	2.754578e-13	8.249415e-01	5.390575e-07
6.211305e+00	-1.257829e+01	1.626692e+06	2.640622e-13	8.312380e-01	5.167569e-07
6.214583e+00	-1.259659e+01	1.639014e+06	2.531697e-13	8.375345e-01	4.954408e-07
6.217885e+00	-1.261511e+01	1.651524e+06	2.426011e-13	8.439271e-01	4.747586e-07
6.221162e+00	-1.263357e+01	1.664034e+06	2.325029e-13	8.503196e-01	4.549968e-07
6.224464e+00	-1.265226e+01	1.676735e+06	2.227084e-13	8.568098e-01	4.358296e-07
6.227742e+00	-1.267090e+01	1.689436e+06	2.133533e-13	8.633000e-01	4.175221e-07
6.231044e+00	-1.268977e+01	1.702331e+06	2.042831e-13	8.698892e-01	3.997722e-07
6.234321e+00	-1.270858e+01	1.715226e+06	1.956230e-13	8.764785e-01	3.828247e-07
6.237623e+00	-1.272762e+01	1.728317e+06	1.872298e-13	8.831683e-01	3.663996e-07
6.240901e+00	-1.274662e+01	1.741409e+06	1.792192e-13	8.898581e-01	3.507232e-07
6.244203e+00	-1.276584e+01	1.754701e+06	1.714584e-13	8.966501e-01	3.355358e-07
6.247480e+00	-1.278501e+01	1.767992e+06	1.640543e-13	9.034420e-01	3.210462e-07
6.250783e+00	-1.280442e+01	1.781486e+06	1.568839e-13	9.103377e-01	3.070142e-07
6.254060e+00	-1.282378e+01	1.794981e+06	1.500457e-13	9.172333e-01	2.936322e-07
6.257362e+00	-1.284337e+01	1.808681e+06	1.434261e-13	9.242342e-01	2.806779e-07
6.260639e+00	-1.286291e+01	1.822382e+06	1.371157e-13	9.312351e-01	2.683288e-07
6.263942e+00	-1.288270e+01	1.836291e+06	1.310095e-13	9.383428e-01	2.563791e-07
6.267219e+00	-1.290243e+01	1.850201e+06	1.251908e-13	9.454506e-01	2.449924e-07
6.270521e+00	-1.292240e+01	1.864323e+06	1.195628e-13	9.526669e-01	2.339785e-07
6.273798e+00	-1.294233e+01	1.878445e+06	1.142020e-13	9.598831e-01	2.234878e-07
6.277101e+00	-1.296250e+01	1.892782e+06	1.090190e-13	9.672096e-01	2.133449e-07
6.280378e+00	-1.298261e+01	1.907119e+06	1.040843e-13	9.745360e-01	2.036879e-07
6.283680e+00	-1.300298e+01	1.921676e+06	9.931522e-14	9.819742e-01	1.943551e-07
6.286957e+00	-1.302330e+01	1.936232e+06	9.477653e-14	9.894125e-01	1.854731e-07
6.290260e+00	-1.304387e+01	1.951011e+06	9.039210e-14	9.969643e-01	1.768929e-07
6.293537e+00	-1.306439e+01	1.965789e+06	8.622129e-14	1.004516e+00	1.687309e-07
6.296839e+00	-1.308516e+01	1.980793e+06	8.219401e-14	1.012183e+00	1.608497e-07
6.300116e+00	-1.310588e+01	1.995797e+06	7.836466e-14	1.019850e+00	1.533558e-07
6.303419e+00	-1.312686e+01	2.011031e+06	7.466873e-14	1.027634e+00	1.461231e-07
6.306696e+00	-1.314779e+01	2.026264e+06	7.115603e-14	1.035419e+00	1.392489e-07
6.309998e+00	-1.316898e+01	2.041729e+06	6.776727e-14	1.043322e+00	1.326172e-07
6.313275e+00	-1.319012e+01	2.057195e+06	6.454797e-14	1.051224e+00	1.263172e-07
