########################################################################
#_obs is as observed from the earth: beaming+cosmo   
#log(nu_obs) log(nuFnu_somma_obs)  log(nuFnu_Sync_obs) log(nuFnu_SSC_obs)  log(nu_Fnu_Disk_obs) log(nu_Fnu_DT_obs)  log(nu_Fnu_Star_obs) log(nu_Fnu_EC_Disk_obs) log(nu_Fnu_EC_BLR_obs) log(nu_Fnu_EC_DT_obs)   log(nu_Fnu_EC_Star_obs) log(nu_Fnu_EC_CMB_obs)  
########################################################################
6.0000e+00	 -1.2000e+02	 -1.2000e+02	 -1.2000e+02	 -1.2000e+02	 -1.2000e+02	 -1.2000e+02	 -1.2000e+02	 -1.2000e+02	 -1.2000e+02	 -1.2000e+02	 -1.2000e+02	 -1.2000e+02
6.1200e+00	 -1.2000e+02	 -1.2000e+02	 -1.2000e+02	 -1.2000e+02	 -1.2000e+02	 -1.2000e+02	 -1.2000e+02	 -1.2000e+02	 -1.2000e+02	 -1.2000e+02	 -1.2000e+02	 -1.2000e+02
6.2400e+00	 -1.2000e+02	 -1.2000e+02	 -1.2000e+02	 -1.2000e+02	 -1.2000e+02	 -1.2000e+02	 -1.2000e+02	 -1.2000e+02	 -1.2000e+02	 -1.2000e+02	 -1.2000e+02	 -1.2000e+02
6.3600e+00	 -1.2000e+02	 -1.2000e+02	 -1.2000e+02	 -1.2000e+02	 -1.2000e+02	 -1.2000e+02	 -1.2000e+02	 -1.2000e+02	 -1.2000e+02	 -1.2000e+02	 -1.2000e+02	 -1.2000e+02
6.4800e+00	 -1.2000e+02	 -1.2000e+02	 -1.2000e+02	 -1.2000e+02	 -1.2000e+02	 -1.2000e+02	 -1.2000e+02	 -1.2000e+02	 -1.2000e+02	 -1.2000e+02	 -1.2000e+02	 -1.2000e+02
6.6000e+00	 -1.2000e+02	 -1.2000e+02	 -1.2000e+02	 -1.2000e+02	 -1.2000e+02	 -1.2000e+02	 -1.2000e+02	 -1.2000e+02	 -1.2000e+02	 -1.2000e+02	 -1.2000e+02	 -1.2000e+02
6.7200e+00	 -1.2000e+02	 -1.2000e+02	 -1.2000e+02	 -1.2000e+02	 -1.2000e+02	 -1.2000e+02	 -1.2000e+02	 -1.2000e+02	 -1.2000e+02	 -1.2000e+02	 -1.2000e+02	 -1.2000e+02
6.8400e+00	 -1.2000e+02	 -1.2000e+02	 -1.2000e+02	 -1.2000e+02	 -1.2000e+02	 -1.2000e+02	 -1.2000e+02	 -1.2000e+02	 -1.2000e+02	 -1.2000e+02	 -1.2000e+02	 -1.2000e+02
6.9600e+00	 -1.2000e+02	 -1.2000e+02	 -1.2000e+02	 -1.2000e+02	 -1.2000e+02	 -1.2000e+02	 -1.2000e+02	 -1.2000e+02	 -1.2000e+02	 -1.2000e+02	 -1.2000e+02	 -1.2000e+02
7.0800e+00	 -1.2000e+02	 -1.2000e+02	 -1.2000e+02	 -1.2000e+02	 -1.2000e+02	 -1.2000e+02	 -1.2000e+02	 -1.2000e+02	 -1.2000e+02	 -1.2000e+02	 -1.2000e+02	 -1.2000e+02
7.2000e+00	 -1.2000e+02	 -1.2000e+02	 -1.2000e+02	 -1.2000e+02	 -1.2000e+02	 -1.2000e+02	 -1.2000e+02	 -1.2000e+02	 -1.2000e+02	 -1.2000e+02	 -1.2000e+02	 -1.2000e+02
7.3200e+00	 -1.2000e+02	 -1.2000e+02	 -1.2000e+02	 -1.2000e+02	 -1.2000e+02	 -1.2000e+02	 -1.2000e+02	 -1.2000e+02	 -1.2000e+02	 -1.2000e+02	 -1.2000e+02	 -1.2000e+02
7.4400e+00	 -1.8872e+01	 -1.8872e+01	 -1.2000e+02	 -1.2000e+02	 -1.2000e+02	 -1.2000e+02	 -1.2000e+02	 -1.2000e+02	 -1.2000e+02	 -1.2000e+02	 -1.2000e+02	 -1.2000e+02
7.5600e+00	 -1.8512e+01	 -1.8512e+01	 -1.2000e+02	 -1.2000e+02	 -1.2000e+02	 -1.2000e+02	 -1.2000e+02	 -1.2000e+02	 -1.2000e+02	 -1.2000e+02	 -1.2000e+02	 -1.2000e+02
7.6800e+00	 -1.8153e+01	 -1.8153e+01	 -1.2000e+02	 -1.2000e+02	 -1.2000e+02	 -1.2000e+02	 -1.2000e+02	 -1.2000e+02	 -1.2000e+02	 -1.2000e+02	 -1.2000e+02	 -1.2000e+02
7.8000e+00	 -1.7794e+01	 -1.7794e+01	 -1.2000e+02	 -1.2000e+02	 -1.2000e+02	 -1.2000e+02	 -1.2000e+02	 -1.2000e+02	 -1.2000e+02	 -1.2000e+02	 -1.2000e+02	 -1.2000e+02
7.9200e+00	 -1.7436e+01	 -1.7436e+01	 -1.2000e+02	 -1.2000e+02	 -1.2000e+02	 -1.2000e+02	 -1.2000e+02	 -1.2000e+02	 -1.2000e+02	 -1.2000e+02	 -1.2000e+02	 -1.2000e+02
8.0400e+00	 -1.7089e+01	 -1.7089e+01	 -1.2000e+02	 -1.2000e+02	 -1.2000e+02	 -1.2000e+02	 -1.2000e+02	 -1.2000e+02	 -1.2000e+02	 -1.2000e+02	 -1.2000e+02	 -1.2000e+02
8.1600e+00	 -1.6743e+01	 -1.6743e+01	 -1.2000e+02	 -1.2000e+02	 -1.2000e+02	 -1.2000e+02	 -1.2000e+02	 -1.2000e+02	 -1.2000e+02	 -1.2000e+02	 -1.2000e+02	 -1.2000e+02
8.2800e+00	 -1.6426e+01	 -1.6426e+01	 -1.2000e+02	 -1.2000e+02	 -1.2000e+02	 -1.2000e+02	 -1.2000e+02	 -1.2000e+02	 -1.2000e+02	 -1.2000e+02	 -1.2000e+02	 -1.2000e+02
8.4000e+00	 -1.6134e+01	 -1.6134e+01	 -1.2000e+02	 -1.2000e+02	 -1.2000e+02	 -1.2000e+02	 -1.2000e+02	 -1.2000e+02	 -1.2000e+02	 -1.2000e+02	 -1.2000e+02	 -1.2000e+02
8.5200e+00	 -1.5857e+01	 -1.5857e+01	 -1.2000e+02	 -1.2000e+02	 -1.2000e+02	 -1.2000e+02	 -1.2000e+02	 -1.2000e+02	 -1.2000e+02	 -1.2000e+02	 -1.2000e+02	 -1.2000e+02
8.6400e+00	 -1.5634e+01	 -1.5634e+01	 -1.2000e+02	 -1.2000e+02	 -1.2000e+02	 -1.2000e+02	 -1.2000e+02	 -1.2000e+02	 -1.2000e+02	 -1.2000e+02	 -1.2000e+02	 -1.2000e+02
8.7600e+00	 -1.5411e+01	 -1.5411e+01	 -1.2000e+02	 -1.2000e+02	 -1.2000e+02	 -1.2000e+02	 -1.2000e+02	 -1.2000e+02	 -1.2000e+02	 -1.2000e+02	 -1.2000e+02	 -1.2000e+02
8.8800e+00	 -1.5223e+01	 -1.5223e+01	 -1.2000e+02	 -1.2000e+02	 -1.2000e+02	 -1.2000e+02	 -1.2000e+02	 -1.2000e+02	 -1.2000e+02	 -1.2000e+02	 -1.2000e+02	 -1.2000e+02
9.0000e+00	 -1.5039e+01	 -1.5039e+01	 -1.2000e+02	 -1.2000e+02	 -1.2000e+02	 -1.2000e+02	 -1.2000e+02	 -1.2000e+02	 -1.2000e+02	 -1.2000e+02	 -1.2000e+02	 -1.2000e+02
9.1200e+00	 -1.4864e+01	 -1.4864e+01	 -1.2000e+02	 -1.2000e+02	 -1.2000e+02	 -1.2000e+02	 -1.2000e+02	 -1.2000e+02	 -1.2000e+02	 -1.2000e+02	 -1.2000e+02	 -1.2000e+02
9.2400e+00	 -1.4696e+01	 -1.4696e+01	 -1.2000e+02	 -1.2000e+02	 -1.2000e+02	 -1.2000e+02	 -1.2000e+02	 -1.2000e+02	 -1.2000e+02	 -1.2000e+02	 -1.2000e+02	 -1.2000e+02
9.3600e+00	 -1.4529e+01	 -1.4529e+01	 -1.2000e+02	 -1.2000e+02	 -1.2000e+02	 -1.2000e+02	 -1.2000e+02	 -1.2000e+02	 -1.2000e+02	 -1.2000e+02	 -1.2000e+02	 -1.2000e+02
9.4800e+00	 -1.4367e+01	 -1.4367e+01	 -1.2000e+02	 -1.2000e+02	 -1.2000e+02	 -1.2000e+02	 -1.2000e+02	 -1.2000e+02	 -1.2000e+02	 -1.2000e+02	 -1.2000e+02	 -1.2000e+02
9.6000e+00	 -1.4205e+01	 -1.4205e+01	 -1.2000e+02	 -1.2000e+02	 -1.2000e+02	 -1.2000e+02	 -1.2000e+02	 -1.2000e+02	 -1.2000e+02	 -1.2000e+02	 -1.2000e+02	 -1.2000e+02
9.7200e+00	 -1.4045e+01	 -1.4045e+01	 -1.2000e+02	 -1.2000e+02	 -1.2000e+02	 -1.2000e+02	 -1.2000e+02	 -1.2000e+02	 -1.2000e+02	 -1.2000e+02	 -1.2000e+02	 -1.2000e+02
9.8400e+00	 -1.3885e+01	 -1.3885e+01	 -1.2000e+02	 -1.2000e+02	 -1.2000e+02	 -1.2000e+02	 -1.2000e+02	 -1.2000e+02	 -1.2000e+02	 -1.2000e+02	 -1.2000e+02	 -1.2000e+02
9.9600e+00	 -1.3727e+01	 -1.3727e+01	 -1.2000e+02	 -1.2000e+02	 -1.2000e+02	 -1.2000e+02	 -1.2000e+02	 -1.2000e+02	 -1.2000e+02	 -1.2000e+02	 -1.2000e+02	 -1.2000e+02
1.0080e+01	 -1.3568e+01	 -1.3568e+01	 -1.2000e+02	 -1.2000e+02	 -1.2000e+02	 -1.2000e+02	 -1.2000e+02	 -1.2000e+02	 -1.2000e+02	 -1.2000e+02	 -1.2000e+02	 -1.2000e+02
1.0200e+01	 -1.3411e+01	 -1.3411e+01	 -1.2000e+02	 -1.2000e+02	 -1.2000e+02	 -1.2000e+02	 -1.2000e+02	 -1.2000e+02	 -1.2000e+02	 -1.2000e+02	 -1.2000e+02	 -1.2000e+02
1.0320e+01	 -1.3254e+01	 -1.3254e+01	 -1.2000e+02	 -1.2000e+02	 -1.2000e+02	 -1.2000e+02	 -1.2000e+02	 -1.2000e+02	 -1.2000e+02	 -1.2000e+02	 -1.2000e+02	 -1.2000e+02
1.0440e+01	 -1.3097e+01	 -1.3097e+01	 -1.2000e+02	 -1.2000e+02	 -1.2000e+02	 -1.2000e+02	 -1.2000e+02	 -1.2000e+02	 -1.2000e+02	 -1.2000e+02	 -1.2000e+02	 -1.2000e+02
1.0560e+01	 -1.2942e+01	 -1.2942e+01	 -1.2000e+02	 -1.2000e+02	 -1.2000e+02	 -1.2000e+02	 -1.2000e+02	 -1.2000e+02	 -1.2000e+02	 -1.2000e+02	 -1.2000e+02	 -1.2000e+02
1.0680e+01	 -1.2787e+01	 -1.2787e+01	 -1.2000e+02	 -1.2000e+02	 -1.2000e+02	 -1.2000e+02	 -1.2000e+02	 -1.2000e+02	 -1.2000e+02	 -1.2000e+02	 -1.2000e+02	 -1.2000e+02
1.0800e+01	 -1.2634e+01	 -1.2634e+01	 -1.2000e+02	 -1.2000e+02	 -1.2000e+02	 -1.2000e+02	 -1.2000e+02	 -1.2000e+02	 -1.2000e+02	 -1.2000e+02	 -1.2000e+02	 -1.2000e+02
1.0920e+01	 -1.2482e+01	 -1.2482e+01	 -1.2000e+02	 -1.2000e+02	 -1.2000e+02	 -1.2000e+02	 -1.2000e+02	 -1.2000e+02	 -1.2000e+02	 -1.2000e+02	 -1.2000e+02	 -1.2000e+02
1.1040e+01	 -1.2332e+01	 -1.2332e+01	 -1.2000e+02	 -1.2000e+02	 -1.2000e+02	 -1.2000e+02	 -1.2000e+02	 -1.2000e+02	 -1.2000e+02	 -1.2000e+02	 -1.2000e+02	 -1.2000e+02
1.1160e+01	 -1.2185e+01	 -1.2185e+01	 -1.2000e+02	 -1.2000e+02	 -1.2000e+02	 -1.2000e+02	 -1.2000e+02	 -1.2000e+02	 -1.2000e+02	 -1.2000e+02	 -1.2000e+02	 -1.2000e+02
1.1280e+01	 -1.2038e+01	 -1.2038e+01	 -1.2000e+02	 -1.2000e+02	 -1.2000e+02	 -1.2000e+02	 -1.2000e+02	 -1.2000e+02	 -1.2000e+02	 -1.2000e+02	 -1.2000e+02	 -1.2000e+02
1.1400e+01	 -1.1899e+01	 -1.1899e+01	 -1.2000e+02	 -1.2000e+02	 -1.2000e+02	 -1.2000e+02	 -1.2000e+02	 -1.2000e+02	 -1.2000e+02	 -1.2000e+02	 -1.2000e+02	 -1.2000e+02
1.1520e+01	 -1.1759e+01	 -1.1759e+01	 -1.2000e+02	 -1.2000e+02	 -1.2000e+02	 -1.2000e+02	 -1.2000e+02	 -1.2000e+02	 -1.2000e+02	 -1.2000e+02	 -1.2000e+02	 -1.2000e+02
1.1640e+01	 -1.1629e+01	 -1.1629e+01	 -1.2000e+02	 -1.2000e+02	 -1.2000e+02	 -1.2000e+02	 -1.2000e+02	 -1.2000e+02	 -1.2000e+02	 -1.2000e+02	 -1.2000e+02	 -1.2000e+02
1.1760e+01	 -1.1501e+01	 -1.1501e+01	 -1.2000e+02	 -1.2000e+02	 -1.2000e+02	 -1.2000e+02	 -1.2000e+02	 -1.2000e+02	 -1.2000e+02	 -1.2000e+02	 -1.2000e+02	 -1.2000e+02
1.1880e+01	 -1.1382e+01	 -1.1382e+01	 -1.2000e+02	 -1.2000e+02	 -1.2000e+02	 -1.2000e+02	 -1.2000e+02	 -1.2000e+02	 -1.2000e+02	 -1.2000e+02	 -1.2000e+02	 -1.2000e+02
1.2000e+01	 -1.1273e+01	 -1.1273e+01	 -1.2000e+02	 -1.2000e+02	 -1.2000e+02	 -1.2000e+02	 -1.2000e+02	 -1.2000e+02	 -1.2000e+02	 -1.2000e+02	 -1.2000e+02	 -1.2000e+02
1.2120e+01	 -1.1166e+01	 -1.1166e+01	 -1.2000e+02	 -1.2000e+02	 -1.2000e+02	 -1.2000e+02	 -1.2000e+02	 -1.2000e+02	 -1.2000e+02	 -1.2000e+02	 -1.2000e+02	 -1.2000e+02
1.2240e+01	 -1.1081e+01	 -1.1081e+01	 -1.2000e+02	 -1.2000e+02	 -1.2000e+02	 -1.2000e+02	 -1.2000e+02	 -1.2000e+02	 -1.2000e+02	 -1.2000e+02	 -1.2000e+02	 -1.2000e+02
1.2360e+01	 -1.0996e+01	 -1.0996e+01	 -1.2000e+02	 -1.2000e+02	 -1.2000e+02	 -1.2000e+02	 -1.2000e+02	 -1.2000e+02	 -1.2000e+02	 -1.2000e+02	 -1.2000e+02	 -1.2000e+02
1.2480e+01	 -1.0930e+01	 -1.0930e+01	 -1.2000e+02	 -1.2000e+02	 -1.2000e+02	 -1.2000e+02	 -1.2000e+02	 -1.2000e+02	 -1.2000e+02	 -1.2000e+02	 -1.2000e+02	 -1.2000e+02
1.2600e+01	 -1.0868e+01	 -1.0868e+01	 -1.2000e+02	 -1.2000e+02	 -1.2000e+02	 -1.2000e+02	 -1.2000e+02	 -1.2000e+02	 -1.2000e+02	 -1.2000e+02	 -1.2000e+02	 -1.2000e+02
1.2720e+01	 -1.0812e+01	 -1.0812e+01	 -1.2000e+02	 -1.2000e+02	 -1.2000e+02	 -1.2000e+02	 -1.2000e+02	 -1.2000e+02	 -1.2000e+02	 -1.2000e+02	 -1.2000e+02	 -1.2000e+02
1.2840e+01	 -1.0762e+01	 -1.0762e+01	 -1.2000e+02	 -1.2000e+02	 -1.2000e+02	 -1.2000e+02	 -1.2000e+02	 -1.2000e+02	 -1.2000e+02	 -1.2000e+02	 -1.2000e+02	 -1.2000e+02
1.2960e+01	 -1.0712e+01	 -1.0712e+01	 -1.2000e+02	 -1.2000e+02	 -1.2000e+02	 -1.2000e+02	 -1.2000e+02	 -1.2000e+02	 -1.2000e+02	 -1.2000e+02	 -1.2000e+02	 -1.2000e+02
1.3080e+01	 -1.0664e+01	 -1.0664e+01	 -1.2000e+02	 -1.2000e+02	 -1.2000e+02	 -1.2000e+02	 -1.2000e+02	 -1.2000e+02	 -1.2000e+02	 -1.2000e+02	 -1.2000e+02	 -1.2000e+02
1.3200e+01	 -1.0616e+01	 -1.0616e+01	 -1.2000e+02	 -1.2000e+02	 -1.2000e+02	 -1.2000e+02	 -1.2000e+02	 -1.2000e+02	 -1.2000e+02	 -1.2000e+02	 -1.2000e+02	 -1.2000e+02
1.3320e+01	 -1.0568e+01	 -1.0568e+01	 -1.2000e+02	 -1.2000e+02	 -1.2000e+02	 -1.2000e+02	 -1.2000e+02	 -1.2000e+02	 -1.2000e+02	 -1.2000e+02	 -1.2000e+02	 -1.2000e+02
1.3440e+01	 -1.0520e+01	 -1.0520e+01	 -1.2000e+02	 -1.2000e+02	 -1.2000e+02	 -1.2000e+02	 -1.2000e+02	 -1.2000e+02	 -1.2000e+02	 -1.2000e+02	 -1.2000e+02	 -1.2000e+02
1.3560e+01	 -1.0473e+01	 -1.0473e+01	 -1.2000e+02	 -1.2000e+02	 -1.2000e+02	 -1.2000e+02	 -1.2000e+02	 -1.2000e+02	 -1.2000e+02	 -1.2000e+02	 -1.2000e+02	 -1.2000e+02
1.3680e+01	 -1.0425e+01	 -1.0425e+01	 -1.2000e+02	 -1.2000e+02	 -1.2000e+02	 -1.2000e+02	 -1.2000e+02	 -1.2000e+02	 -1.2000e+02	 -1.2000e+02	 -1.2000e+02	 -1.2000e+02
1.3800e+01	 -1.0378e+01	 -1.0378e+01	 -1.2000e+02	 -1.2000e+02	 -1.2000e+02	 -1.2000e+02	 -1.2000e+02	 -1.2000e+02	 -1.2000e+02	 -1.2000e+02	 -1.2000e+02	 -1.2000e+02
1.3920e+01	 -1.0332e+01	 -1.0332e+01	 -1.2000e+02	 -1.2000e+02	 -1.2000e+02	 -1.2000e+02	 -1.2000e+02	 -1.2000e+02	 -1.2000e+02	 -1.2000e+02	 -1.2000e+02	 -1.2000e+02
1.4040e+01	 -1.0285e+01	 -1.0285e+01	 -1.2000e+02	 -1.2000e+02	 -1.2000e+02	 -1.2000e+02	 -1.2000e+02	 -1.2000e+02	 -1.2000e+02	 -1.2000e+02	 -1.2000e+02	 -1.2000e+02
1.4160e+01	 -1.0239e+01	 -1.0239e+01	 -1.2000e+02	 -1.2000e+02	 -1.2000e+02	 -1.2000e+02	 -1.2000e+02	 -1.2000e+02	 -1.2000e+02	 -1.2000e+02	 -1.2000e+02	 -1.2000e+02
1.4280e+01	 -1.0193e+01	 -1.0193e+01	 -1.2000e+02	 -1.2000e+02	 -1.2000e+02	 -1.2000e+02	 -1.2000e+02	 -1.2000e+02	 -1.2000e+02	 -1.2000e+02	 -1.2000e+02	 -1.2000e+02
1.4400e+01	 -1.0147e+01	 -1.0147e+01	 -1.2000e+02	 -1.2000e+02	 -1.2000e+02	 -1.2000e+02	 -1.2000e+02	 -1.2000e+02	 -1.2000e+02	 -1.2000e+02	 -1.2000e+02	 -1.2000e+02
1.4520e+01	 -1.0103e+01	 -1.0103e+01	 -1.2000e+02	 -1.2000e+02	 -1.2000e+02	 -1.2000e+02	 -1.2000e+02	 -1.2000e+02	 -1.2000e+02	 -1.2000e+02	 -1.2000e+02	 -1.2000e+02
1.4640e+01	 -1.0058e+01	 -1.0058e+01	 -1.2000e+02	 -1.2000e+02	 -1.2000e+02	 -1.2000e+02	 -1.2000e+02	 -1.2000e+02	 -1.2000e+02	 -1.2000e+02	 -1.2000e+02	 -1.2000e+02
1.4760e+01	 -1.0015e+01	 -1.0015e+01	 -1.2000e+02	 -1.2000e+02	 -1.2000e+02	 -1.2000e+02	 -1.2000e+02	 -1.2000e+02	 -1.2000e+02	 -1.2000e+02	 -1.2000e+02	 -1.2000e+02
1.4880e+01	 -9.9712e+00	 -9.9712e+00	 -1.2000e+02	 -1.2000e+02	 -1.2000e+02	 -1.2000e+02	 -1.2000e+02	 -1.2000e+02	 -1.2000e+02	 -1.2000e+02	 -1.2000e+02	 -1.2000e+02
1.5000e+01	 -9.9295e+00	 -9.9295e+00	 -1.2000e+02	 -1.2000e+02	 -1.2000e+02	 -1.2000e+02	 -1.2000e+02	 -1.2000e+02	 -1.2000e+02	 -1.2000e+02	 -1.2000e+02	 -1.2000e+02
1.5120e+01	 -9.8879e+00	 -9.8879e+00	 -1.2000e+02	 -1.2000e+02	 -1.2000e+02	 -1.2000e+02	 -1.2000e+02	 -1.2000e+02	 -1.2000e+02	 -1.2000e+02	 -1.2000e+02	 -1.2000e+02
1.5240e+01	 -9.8478e+00	 -9.8478e+00	 -1.2000e+02	 -1.2000e+02	 -1.2000e+02	 -1.2000e+02	 -1.2000e+02	 -1.2000e+02	 -1.2000e+02	 -1.2000e+02	 -1.2000e+02	 -1.2000e+02
1.5360e+01	 -9.8086e+00	 -9.8086e+00	 -1.2000e+02	 -1.2000e+02	 -1.2000e+02	 -1.2000e+02	 -1.2000e+02	 -1.2000e+02	 -1.2000e+02	 -1.2000e+02	 -1.2000e+02	 -1.2000e+02
1.5480e+01	 -9.7704e+00	 -9.7704e+00	 -1.2000e+02	 -1.2000e+02	 -1.2000e+02	 -1.2000e+02	 -1.2000e+02	 -1.2000e+02	 -1.2000e+02	 -1.2000e+02	 -1.2000e+02	 -1.2000e+02
1.5600e+01	 -9.7343e+00	 -9.7343e+00	 -1.2000e+02	 -1.2000e+02	 -1.2000e+02	 -1.2000e+02	 -1.2000e+02	 -1.2000e+02	 -1.2000e+02	 -1.2000e+02	 -1.2000e+02	 -1.2000e+02
1.5720e+01	 -9.6984e+00	 -9.6984e+00	 -1.2000e+02	 -1.2000e+02	 -1.2000e+02	 -1.2000e+02	 -1.2000e+02	 -1.2000e+02	 -1.2000e+02	 -1.2000e+02	 -1.2000e+02	 -1.2000e+02
1.5840e+01	 -9.6663e+00	 -9.6663e+00	 -1.2000e+02	 -1.2000e+02	 -1.2000e+02	 -1.2000e+02	 -1.2000e+02	 -1.2000e+02	 -1.2000e+02	 -1.2000e+02	 -1.2000e+02	 -1.2000e+02
1.5960e+01	 -9.6342e+00	 -9.6342e+00	 -1.2000e+02	 -1.2000e+02	 -1.2000e+02	 -1.2000e+02	 -1.2000e+02	 -1.2000e+02	 -1.2000e+02	 -1.2000e+02	 -1.2000e+02	 -1.2000e+02
1.6080e+01	 -9.6057e+00	 -9.6057e+00	 -1.2000e+02	 -1.2000e+02	 -1.2000e+02	 -1.2000e+02	 -1.2000e+02	 -1.2000e+02	 -1.2000e+02	 -1.2000e+02	 -1.2000e+02	 -1.2000e+02
1.6200e+01	 -9.5788e+00	 -9.5788e+00	 -1.2000e+02	 -1.2000e+02	 -1.2000e+02	 -1.2000e+02	 -1.2000e+02	 -1.2000e+02	 -1.2000e+02	 -1.2000e+02	 -1.2000e+02	 -1.2000e+02
1.6320e+01	 -9.5544e+00	 -9.5544e+00	 -1.2000e+02	 -1.2000e+02	 -1.2000e+02	 -1.2000e+02	 -1.2000e+02	 -1.2000e+02	 -1.2000e+02	 -1.2000e+02	 -1.2000e+02	 -1.2000e+02
1.6440e+01	 -9.5340e+00	 -9.5340e+00	 -1.2000e+02	 -1.2000e+02	 -1.2000e+02	 -1.2000e+02	 -1.2000e+02	 -1.2000e+02	 -1.2000e+02	 -1.2000e+02	 -1.2000e+02	 -1.2000e+02
1.6560e+01	 -9.5142e+00	 -9.5142e+00	 -1.2000e+02	 -1.2000e+02	 -1.2000e+02	 -1.2000e+02	 -1.2000e+02	 -1.2000e+02	 -1.2000e+02	 -1.2000e+02	 -1.2000e+02	 -1.2000e+02
1.6680e+01	 -9.5021e+00	 -9.5021e+00	 -1.2000e+02	 -1.2000e+02	 -1.2000e+02	 -1.2000e+02	 -1.2000e+02	 -1.2000e+02	 -1.2000e+02	 -1.2000e+02	 -1.2000e+02	 -1.2000e+02
1.6800e+01	 -9.4899e+00	 -9.4899e+00	 -1.2000e+02	 -1.2000e+02	 -1.2000e+02	 -1.2000e+02	 -1.2000e+02	 -1.2000e+02	 -1.2000e+02	 -1.2000e+02	 -1.2000e+02	 -1.2000e+02
1.6920e+01	 -9.4857e+00	 -9.4857e+00	 -1.2000e+02	 -1.2000e+02	 -1.2000e+02	 -1.2000e+02	 -1.2000e+02	 -1.2000e+02	 -1.2000e+02	 -1.2000e+02	 -1.2000e+02	 -1.2000e+02
1.7040e+01	 -9.4839e+00	 -9.4839e+00	 -1.2000e+02	 -1.2000e+02	 -1.2000e+02	 -1.2000e+02	 -1.2000e+02	 -1.2000e+02	 -1.2000e+02	 -1.2000e+02	 -1.2000e+02	 -1.2000e+02
1.7160e+01	 -9.4880e+00	 -9.4880e+00	 -1.2000e+02	 -1.2000e+02	 -1.2000e+02	 -1.2000e+02	 -1.2000e+02	 -1.2000e+02	 -1.2000e+02	 -1.2000e+02	 -1.2000e+02	 -1.2000e+02
1.7280e+01	 -9.4992e+00	 -9.4992e+00	 -1.2000e+02	 -1.2000e+02	 -1.2000e+02	 -1.2000e+02	 -1.2000e+02	 -1.2000e+02	 -1.2000e+02	 -1.2000e+02	 -1.2000e+02	 -1.2000e+02
1.7400e+01	 -9.5127e+00	 -9.5127e+00	 -1.2000e+02	 -1.2000e+02	 -1.2000e+02	 -1.2000e+02	 -1.2000e+02	 -1.2000e+02	 -1.2000e+02	 -1.2000e+02	 -1.2000e+02	 -1.2000e+02
1.7520e+01	 -9.5401e+00	 -9.5401e+00	 -1.2000e+02	 -1.2000e+02	 -1.2000e+02	 -1.2000e+02	 -1.2000e+02	 -1.2000e+02	 -1.2000e+02	 -1.2000e+02	 -1.2000e+02	 -1.2000e+02
1.7640e+01	 -9.5676e+00	 -9.5676e+00	 -1.2000e+02	 -1.2000e+02	 -1.2000e+02	 -1.2000e+02	 -1.2000e+02	 -1.2000e+02	 -1.2000e+02	 -1.2000e+02	 -1.2000e+02	 -1.2000e+02
1.7760e+01	 -9.6117e+00	 -9.6117e+00	 -1.2000e+02	 -1.2000e+02	 -1.2000e+02	 -1.2000e+02	 -1.2000e+02	 -1.2000e+02	 -1.2000e+02	 -1.2000e+02	 -1.2000e+02	 -1.2000e+02
1.7880e+01	 -9.6593e+00	 -9.6593e+00	 -1.2000e+02	 -1.2000e+02	 -1.2000e+02	 -1.2000e+02	 -1.2000e+02	 -1.2000e+02	 -1.2000e+02	 -1.2000e+02	 -1.2000e+02	 -1.2000e+02
1.8000e+01	 -9.7198e+00	 -9.7198e+00	 -1.2000e+02	 -1.2000e+02	 -1.2000e+02	 -1.2000e+02	 -1.2000e+02	 -1.2000e+02	 -1.2000e+02	 -1.2000e+02	 -1.2000e+02	 -1.2000e+02
1.8120e+01	 -9.7926e+00	 -9.7926e+00	 -1.2000e+02	 -1.2000e+02	 -1.2000e+02	 -1.2000e+02	 -1.2000e+02	 -1.2000e+02	 -1.2000e+02	 -1.2000e+02	 -1.2000e+02	 -1.2000e+02
1.8240e+01	 -9.8715e+00	 -9.8715e+00	 -1.2000e+02	 -1.2000e+02	 -1.2000e+02	 -1.2000e+02	 -1.2000e+02	 -1.2000e+02	 -1.2000e+02	 -1.2000e+02	 -1.2000e+02	 -1.2000e+02
1.8360e+01	 -9.9755e+00	 -9.9755e+00	 -1.2000e+02	 -1.2000e+02	 -1.2000e+02	 -1.2000e+02	 -1.2000e+02	 -1.2000e+02	 -1.2000e+02	 -1.2000e+02	 -1.2000e+02	 -1.2000e+02
1.8480e+01	 -1.0079e+01	 -1.0079e+01	 -1.2000e+02	 -1.2000e+02	 -1.2000e+02	 -1.2000e+02	 -1.2000e+02	 -1.2000e+02	 -1.2000e+02	 -1.2000e+02	 -1.2000e+02	 -1.2000e+02
1.8600e+01	 -1.0218e+01	 -1.0218e+01	 -1.2000e+02	 -1.2000e+02	 -1.2000e+02	 -1.2000e+02	 -1.2000e+02	 -1.2000e+02	 -1.2000e+02	 -1.2000e+02	 -1.2000e+02	 -1.2000e+02
1.8720e+01	 -1.0360e+01	 -1.0360e+01	 -1.2000e+02	 -1.2000e+02	 -1.2000e+02	 -1.2000e+02	 -1.2000e+02	 -1.2000e+02	 -1.2000e+02	 -1.2000e+02	 -1.2000e+02	 -1.2000e+02
1.8840e+01	 -1.0531e+01	 -1.0531e+01	 -1.2000e+02	 -1.2000e+02	 -1.2000e+02	 -1.2000e+02	 -1.2000e+02	 -1.2000e+02	 -1.2000e+02	 -1.2000e+02	 -1.2000e+02	 -1.2000e+02
1.8960e+01	 -1.0723e+01	 -1.0723e+01	 -1.2000e+02	 -1.2000e+02	 -1.2000e+02	 -1.2000e+02	 -1.2000e+02	 -1.2000e+02	 -1.2000e+02	 -1.2000e+02	 -1.2000e+02	 -1.2000e+02
1.9080e+01	 -1.0931e+01	 -1.0931e+01	 -1.2000e+02	 -1.2000e+02	 -1.2000e+02	 -1.2000e+02	 -1.2000e+02	 -1.2000e+02	 -1.2000e+02	 -1.2000e+02	 -1.2000e+02	 -1.2000e+02
1.9200e+01	 -1.1188e+01	 -1.1188e+01	 -1.2000e+02	 -1.2000e+02	 -1.2000e+02	 -1.2000e+02	 -1.2000e+02	 -1.2000e+02	 -1.2000e+02	 -1.2000e+02	 -1.2000e+02	 -1.2000e+02
1.9320e+01	 -1.1445e+01	 -1.1445e+01	 -1.2000e+02	 -1.2000e+02	 -1.2000e+02	 -1.2000e+02	 -1.2000e+02	 -1.2000e+02	 -1.2000e+02	 -1.2000e+02	 -1.2000e+02	 -1.2000e+02
1.9440e+01	 -1.1796e+01	 -1.1796e+01	 -1.2000e+02	 -1.2000e+02	 -1.2000e+02	 -1.2000e+02	 -1.2000e+02	 -1.2000e+02	 -1.2000e+02	 -1.2000e+02	 -1.2000e+02	 -1.2000e+02
1.9560e+01	 -1.2153e+01	 -1.2153e+01	 -1.2000e+02	 -1.2000e+02	 -1.2000e+02	 -1.2000e+02	 -1.2000e+02	 -1.2000e+02	 -1.2000e+02	 -1.2000e+02	 -1.2000e+02	 -1.2000e+02
1.9680e+01	 -1.2626e+01	 -1.2626e+01	 -1.2000e+02	 -1.2000e+02	 -1.2000e+02	 -1.2000e+02	 -1.2000e+02	 -1.2000e+02	 -1.2000e+02	 -1.2000e+02	 -1.2000e+02	 -1.2000e+02
1.9800e+01	 -1.3168e+01	 -1.3168e+01	 -1.2000e+02	 -1.2000e+02	 -1.2000e+02	 -1.2000e+02	 -1.2000e+02	 -1.2000e+02	 -1.2000e+02	 -1.2000e+02	 -1.2000e+02	 -1.2000e+02
1.9920e+01	 -1.3827e+01	 -1.3827e+01	 -1.2000e+02	 -1.2000e+02	 -1.2000e+02	 -1.2000e+02	 -1.2000e+02	 -1.2000e+02	 -1.2000e+02	 -1.2000e+02	 -1.2000e+02	 -1.2000e+02
2.0040e+01	 -1.4747e+01	 -1.4747e+01	 -1.2000e+02	 -1.2000e+02	 -1.2000e+02	 -1.2000e+02	 -1.2000e+02	 -1.2000e+02	 -1.2000e+02	 -1.2000e+02	 -1.2000e+02	 -1.2000e+02
2.0160e+01	 -1.5666e+01	 -1.5666e+01	 -1.2000e+02	 -1.2000e+02	 -1.2000e+02	 -1.2000e+02	 -1.2000e+02	 -1.2000e+02	 -1.2000e+02	 -1.2000e+02	 -1.2000e+02	 -1.2000e+02
2.0280e+01	 -1.7337e+01	 -1.7337e+01	 -1.2000e+02	 -1.2000e+02	 -1.2000e+02	 -1.2000e+02	 -1.2000e+02	 -1.2000e+02	 -1.2000e+02	 -1.2000e+02	 -1.2000e+02	 -1.2000e+02
2.0400e+01	 -1.9010e+01	 -1.9010e+01	 -1.2000e+02	 -1.2000e+02	 -1.2000e+02	 -1.2000e+02	 -1.2000e+02	 -1.2000e+02	 -1.2000e+02	 -1.2000e+02	 -1.2000e+02	 -1.2000e+02
2.0520e+01	 -2.1678e+01	 -2.1678e+01	 -1.2000e+02	 -1.2000e+02	 -1.2000e+02	 -1.2000e+02	 -1.2000e+02	 -1.2000e+02	 -1.2000e+02	 -1.2000e+02	 -1.2000e+02	 -1.2000e+02
2.0640e+01	 -2.4811e+01	 -2.4811e+01	 -1.2000e+02	 -1.2000e+02	 -1.2000e+02	 -1.2000e+02	 -1.2000e+02	 -1.2000e+02	 -1.2000e+02	 -1.2000e+02	 -1.2000e+02	 -1.2000e+02
2.0760e+01	 -1.2000e+02	 -1.2000e+02	 -1.2000e+02	 -1.2000e+02	 -1.2000e+02	 -1.2000e+02	 -1.2000e+02	 -1.2000e+02	 -1.2000e+02	 -1.2000e+02	 -1.2000e+02	 -1.2000e+02
2.0880e+01	 -1.2000e+02	 -1.2000e+02	 -1.2000e+02	 -1.2000e+02	 -1.2000e+02	 -1.2000e+02	 -1.2000e+02	 -1.2000e+02	 -1.2000e+02	 -1.2000e+02	 -1.2000e+02	 -1.2000e+02
2.1000e+01	 -1.2000e+02	 -1.2000e+02	 -1.2000e+02	 -1.2000e+02	 -1.2000e+02	 -1.2000e+02	 -1.2000e+02	 -1.2000e+02	 -1.2000e+02	 -1.2000e+02	 -1.2000e+02	 -1.2000e+02
2.1120e+01	 -1.2000e+02	 -1.2000e+02	 -1.2000e+02	 -1.2000e+02	 -1.2000e+02	 -1.2000e+02	 -1.2000e+02	 -1.2000e+02	 -1.2000e+02	 -1.2000e+02	 -1.2000e+02	 -1.2000e+02
2.1240e+01	 -1.2000e+02	 -1.2000e+02	 -1.2000e+02	 -1.2000e+02	 -1.2000e+02	 -1.2000e+02	 -1.2000e+02	 -1.2000e+02	 -1.2000e+02	 -1.2000e+02	 -1.2000e+02	 -1.2000e+02
2.1360e+01	 -1.2000e+02	 -1.2000e+02	 -1.2000e+02	 -1.2000e+02	 -1.2000e+02	 -1.2000e+02	 -1.2000e+02	 -1.2000e+02	 -1.2000e+02	 -1.2000e+02	 -1.2000e+02	 -1.2000e+02
2.1480e+01	 -1.2000e+02	 -1.2000e+02	 -1.2000e+02	 -1.2000e+02	 -1.2000e+02	 -1.2000e+02	 -1.2000e+02	 -1.2000e+02	 -1.2000e+02	 -1.2000e+02	 -1.2000e+02	 -1.2000e+02
2.1600e+01	 -1.2000e+02	 -1.2000e+02	 -1.2000e+02	 -1.2000e+02	 -1.2000e+02	 -1.2000e+02	 -1.2000e+02	 -1.2000e+02	 -1.2000e+02	 -1.2000e+02	 -1.2000e+02	 -1.2000e+02
2.1720e+01	 -1.2000e+02	 -1.2000e+02	 -1.2000e+02	 -1.2000e+02	 -1.2000e+02	 -1.2000e+02	 -1.2000e+02	 -1.2000e+02	 -1.2000e+02	 -1.2000e+02	 -1.2000e+02	 -1.2000e+02
2.1840e+01	 -1.2000e+02	 -1.2000e+02	 -1.2000e+02	 -1.2000e+02	 -1.2000e+02	 -1.2000e+02	 -1.2000e+02	 -1.2000e+02	 -1.2000e+02	 -1.2000e+02	 -1.2000e+02	 -1.2000e+02
2.1960e+01	 -1.2000e+02	 -1.2000e+02	 -1.2000e+02	 -1.2000e+02	 -1.2000e+02	 -1.2000e+02	 -1.2000e+02	 -1.2000e+02	 -1.2000e+02	 -1.2000e+02	 -1.2000e+02	 -1.2000e+02
2.2080e+01	 -1.2000e+02	 -1.2000e+02	 -1.2000e+02	 -1.2000e+02	 -1.2000e+02	 -1.2000e+02	 -1.2000e+02	 -1.2000e+02	 -1.2000e+02	 -1.2000e+02	 -1.2000e+02	 -1.2000e+02
2.2200e+01	 -1.2000e+02	 -1.2000e+02	 -1.2000e+02	 -1.2000e+02	 -1.2000e+02	 -1.2000e+02	 -1.2000e+02	 -1.2000e+02	 -1.2000e+02	 -1.2000e+02	 -1.2000e+02	 -1.2000e+02
2.2320e+01	 -1.2000e+02	 -1.2000e+02	 -1.2000e+02	 -1.2000e+02	 -1.2000e+02	 -1.2000e+02	 -1.2000e+02	 -1.2000e+02	 -1.2000e+02	 -1.2000e+02	 -1.2000e+02	 -1.2000e+02
2.2440e+01	 -1.2000e+02	 -1.2000e+02	 -1.2000e+02	 -1.2000e+02	 -1.2000e+02	 -1.2000e+02	 -1.2000e+02	 -1.2000e+02	 -1.2000e+02	 -1.2000e+02	 -1.2000e+02	 -1.2000e+02
2.2560e+01	 -1.2000e+02	 -1.2000e+02	 -1.2000e+02	 -1.2000e+02	 -1.2000e+02	 -1.2000e+02	 -1.2000e+02	 -1.2000e+02	 -1.2000e+02	 -1.2000e+02	 -1.2000e+02	 -1.2000e+02
2.2680e+01	 -1.2000e+02	 -1.2000e+02	 -1.2000e+02	 -1.2000e+02	 -1.2000e+02	 -1.2000e+02	 -1.2000e+02	 -1.2000e+02	 -1.2000e+02	 -1.2000e+02	 -1.2000e+02	 -1.2000e+02
2.2800e+01	 -1.2000e+02	 -1.2000e+02	 -1.2000e+02	 -1.2000e+02	 -1.2000e+02	 -1.2000e+02	 -1.2000e+02	 -1.2000e+02	 -1.2000e+02	 -1.2000e+02	 -1.2000e+02	 -1.2000e+02
2.2920e+01	 -1.2000e+02	 -1.2000e+02	 -1.2000e+02	 -1.2000e+02	 -1.2000e+02	 -1.2000e+02	 -1.2000e+02	 -1.2000e+02	 -1.2000e+02	 -1.2000e+02	 -1.2000e+02	 -1.2000e+02
2.3040e+01	 -1.2000e+02	 -1.2000e+02	 -1.2000e+02	 -1.2000e+02	 -1.2000e+02	 -1.2000e+02	 -1.2000e+02	 -1.2000e+02	 -1.2000e+02	 -1.2000e+02	 -1.2000e+02	 -1.2000e+02
2.3160e+01	 -1.2000e+02	 -1.2000e+02	 -1.2000e+02	 -1.2000e+02	 -1.2000e+02	 -1.2000e+02	 -1.2000e+02	 -1.2000e+02	 -1.2000e+02	 -1.2000e+02	 -1.2000e+02	 -1.2000e+02
2.3280e+01	 -1.2000e+02	 -1.2000e+02	 -1.2000e+02	 -1.2000e+02	 -1.2000e+02	 -1.2000e+02	 -1.2000e+02	 -1.2000e+02	 -1.2000e+02	 -1.2000e+02	 -1.2000e+02	 -1.2000e+02
2.3400e+01	 -1.2000e+02	 -1.2000e+02	 -1.2000e+02	 -1.2000e+02	 -1.2000e+02	 -1.2000e+02	 -1.2000e+02	 -1.2000e+02	 -1.2000e+02	 -1.2000e+02	 -1.2000e+02	 -1.2000e+02
2.3520e+01	 -1.2000e+02	 -1.2000e+02	 -1.2000e+02	 -1.2000e+02	 -1.2000e+02	 -1.2000e+02	 -1.2000e+02	 -1.2000e+02	 -1.2000e+02	 -1.2000e+02	 -1.2000e+02	 -1.2000e+02
2.3640e+01	 -1.2000e+02	 -1.2000e+02	 -1.2000e+02	 -1.2000e+02	 -1.2000e+02	 -1.2000e+02	 -1.2000e+02	 -1.2000e+02	 -1.2000e+02	 -1.2000e+02	 -1.2000e+02	 -1.2000e+02
2.3760e+01	 -1.2000e+02	 -1.2000e+02	 -1.2000e+02	 -1.2000e+02	 -1.2000e+02	 -1.2000e+02	 -1.2000e+02	 -1.2000e+02	 -1.2000e+02	 -1.2000e+02	 -1.2000e+02	 -1.2000e+02
2.3880e+01	 -1.2000e+02	 -1.2000e+02	 -1.2000e+02	 -1.2000e+02	 -1.2000e+02	 -1.2000e+02	 -1.2000e+02	 -1.2000e+02	 -1.2000e+02	 -1.2000e+02	 -1.2000e+02	 -1.2000e+02
2.4000e+01	 -1.2000e+02	 -1.2000e+02	 -1.2000e+02	 -1.2000e+02	 -1.2000e+02	 -1.2000e+02	 -1.2000e+02	 -1.2000e+02	 -1.2000e+02	 -1.2000e+02	 -1.2000e+02	 -1.2000e+02
2.4120e+01	 -1.2000e+02	 -1.2000e+02	 -1.2000e+02	 -1.2000e+02	 -1.2000e+02	 -1.2000e+02	 -1.2000e+02	 -1.2000e+02	 -1.2000e+02	 -1.2000e+02	 -1.2000e+02	 -1.2000e+02
2.4240e+01	 -1.2000e+02	 -1.2000e+02	 -1.2000e+02	 -1.2000e+02	 -1.2000e+02	 -1.2000e+02	 -1.2000e+02	 -1.2000e+02	 -1.2000e+02	 -1.2000e+02	 -1.2000e+02	 -1.2000e+02
2.4360e+01	 -1.2000e+02	 -1.2000e+02	 -1.2000e+02	 -1.2000e+02	 -1.2000e+02	 -1.2000e+02	 -1.2000e+02	 -1.2000e+02	 -1.2000e+02	 -1.2000e+02	 -1.2000e+02	 -1.2000e+02
2.4480e+01	 -1.2000e+02	 -1.2000e+02	 -1.2000e+02	 -1.2000e+02	 -1.2000e+02	 -1.2000e+02	 -1.2000e+02	 -1.2000e+02	 -1.2000e+02	 -1.2000e+02	 -1.2000e+02	 -1.2000e+02
2.4600e+01	 -1.2000e+02	 -1.2000e+02	 -1.2000e+02	 -1.2000e+02	 -1.2000e+02	 -1.2000e+02	 -1.2000e+02	 -1.2000e+02	 -1.2000e+02	 -1.2000e+02	 -1.2000e+02	 -1.2000e+02
2.4720e+01	 -1.2000e+02	 -1.2000e+02	 -1.2000e+02	 -1.2000e+02	 -1.2000e+02	 -1.2000e+02	 -1.2000e+02	 -1.2000e+02	 -1.2000e+02	 -1.2000e+02	 -1.2000e+02	 -1.2000e+02
2.4840e+01	 -1.2000e+02	 -1.2000e+02	 -1.2000e+02	 -1.2000e+02	 -1.2000e+02	 -1.2000e+02	 -1.2000e+02	 -1.2000e+02	 -1.2000e+02	 -1.2000e+02	 -1.2000e+02	 -1.2000e+02
2.4960e+01	 -1.2000e+02	 -1.2000e+02	 -1.2000e+02	 -1.2000e+02	 -1.2000e+02	 -1.2000e+02	 -1.2000e+02	 -1.2000e+02	 -1.2000e+02	 -1.2000e+02	 -1.2000e+02	 -1.2000e+02
2.5080e+01	 -1.2000e+02	 -1.2000e+02	 -1.2000e+02	 -1.2000e+02	 -1.2000e+02	 -1.2000e+02	 -1.2000e+02	 -1.2000e+02	 -1.2000e+02	 -1.2000e+02	 -1.2000e+02	 -1.2000e+02
2.5200e+01	 -1.2000e+02	 -1.2000e+02	 -1.2000e+02	 -1.2000e+02	 -1.2000e+02	 -1.2000e+02	 -1.2000e+02	 -1.2000e+02	 -1.2000e+02	 -1.2000e+02	 -1.2000e+02	 -1.2000e+02
2.5320e+01	 -1.2000e+02	 -1.2000e+02	 -1.2000e+02	 -1.2000e+02	 -1.2000e+02	 -1.2000e+02	 -1.2000e+02	 -1.2000e+02	 -1.2000e+02	 -1.2000e+02	 -1.2000e+02	 -1.2000e+02
2.5440e+01	 -1.2000e+02	 -1.2000e+02	 -1.2000e+02	 -1.2000e+02	 -1.2000e+02	 -1.2000e+02	 -1.2000e+02	 -1.2000e+02	 -1.2000e+02	 -1.2000e+02	 -1.2000e+02	 -1.2000e+02
2.5560e+01	 -1.2000e+02	 -1.2000e+02	 -1.2000e+02	 -1.2000e+02	 -1.2000e+02	 -1.2000e+02	 -1.2000e+02	 -1.2000e+02	 -1.2000e+02	 -1.2000e+02	 -1.2000e+02	 -1.2000e+02
2.5680e+01	 -1.2000e+02	 -1.2000e+02	 -1.2000e+02	 -1.2000e+02	 -1.2000e+02	 -1.2000e+02	 -1.2000e+02	 -1.2000e+02	 -1.2000e+02	 -1.2000e+02	 -1.2000e+02	 -1.2000e+02
2.5800e+01	 -1.2000e+02	 -1.2000e+02	 -1.2000e+02	 -1.2000e+02	 -1.2000e+02	 -1.2000e+02	 -1.2000e+02	 -1.2000e+02	 -1.2000e+02	 -1.2000e+02	 -1.2000e+02	 -1.2000e+02
2.5920e+01	 -1.2000e+02	 -1.2000e+02	 -1.2000e+02	 -1.2000e+02	 -1.2000e+02	 -1.2000e+02	 -1.2000e+02	 -1.2000e+02	 -1.2000e+02	 -1.2000e+02	 -1.2000e+02	 -1.2000e+02
2.6040e+01	 -1.2000e+02	 -1.2000e+02	 -1.2000e+02	 -1.2000e+02	 -1.2000e+02	 -1.2000e+02	 -1.2000e+02	 -1.2000e+02	 -1.2000e+02	 -1.2000e+02	 -1.2000e+02	 -1.2000e+02
2.6160e+01	 -1.2000e+02	 -1.2000e+02	 -1.2000e+02	 -1.2000e+02	 -1.2000e+02	 -1.2000e+02	 -1.2000e+02	 -1.2000e+02	 -1.2000e+02	 -1.2000e+02	 -1.2000e+02	 -1.2000e+02
2.6280e+01	 -1.2000e+02	 -1.2000e+02	 -1.2000e+02	 -1.2000e+02	 -1.2000e+02	 -1.2000e+02	 -1.2000e+02	 -1.2000e+02	 -1.2000e+02	 -1.2000e+02	 -1.2000e+02	 -1.2000e+02
2.6400e+01	 -1.2000e+02	 -1.2000e+02	 -1.2000e+02	 -1.2000e+02	 -1.2000e+02	 -1.2000e+02	 -1.2000e+02	 -1.2000e+02	 -1.2000e+02	 -1.2000e+02	 -1.2000e+02	 -1.2000e+02
2.6520e+01	 -1.2000e+02	 -1.2000e+02	 -1.2000e+02	 -1.2000e+02	 -1.2000e+02	 -1.2000e+02	 -1.2000e+02	 -1.2000e+02	 -1.2000e+02	 -1.2000e+02	 -1.2000e+02	 -1.2000e+02
2.6640e+01	 -1.2000e+02	 -1.2000e+02	 -1.2000e+02	 -1.2000e+02	 -1.2000e+02	 -1.2000e+02	 -1.2000e+02	 -1.2000e+02	 -1.2000e+02	 -1.2000e+02	 -1.2000e+02	 -1.2000e+02
2.6760e+01	 -1.2000e+02	 -1.2000e+02	 -1.2000e+02	 -1.2000e+02	 -1.2000e+02	 -1.2000e+02	 -1.2000e+02	 -1.2000e+02	 -1.2000e+02	 -1.2000e+02	 -1.2000e+02	 -1.2000e+02
2.6880e+01	 -1.2000e+02	 -1.2000e+02	 -1.2000e+02	 -1.2000e+02	 -1.2000e+02	 -1.2000e+02	 -1.2000e+02	 -1.2000e+02	 -1.2000e+02	 -1.2000e+02	 -1.2000e+02	 -1.2000e+02
2.7000e+01	 -1.2000e+02	 -1.2000e+02	 -1.2000e+02	 -1.2000e+02	 -1.2000e+02	 -1.2000e+02	 -1.2000e+02	 -1.2000e+02	 -1.2000e+02	 -1.2000e+02	 -1.2000e+02	 -1.2000e+02
2.7120e+01	 -1.2000e+02	 -1.2000e+02	 -1.2000e+02	 -1.2000e+02	 -1.2000e+02	 -1.2000e+02	 -1.2000e+02	 -1.2000e+02	 -1.2000e+02	 -1.2000e+02	 -1.2000e+02	 -1.2000e+02
2.7240e+01	 -1.2000e+02	 -1.2000e+02	 -1.2000e+02	 -1.2000e+02	 -1.2000e+02	 -1.2000e+02	 -1.2000e+02	 -1.2000e+02	 -1.2000e+02	 -1.2000e+02	 -1.2000e+02	 -1.2000e+02
2.7360e+01	 -1.2000e+02	 -1.2000e+02	 -1.2000e+02	 -1.2000e+02	 -1.2000e+02	 -1.2000e+02	 -1.2000e+02	 -1.2000e+02	 -1.2000e+02	 -1.2000e+02	 -1.2000e+02	 -1.2000e+02
2.7480e+01	 -1.2000e+02	 -1.2000e+02	 -1.2000e+02	 -1.2000e+02	 -1.2000e+02	 -1.2000e+02	 -1.2000e+02	 -1.2000e+02	 -1.2000e+02	 -1.2000e+02	 -1.2000e+02	 -1.2000e+02
2.7600e+01	 -1.2000e+02	 -1.2000e+02	 -1.2000e+02	 -1.2000e+02	 -1.2000e+02	 -1.2000e+02	 -1.2000e+02	 -1.2000e+02	 -1.2000e+02	 -1.2000e+02	 -1.2000e+02	 -1.2000e+02
2.7720e+01	 -1.2000e+02	 -1.2000e+02	 -1.2000e+02	 -1.2000e+02	 -1.2000e+02	 -1.2000e+02	 -1.2000e+02	 -1.2000e+02	 -1.2000e+02	 -1.2000e+02	 -1.2000e+02	 -1.2000e+02
2.7840e+01	 -1.2000e+02	 -1.2000e+02	 -1.2000e+02	 -1.2000e+02	 -1.2000e+02	 -1.2000e+02	 -1.2000e+02	 -1.2000e+02	 -1.2000e+02	 -1.2000e+02	 -1.2000e+02	 -1.2000e+02
2.7960e+01	 -1.2000e+02	 -1.2000e+02	 -1.2000e+02	 -1.2000e+02	 -1.2000e+02	 -1.2000e+02	 -1.2000e+02	 -1.2000e+02	 -1.2000e+02	 -1.2000e+02	 -1.2000e+02	 -1.2000e+02
2.8080e+01	 -1.2000e+02	 -1.2000e+02	 -1.2000e+02	 -1.2000e+02	 -1.2000e+02	 -1.2000e+02	 -1.2000e+02	 -1.2000e+02	 -1.2000e+02	 -1.2000e+02	 -1.2000e+02	 -1.2000e+02
2.8200e+01	 -1.2000e+02	 -1.2000e+02	 -1.2000e+02	 -1.2000e+02	 -1.2000e+02	 -1.2000e+02	 -1.2000e+02	 -1.2000e+02	 -1.2000e+02	 -1.2000e+02	 -1.2000e+02	 -1.2000e+02
2.8320e+01	 -1.2000e+02	 -1.2000e+02	 -1.2000e+02	 -1.2000e+02	 -1.2000e+02	 -1.2000e+02	 -1.2000e+02	 -1.2000e+02	 -1.2000e+02	 -1.2000e+02	 -1.2000e+02	 -1.2000e+02
2.8440e+01	 -1.2000e+02	 -1.2000e+02	 -1.2000e+02	 -1.2000e+02	 -1.2000e+02	 -1.2000e+02	 -1.2000e+02	 -1.2000e+02	 -1.2000e+02	 -1.2000e+02	 -1.2000e+02	 -1.2000e+02
2.8560e+01	 -1.2000e+02	 -1.2000e+02	 -1.2000e+02	 -1.2000e+02	 -1.2000e+02	 -1.2000e+02	 -1.2000e+02	 -1.2000e+02	 -1.2000e+02	 -1.2000e+02	 -1.2000e+02	 -1.2000e+02
2.8680e+01	 -1.2000e+02	 -1.2000e+02	 -1.2000e+02	 -1.2000e+02	 -1.2000e+02	 -1.2000e+02	 -1.2000e+02	 -1.2000e+02	 -1.2000e+02	 -1.2000e+02	 -1.2000e+02	 -1.2000e+02
2.8800e+01	 -1.2000e+02	 -1.2000e+02	 -1.2000e+02	 -1.2000e+02	 -1.2000e+02	 -1.2000e+02	 -1.2000e+02	 -1.2000e+02	 -1.2000e+02	 -1.2000e+02	 -1.2000e+02	 -1.2000e+02
2.8920e+01	 -1.2000e+02	 -1.2000e+02	 -1.2000e+02	 -1.2000e+02	 -1.2000e+02	 -1.2000e+02	 -1.2000e+02	 -1.2000e+02	 -1.2000e+02	 -1.2000e+02	 -1.2000e+02	 -1.2000e+02
2.9040e+01	 -1.2000e+02	 -1.2000e+02	 -1.2000e+02	 -1.2000e+02	 -1.2000e+02	 -1.2000e+02	 -1.2000e+02	 -1.2000e+02	 -1.2000e+02	 -1.2000e+02	 -1.2000e+02	 -1.2000e+02
2.9160e+01	 -1.2000e+02	 -1.2000e+02	 -1.2000e+02	 -1.2000e+02	 -1.2000e+02	 -1.2000e+02	 -1.2000e+02	 -1.2000e+02	 -1.2000e+02	 -1.2000e+02	 -1.2000e+02	 -1.2000e+02
2.9280e+01	 -1.2000e+02	 -1.2000e+02	 -1.2000e+02	 -1.2000e+02	 -1.2000e+02	 -1.2000e+02	 -1.2000e+02	 -1.2000e+02	 -1.2000e+02	 -1.2000e+02	 -1.2000e+02	 -1.2000e+02
2.9400e+01	 -1.2000e+02	 -1.2000e+02	 -1.2000e+02	 -1.2000e+02	 -1.2000e+02	 -1.2000e+02	 -1.2000e+02	 -1.2000e+02	 -1.2000e+02	 -1.2000e+02	 -1.2000e+02	 -1.2000e+02
2.9520e+01	 -1.2000e+02	 -1.2000e+02	 -1.2000e+02	 -1.2000e+02	 -1.2000e+02	 -1.2000e+02	 -1.2000e+02	 -1.2000e+02	 -1.2000e+02	 -1.2000e+02	 -1.2000e+02	 -1.2000e+02
2.9640e+01	 -1.2000e+02	 -1.2000e+02	 -1.2000e+02	 -1.2000e+02	 -1.2000e+02	 -1.2000e+02	 -1.2000e+02	 -1.2000e+02	 -1.2000e+02	 -1.2000e+02	 -1.2000e+02	 -1.2000e+02
2.9760e+01	 -1.2000e+02	 -1.2000e+02	 -1.2000e+02	 -1.2000e+02	 -1.2000e+02	 -1.2000e+02	 -1.2000e+02	 -1.2000e+02	 -1.2000e+02	 -1.2000e+02	 -1.2000e+02	 -1.2000e+02
2.9880e+01	 -1.2000e+02	 -1.2000e+02	 -1.2000e+02	 -1.2000e+02	 -1.2000e+02	 -1.2000e+02	 -1.2000e+02	 -1.2000e+02	 -1.2000e+02	 -1.2000e+02	 -1.2000e+02	 -1.2000e+02
