########################################################################
#_obs is as observed from the earth: beaming+cosmo   
#nu_obs  nuFnu_somma_obs  nuFnu_Sync_obs nuFnu_comp_obs nu_Fnu_Disk_obs  nu_Fnu_DT_obs nu_Fnu_Star_obs nu_Fnu_EC_Disk_obs nu_Fnu_EC_BLR_obs nu_Fnu_EC_DT_obs  nu_Fnu_EC_Star_obs nu_Fnu_EC_CMB_obs
########################################################################
1.0000e+06	 0.0000e+00	 0.0000e+00	 0.0000e+00	 1.0000e-120	 1.0000e-120	 1.0000e-120	 1.0000e-120	 1.0000e-120	 1.0000e-120	 1.0000e-120	 1.0000e-120	 1.0000e-120
1.3183e+06	 0.0000e+00	 0.0000e+00	 0.0000e+00	 1.0000e-120	 1.0000e-120	 1.0000e-120	 1.0000e-120	 1.0000e-120	 1.0000e-120	 1.0000e-120	 1.0000e-120	 1.0000e-120
1.7378e+06	 0.0000e+00	 0.0000e+00	 0.0000e+00	 1.0000e-120	 1.0000e-120	 1.0000e-120	 1.0000e-120	 1.0000e-120	 1.0000e-120	 1.0000e-120	 1.0000e-120	 1.0000e-120
2.2909e+06	 0.0000e+00	 0.0000e+00	 0.0000e+00	 1.0000e-120	 1.0000e-120	 1.0000e-120	 1.0000e-120	 1.0000e-120	 1.0000e-120	 1.0000e-120	 1.0000e-120	 1.0000e-120
3.0200e+06	 0.0000e+00	 0.0000e+00	 0.0000e+00	 1.0000e-120	 1.0000e-120	 1.0000e-120	 1.0000e-120	 1.0000e-120	 1.0000e-120	 1.0000e-120	 1.0000e-120	 1.0000e-120
3.9811e+06	 0.0000e+00	 0.0000e+00	 0.0000e+00	 1.0000e-120	 1.0000e-120	 1.0000e-120	 1.0000e-120	 1.0000e-120	 1.0000e-120	 1.0000e-120	 1.0000e-120	 1.0000e-120
5.2481e+06	 0.0000e+00	 0.0000e+00	 0.0000e+00	 1.0000e-120	 1.0000e-120	 1.0000e-120	 1.0000e-120	 1.0000e-120	 1.0000e-120	 1.0000e-120	 1.0000e-120	 1.0000e-120
6.9183e+06	 0.0000e+00	 0.0000e+00	 0.0000e+00	 1.0000e-120	 1.0000e-120	 1.0000e-120	 1.0000e-120	 1.0000e-120	 1.0000e-120	 1.0000e-120	 1.0000e-120	 1.0000e-120
9.1201e+06	 0.0000e+00	 0.0000e+00	 0.0000e+00	 1.0000e-120	 1.0000e-120	 1.0000e-120	 1.0000e-120	 1.0000e-120	 1.0000e-120	 1.0000e-120	 1.0000e-120	 1.0000e-120
1.2023e+07	 0.0000e+00	 0.0000e+00	 0.0000e+00	 1.0000e-120	 1.0000e-120	 1.0000e-120	 1.0000e-120	 1.0000e-120	 1.0000e-120	 1.0000e-120	 1.0000e-120	 1.0000e-120
1.5849e+07	 0.0000e+00	 0.0000e+00	 0.0000e+00	 1.0000e-120	 1.0000e-120	 1.0000e-120	 1.0000e-120	 1.0000e-120	 1.0000e-120	 1.0000e-120	 1.0000e-120	 1.0000e-120
2.0893e+07	 0.0000e+00	 0.0000e+00	 0.0000e+00	 1.0000e-120	 1.0000e-120	 1.0000e-120	 1.0000e-120	 1.0000e-120	 1.0000e-120	 1.0000e-120	 1.0000e-120	 1.0000e-120
2.7542e+07	 1.3427e-19	 1.3427e-19	 0.0000e+00	 1.0000e-120	 1.0000e-120	 1.0000e-120	 1.0000e-120	 1.0000e-120	 1.0000e-120	 1.0000e-120	 1.0000e-120	 1.0000e-120
3.6308e+07	 3.0746e-19	 3.0746e-19	 0.0000e+00	 1.0000e-120	 1.0000e-120	 1.0000e-120	 1.0000e-120	 1.0000e-120	 1.0000e-120	 1.0000e-120	 1.0000e-120	 1.0000e-120
4.7863e+07	 7.0365e-19	 7.0365e-19	 0.0000e+00	 1.0000e-120	 1.0000e-120	 1.0000e-120	 1.0000e-120	 1.0000e-120	 1.0000e-120	 1.0000e-120	 1.0000e-120	 1.0000e-120
6.3096e+07	 1.6055e-18	 1.6055e-18	 0.0000e+00	 1.0000e-120	 1.0000e-120	 1.0000e-120	 1.0000e-120	 1.0000e-120	 1.0000e-120	 1.0000e-120	 1.0000e-120	 1.0000e-120
8.3176e+07	 3.6633e-18	 3.6633e-18	 0.0000e+00	 1.0000e-120	 1.0000e-120	 1.0000e-120	 1.0000e-120	 1.0000e-120	 1.0000e-120	 1.0000e-120	 1.0000e-120	 1.0000e-120
1.0965e+08	 8.1554e-18	 8.1554e-18	 0.0000e+00	 1.0000e-120	 1.0000e-120	 1.0000e-120	 1.0000e-120	 1.0000e-120	 1.0000e-120	 1.0000e-120	 1.0000e-120	 1.0000e-120
1.4454e+08	 1.8066e-17	 1.8066e-17	 0.0000e+00	 1.0000e-120	 1.0000e-120	 1.0000e-120	 1.0000e-120	 1.0000e-120	 1.0000e-120	 1.0000e-120	 1.0000e-120	 1.0000e-120
1.9055e+08	 3.7530e-17	 3.7530e-17	 0.0000e+00	 1.0000e-120	 1.0000e-120	 1.0000e-120	 1.0000e-120	 1.0000e-120	 1.0000e-120	 1.0000e-120	 1.0000e-120	 1.0000e-120
2.5119e+08	 7.3421e-17	 7.3421e-17	 0.0000e+00	 1.0000e-120	 1.0000e-120	 1.0000e-120	 1.0000e-120	 1.0000e-120	 1.0000e-120	 1.0000e-120	 1.0000e-120	 1.0000e-120
3.3113e+08	 1.3911e-16	 1.3911e-16	 0.0000e+00	 1.0000e-120	 1.0000e-120	 1.0000e-120	 1.0000e-120	 1.0000e-120	 1.0000e-120	 1.0000e-120	 1.0000e-120	 1.0000e-120
4.3652e+08	 2.3236e-16	 2.3236e-16	 0.0000e+00	 1.0000e-120	 1.0000e-120	 1.0000e-120	 1.0000e-120	 1.0000e-120	 1.0000e-120	 1.0000e-120	 1.0000e-120	 1.0000e-120
5.7544e+08	 3.8811e-16	 3.8811e-16	 0.0000e+00	 1.0000e-120	 1.0000e-120	 1.0000e-120	 1.0000e-120	 1.0000e-120	 1.0000e-120	 1.0000e-120	 1.0000e-120	 1.0000e-120
7.5858e+08	 5.9882e-16	 5.9882e-16	 0.0000e+00	 1.0000e-120	 1.0000e-120	 1.0000e-120	 1.0000e-120	 1.0000e-120	 1.0000e-120	 1.0000e-120	 1.0000e-120	 1.0000e-120
1.0000e+09	 9.1473e-16	 9.1473e-16	 0.0000e+00	 1.0000e-120	 1.0000e-120	 1.0000e-120	 1.0000e-120	 1.0000e-120	 1.0000e-120	 1.0000e-120	 1.0000e-120	 1.0000e-120
1.3183e+09	 1.3683e-15	 1.3683e-15	 0.0000e+00	 1.0000e-120	 1.0000e-120	 1.0000e-120	 1.0000e-120	 1.0000e-120	 1.0000e-120	 1.0000e-120	 1.0000e-120	 1.0000e-120
1.7378e+09	 2.0153e-15	 2.0153e-15	 0.0000e+00	 1.0000e-120	 1.0000e-120	 1.0000e-120	 1.0000e-120	 1.0000e-120	 1.0000e-120	 1.0000e-120	 1.0000e-120	 1.0000e-120
2.2909e+09	 2.9574e-15	 2.9574e-15	 0.0000e+00	 1.0000e-120	 1.0000e-120	 1.0000e-120	 1.0000e-120	 1.0000e-120	 1.0000e-120	 1.0000e-120	 1.0000e-120	 1.0000e-120
3.0200e+09	 4.2959e-15	 4.2959e-15	 0.0000e+00	 1.0000e-120	 1.0000e-120	 1.0000e-120	 1.0000e-120	 1.0000e-120	 1.0000e-120	 1.0000e-120	 1.0000e-120	 1.0000e-120
3.9811e+09	 6.2402e-15	 6.2402e-15	 0.0000e+00	 1.0000e-120	 1.0000e-120	 1.0000e-120	 1.0000e-120	 1.0000e-120	 1.0000e-120	 1.0000e-120	 1.0000e-120	 1.0000e-120
5.2481e+09	 9.0157e-15	 9.0157e-15	 0.0000e+00	 1.0000e-120	 1.0000e-120	 1.0000e-120	 1.0000e-120	 1.0000e-120	 1.0000e-120	 1.0000e-120	 1.0000e-120	 1.0000e-120
6.9183e+09	 1.3022e-14	 1.3022e-14	 0.0000e+00	 1.0000e-120	 1.0000e-120	 1.0000e-120	 1.0000e-120	 1.0000e-120	 1.0000e-120	 1.0000e-120	 1.0000e-120	 1.0000e-120
9.1201e+09	 1.8768e-14	 1.8768e-14	 0.0000e+00	 1.0000e-120	 1.0000e-120	 1.0000e-120	 1.0000e-120	 1.0000e-120	 1.0000e-120	 1.0000e-120	 1.0000e-120	 1.0000e-120
1.2023e+10	 2.7018e-14	 2.7018e-14	 0.0000e+00	 1.0000e-120	 1.0000e-120	 1.0000e-120	 1.0000e-120	 1.0000e-120	 1.0000e-120	 1.0000e-120	 1.0000e-120	 1.0000e-120
1.5849e+10	 3.8853e-14	 3.8853e-14	 0.0000e+00	 1.0000e-120	 1.0000e-120	 1.0000e-120	 1.0000e-120	 1.0000e-120	 1.0000e-120	 1.0000e-120	 1.0000e-120	 1.0000e-120
2.0893e+10	 5.5750e-14	 5.5750e-14	 0.0000e+00	 1.0000e-120	 1.0000e-120	 1.0000e-120	 1.0000e-120	 1.0000e-120	 1.0000e-120	 1.0000e-120	 1.0000e-120	 1.0000e-120
2.7542e+10	 7.9993e-14	 7.9993e-14	 0.0000e+00	 1.0000e-120	 1.0000e-120	 1.0000e-120	 1.0000e-120	 1.0000e-120	 1.0000e-120	 1.0000e-120	 1.0000e-120	 1.0000e-120
3.6308e+10	 1.1427e-13	 1.1427e-13	 0.0000e+00	 1.0000e-120	 1.0000e-120	 1.0000e-120	 1.0000e-120	 1.0000e-120	 1.0000e-120	 1.0000e-120	 1.0000e-120	 1.0000e-120
4.7863e+10	 1.6324e-13	 1.6324e-13	 0.0000e+00	 1.0000e-120	 1.0000e-120	 1.0000e-120	 1.0000e-120	 1.0000e-120	 1.0000e-120	 1.0000e-120	 1.0000e-120	 1.0000e-120
6.3096e+10	 2.3209e-13	 2.3209e-13	 0.0000e+00	 1.0000e-120	 1.0000e-120	 1.0000e-120	 1.0000e-120	 1.0000e-120	 1.0000e-120	 1.0000e-120	 1.0000e-120	 1.0000e-120
8.3176e+10	 3.2929e-13	 3.2929e-13	 0.0000e+00	 1.0000e-120	 1.0000e-120	 1.0000e-120	 1.0000e-120	 1.0000e-120	 1.0000e-120	 1.0000e-120	 1.0000e-120	 1.0000e-120
1.0965e+11	 4.6529e-13	 4.6529e-13	 0.0000e+00	 1.0000e-120	 1.0000e-120	 1.0000e-120	 1.0000e-120	 1.0000e-120	 1.0000e-120	 1.0000e-120	 1.0000e-120	 1.0000e-120
1.4454e+11	 6.5299e-13	 6.5299e-13	 0.0000e+00	 1.0000e-120	 1.0000e-120	 1.0000e-120	 1.0000e-120	 1.0000e-120	 1.0000e-120	 1.0000e-120	 1.0000e-120	 1.0000e-120
1.9055e+11	 9.1547e-13	 9.1547e-13	 0.0000e+00	 1.0000e-120	 1.0000e-120	 1.0000e-120	 1.0000e-120	 1.0000e-120	 1.0000e-120	 1.0000e-120	 1.0000e-120	 1.0000e-120
2.5119e+11	 1.2624e-12	 1.2624e-12	 0.0000e+00	 1.0000e-120	 1.0000e-120	 1.0000e-120	 1.0000e-120	 1.0000e-120	 1.0000e-120	 1.0000e-120	 1.0000e-120	 1.0000e-120
3.3113e+11	 1.7409e-12	 1.7409e-12	 0.0000e+00	 1.0000e-120	 1.0000e-120	 1.0000e-120	 1.0000e-120	 1.0000e-120	 1.0000e-120	 1.0000e-120	 1.0000e-120	 1.0000e-120
4.3652e+11	 2.3515e-12	 2.3515e-12	 0.0000e+00	 1.0000e-120	 1.0000e-120	 1.0000e-120	 1.0000e-120	 1.0000e-120	 1.0000e-120	 1.0000e-120	 1.0000e-120	 1.0000e-120
5.7544e+11	 3.1535e-12	 3.1535e-12	 0.0000e+00	 1.0000e-120	 1.0000e-120	 1.0000e-120	 1.0000e-120	 1.0000e-120	 1.0000e-120	 1.0000e-120	 1.0000e-120	 1.0000e-120
7.5858e+11	 4.1532e-12	 4.1532e-12	 0.0000e+00	 1.0000e-120	 1.0000e-120	 1.0000e-120	 1.0000e-120	 1.0000e-120	 1.0000e-120	 1.0000e-120	 1.0000e-120	 1.0000e-120
1.0000e+12	 5.3393e-12	 5.3393e-12	 0.0000e+00	 1.0000e-120	 1.0000e-120	 1.0000e-120	 1.0000e-120	 1.0000e-120	 1.0000e-120	 1.0000e-120	 1.0000e-120	 1.0000e-120
1.3183e+12	 6.8205e-12	 6.8205e-12	 0.0000e+00	 1.0000e-120	 1.0000e-120	 1.0000e-120	 1.0000e-120	 1.0000e-120	 1.0000e-120	 1.0000e-120	 1.0000e-120	 1.0000e-120
1.7378e+12	 8.2926e-12	 8.2926e-12	 0.0000e+00	 1.0000e-120	 1.0000e-120	 1.0000e-120	 1.0000e-120	 1.0000e-120	 1.0000e-120	 1.0000e-120	 1.0000e-120	 1.0000e-120
2.2909e+12	 1.0082e-11	 1.0082e-11	 0.0000e+00	 1.0000e-120	 1.0000e-120	 1.0000e-120	 1.0000e-120	 1.0000e-120	 1.0000e-120	 1.0000e-120	 1.0000e-120	 1.0000e-120
3.0200e+12	 1.1746e-11	 1.1746e-11	 0.0000e+00	 1.0000e-120	 1.0000e-120	 1.0000e-120	 1.0000e-120	 1.0000e-120	 1.0000e-120	 1.0000e-120	 1.0000e-120	 1.0000e-120
3.9811e+12	 1.3538e-11	 1.3538e-11	 0.0000e+00	 1.0000e-120	 1.0000e-120	 1.0000e-120	 1.0000e-120	 1.0000e-120	 1.0000e-120	 1.0000e-120	 1.0000e-120	 1.0000e-120
5.2481e+12	 1.5404e-11	 1.5404e-11	 0.0000e+00	 1.0000e-120	 1.0000e-120	 1.0000e-120	 1.0000e-120	 1.0000e-120	 1.0000e-120	 1.0000e-120	 1.0000e-120	 1.0000e-120
6.9183e+12	 1.7290e-11	 1.7290e-11	 0.0000e+00	 1.0000e-120	 1.0000e-120	 1.0000e-120	 1.0000e-120	 1.0000e-120	 1.0000e-120	 1.0000e-120	 1.0000e-120	 1.0000e-120
9.1201e+12	 1.9391e-11	 1.9391e-11	 0.0000e+00	 1.0000e-120	 1.0000e-120	 1.0000e-120	 1.0000e-120	 1.0000e-120	 1.0000e-120	 1.0000e-120	 1.0000e-120	 1.0000e-120
1.2023e+13	 2.1666e-11	 2.1666e-11	 0.0000e+00	 1.0000e-120	 1.0000e-120	 1.0000e-120	 1.0000e-120	 1.0000e-120	 1.0000e-120	 1.0000e-120	 1.0000e-120	 1.0000e-120
1.5849e+13	 2.4208e-11	 2.4208e-11	 0.0000e+00	 1.0000e-120	 1.0000e-120	 1.0000e-120	 1.0000e-120	 1.0000e-120	 1.0000e-120	 1.0000e-120	 1.0000e-120	 1.0000e-120
2.0893e+13	 2.7028e-11	 2.7028e-11	 0.0000e+00	 1.0000e-120	 1.0000e-120	 1.0000e-120	 1.0000e-120	 1.0000e-120	 1.0000e-120	 1.0000e-120	 1.0000e-120	 1.0000e-120
2.7542e+13	 3.0173e-11	 3.0173e-11	 0.0000e+00	 1.0000e-120	 1.0000e-120	 1.0000e-120	 1.0000e-120	 1.0000e-120	 1.0000e-120	 1.0000e-120	 1.0000e-120	 1.0000e-120
3.6308e+13	 3.3664e-11	 3.3664e-11	 0.0000e+00	 1.0000e-120	 1.0000e-120	 1.0000e-120	 1.0000e-120	 1.0000e-120	 1.0000e-120	 1.0000e-120	 1.0000e-120	 1.0000e-120
4.7863e+13	 3.7543e-11	 3.7543e-11	 0.0000e+00	 1.0000e-120	 1.0000e-120	 1.0000e-120	 1.0000e-120	 1.0000e-120	 1.0000e-120	 1.0000e-120	 1.0000e-120	 1.0000e-120
6.3096e+13	 4.1854e-11	 4.1854e-11	 0.0000e+00	 1.0000e-120	 1.0000e-120	 1.0000e-120	 1.0000e-120	 1.0000e-120	 1.0000e-120	 1.0000e-120	 1.0000e-120	 1.0000e-120
8.3176e+13	 4.6611e-11	 4.6611e-11	 0.0000e+00	 1.0000e-120	 1.0000e-120	 1.0000e-120	 1.0000e-120	 1.0000e-120	 1.0000e-120	 1.0000e-120	 1.0000e-120	 1.0000e-120
1.0965e+14	 5.1909e-11	 5.1909e-11	 0.0000e+00	 1.0000e-120	 1.0000e-120	 1.0000e-120	 1.0000e-120	 1.0000e-120	 1.0000e-120	 1.0000e-120	 1.0000e-120	 1.0000e-120
1.4454e+14	 5.7711e-11	 5.7711e-11	 0.0000e+00	 1.0000e-120	 1.0000e-120	 1.0000e-120	 1.0000e-120	 1.0000e-120	 1.0000e-120	 1.0000e-120	 1.0000e-120	 1.0000e-120
1.9055e+14	 6.4151e-11	 6.4151e-11	 0.0000e+00	 1.0000e-120	 1.0000e-120	 1.0000e-120	 1.0000e-120	 1.0000e-120	 1.0000e-120	 1.0000e-120	 1.0000e-120	 1.0000e-120
2.5119e+14	 7.1205e-11	 7.1205e-11	 0.0000e+00	 1.0000e-120	 1.0000e-120	 1.0000e-120	 1.0000e-120	 1.0000e-120	 1.0000e-120	 1.0000e-120	 1.0000e-120	 1.0000e-120
3.3113e+14	 7.8957e-11	 7.8957e-11	 0.0000e+00	 1.0000e-120	 1.0000e-120	 1.0000e-120	 1.0000e-120	 1.0000e-120	 1.0000e-120	 1.0000e-120	 1.0000e-120	 1.0000e-120
4.3652e+14	 8.7472e-11	 8.7472e-11	 0.0000e+00	 1.0000e-120	 1.0000e-120	 1.0000e-120	 1.0000e-120	 1.0000e-120	 1.0000e-120	 1.0000e-120	 1.0000e-120	 1.0000e-120
5.7544e+14	 9.6682e-11	 9.6682e-11	 0.0000e+00	 1.0000e-120	 1.0000e-120	 1.0000e-120	 1.0000e-120	 1.0000e-120	 1.0000e-120	 1.0000e-120	 1.0000e-120	 1.0000e-120
7.5858e+14	 1.0686e-10	 1.0686e-10	 0.0000e+00	 1.0000e-120	 1.0000e-120	 1.0000e-120	 1.0000e-120	 1.0000e-120	 1.0000e-120	 1.0000e-120	 1.0000e-120	 1.0000e-120
1.0000e+15	 1.1763e-10	 1.1763e-10	 0.0000e+00	 1.0000e-120	 1.0000e-120	 1.0000e-120	 1.0000e-120	 1.0000e-120	 1.0000e-120	 1.0000e-120	 1.0000e-120	 1.0000e-120
1.3183e+15	 1.2946e-10	 1.2946e-10	 0.0000e+00	 1.0000e-120	 1.0000e-120	 1.0000e-120	 1.0000e-120	 1.0000e-120	 1.0000e-120	 1.0000e-120	 1.0000e-120	 1.0000e-120
1.7378e+15	 1.4196e-10	 1.4196e-10	 0.0000e+00	 1.0000e-120	 1.0000e-120	 1.0000e-120	 1.0000e-120	 1.0000e-120	 1.0000e-120	 1.0000e-120	 1.0000e-120	 1.0000e-120
2.2909e+15	 1.5538e-10	 1.5538e-10	 0.0000e+00	 1.0000e-120	 1.0000e-120	 1.0000e-120	 1.0000e-120	 1.0000e-120	 1.0000e-120	 1.0000e-120	 1.0000e-120	 1.0000e-120
3.0200e+15	 1.6965e-10	 1.6965e-10	 0.0000e+00	 1.0000e-120	 1.0000e-120	 1.0000e-120	 1.0000e-120	 1.0000e-120	 1.0000e-120	 1.0000e-120	 1.0000e-120	 1.0000e-120
3.9811e+15	 1.8435e-10	 1.8435e-10	 0.0000e+00	 1.0000e-120	 1.0000e-120	 1.0000e-120	 1.0000e-120	 1.0000e-120	 1.0000e-120	 1.0000e-120	 1.0000e-120	 1.0000e-120
5.2481e+15	 2.0028e-10	 2.0028e-10	 0.0000e+00	 1.0000e-120	 1.0000e-120	 1.0000e-120	 1.0000e-120	 1.0000e-120	 1.0000e-120	 1.0000e-120	 1.0000e-120	 1.0000e-120
6.9183e+15	 2.1564e-10	 2.1564e-10	 0.0000e+00	 1.0000e-120	 1.0000e-120	 1.0000e-120	 1.0000e-120	 1.0000e-120	 1.0000e-120	 1.0000e-120	 1.0000e-120	 1.0000e-120
9.1201e+15	 2.3218e-10	 2.3218e-10	 0.0000e+00	 1.0000e-120	 1.0000e-120	 1.0000e-120	 1.0000e-120	 1.0000e-120	 1.0000e-120	 1.0000e-120	 1.0000e-120	 1.0000e-120
1.2023e+16	 2.4789e-10	 2.4789e-10	 0.0000e+00	 1.0000e-120	 1.0000e-120	 1.0000e-120	 1.0000e-120	 1.0000e-120	 1.0000e-120	 1.0000e-120	 1.0000e-120	 1.0000e-120
1.5849e+16	 2.6376e-10	 2.6376e-10	 0.0000e+00	 1.0000e-120	 1.0000e-120	 1.0000e-120	 1.0000e-120	 1.0000e-120	 1.0000e-120	 1.0000e-120	 1.0000e-120	 1.0000e-120
2.0893e+16	 2.7898e-10	 2.7898e-10	 0.0000e+00	 1.0000e-120	 1.0000e-120	 1.0000e-120	 1.0000e-120	 1.0000e-120	 1.0000e-120	 1.0000e-120	 1.0000e-120	 1.0000e-120
2.7542e+16	 2.9242e-10	 2.9242e-10	 0.0000e+00	 1.0000e-120	 1.0000e-120	 1.0000e-120	 1.0000e-120	 1.0000e-120	 1.0000e-120	 1.0000e-120	 1.0000e-120	 1.0000e-120
3.6308e+16	 3.0602e-10	 3.0602e-10	 0.0000e+00	 1.0000e-120	 1.0000e-120	 1.0000e-120	 1.0000e-120	 1.0000e-120	 1.0000e-120	 1.0000e-120	 1.0000e-120	 1.0000e-120
4.7863e+16	 3.1473e-10	 3.1473e-10	 0.0000e+00	 1.0000e-120	 1.0000e-120	 1.0000e-120	 1.0000e-120	 1.0000e-120	 1.0000e-120	 1.0000e-120	 1.0000e-120	 1.0000e-120
6.3096e+16	 3.2368e-10	 3.2368e-10	 0.0000e+00	 1.0000e-120	 1.0000e-120	 1.0000e-120	 1.0000e-120	 1.0000e-120	 1.0000e-120	 1.0000e-120	 1.0000e-120	 1.0000e-120
8.3176e+16	 3.2682e-10	 3.2682e-10	 0.0000e+00	 1.0000e-120	 1.0000e-120	 1.0000e-120	 1.0000e-120	 1.0000e-120	 1.0000e-120	 1.0000e-120	 1.0000e-120	 1.0000e-120
1.0965e+17	 3.2818e-10	 3.2818e-10	 0.0000e+00	 1.0000e-120	 1.0000e-120	 1.0000e-120	 1.0000e-120	 1.0000e-120	 1.0000e-120	 1.0000e-120	 1.0000e-120	 1.0000e-120
1.4454e+17	 3.2509e-10	 3.2509e-10	 0.0000e+00	 1.0000e-120	 1.0000e-120	 1.0000e-120	 1.0000e-120	 1.0000e-120	 1.0000e-120	 1.0000e-120	 1.0000e-120	 1.0000e-120
1.9055e+17	 3.1681e-10	 3.1681e-10	 0.0000e+00	 1.0000e-120	 1.0000e-120	 1.0000e-120	 1.0000e-120	 1.0000e-120	 1.0000e-120	 1.0000e-120	 1.0000e-120	 1.0000e-120
2.5119e+17	 3.0713e-10	 3.0713e-10	 0.0000e+00	 1.0000e-120	 1.0000e-120	 1.0000e-120	 1.0000e-120	 1.0000e-120	 1.0000e-120	 1.0000e-120	 1.0000e-120	 1.0000e-120
3.3113e+17	 2.8832e-10	 2.8832e-10	 0.0000e+00	 1.0000e-120	 1.0000e-120	 1.0000e-120	 1.0000e-120	 1.0000e-120	 1.0000e-120	 1.0000e-120	 1.0000e-120	 1.0000e-120
4.3652e+17	 2.7067e-10	 2.7067e-10	 0.0000e+00	 1.0000e-120	 1.0000e-120	 1.0000e-120	 1.0000e-120	 1.0000e-120	 1.0000e-120	 1.0000e-120	 1.0000e-120	 1.0000e-120
5.7544e+17	 2.4452e-10	 2.4452e-10	 0.0000e+00	 1.0000e-120	 1.0000e-120	 1.0000e-120	 1.0000e-120	 1.0000e-120	 1.0000e-120	 1.0000e-120	 1.0000e-120	 1.0000e-120
7.5858e+17	 2.1911e-10	 2.1911e-10	 0.0000e+00	 1.0000e-120	 1.0000e-120	 1.0000e-120	 1.0000e-120	 1.0000e-120	 1.0000e-120	 1.0000e-120	 1.0000e-120	 1.0000e-120
1.0000e+18	 1.9062e-10	 1.9062e-10	 0.0000e+00	 1.0000e-120	 1.0000e-120	 1.0000e-120	 1.0000e-120	 1.0000e-120	 1.0000e-120	 1.0000e-120	 1.0000e-120	 1.0000e-120
1.3183e+18	 1.6121e-10	 1.6121e-10	 0.0000e+00	 1.0000e-120	 1.0000e-120	 1.0000e-120	 1.0000e-120	 1.0000e-120	 1.0000e-120	 1.0000e-120	 1.0000e-120	 1.0000e-120
1.7378e+18	 1.3443e-10	 1.3443e-10	 0.0000e+00	 1.0000e-120	 1.0000e-120	 1.0000e-120	 1.0000e-120	 1.0000e-120	 1.0000e-120	 1.0000e-120	 1.0000e-120	 1.0000e-120
2.2909e+18	 1.0581e-10	 1.0581e-10	 0.0000e+00	 1.0000e-120	 1.0000e-120	 1.0000e-120	 1.0000e-120	 1.0000e-120	 1.0000e-120	 1.0000e-120	 1.0000e-120	 1.0000e-120
3.0200e+18	 8.3286e-11	 8.3286e-11	 0.0000e+00	 1.0000e-120	 1.0000e-120	 1.0000e-120	 1.0000e-120	 1.0000e-120	 1.0000e-120	 1.0000e-120	 1.0000e-120	 1.0000e-120
3.9811e+18	 6.0582e-11	 6.0582e-11	 0.0000e+00	 1.0000e-120	 1.0000e-120	 1.0000e-120	 1.0000e-120	 1.0000e-120	 1.0000e-120	 1.0000e-120	 1.0000e-120	 1.0000e-120
5.2481e+18	 4.3607e-11	 4.3607e-11	 0.0000e+00	 1.0000e-120	 1.0000e-120	 1.0000e-120	 1.0000e-120	 1.0000e-120	 1.0000e-120	 1.0000e-120	 1.0000e-120	 1.0000e-120
6.9183e+18	 2.9439e-11	 2.9439e-11	 0.0000e+00	 1.0000e-120	 1.0000e-120	 1.0000e-120	 1.0000e-120	 1.0000e-120	 1.0000e-120	 1.0000e-120	 1.0000e-120	 1.0000e-120
9.1201e+18	 1.8928e-11	 1.8928e-11	 0.0000e+00	 1.0000e-120	 1.0000e-120	 1.0000e-120	 1.0000e-120	 1.0000e-120	 1.0000e-120	 1.0000e-120	 1.0000e-120	 1.0000e-120
1.2023e+19	 1.1715e-11	 1.1715e-11	 0.0000e+00	 1.0000e-120	 1.0000e-120	 1.0000e-120	 1.0000e-120	 1.0000e-120	 1.0000e-120	 1.0000e-120	 1.0000e-120	 1.0000e-120
1.5849e+19	 6.4821e-12	 6.4821e-12	 0.0000e+00	 1.0000e-120	 1.0000e-120	 1.0000e-120	 1.0000e-120	 1.0000e-120	 1.0000e-120	 1.0000e-120	 1.0000e-120	 1.0000e-120
2.0893e+19	 3.5866e-12	 3.5866e-12	 0.0000e+00	 1.0000e-120	 1.0000e-120	 1.0000e-120	 1.0000e-120	 1.0000e-120	 1.0000e-120	 1.0000e-120	 1.0000e-120	 1.0000e-120
2.7542e+19	 1.5991e-12	 1.5991e-12	 0.0000e+00	 1.0000e-120	 1.0000e-120	 1.0000e-120	 1.0000e-120	 1.0000e-120	 1.0000e-120	 1.0000e-120	 1.0000e-120	 1.0000e-120
3.6308e+19	 7.0310e-13	 7.0310e-13	 0.0000e+00	 1.0000e-120	 1.0000e-120	 1.0000e-120	 1.0000e-120	 1.0000e-120	 1.0000e-120	 1.0000e-120	 1.0000e-120	 1.0000e-120
4.7863e+19	 2.3676e-13	 2.3676e-13	 0.0000e+00	 1.0000e-120	 1.0000e-120	 1.0000e-120	 1.0000e-120	 1.0000e-120	 1.0000e-120	 1.0000e-120	 1.0000e-120	 1.0000e-120
6.3096e+19	 6.7918e-14	 6.7918e-14	 0.0000e+00	 1.0000e-120	 1.0000e-120	 1.0000e-120	 1.0000e-120	 1.0000e-120	 1.0000e-120	 1.0000e-120	 1.0000e-120	 1.0000e-120
8.3176e+19	 1.4881e-14	 1.4881e-14	 0.0000e+00	 1.0000e-120	 1.0000e-120	 1.0000e-120	 1.0000e-120	 1.0000e-120	 1.0000e-120	 1.0000e-120	 1.0000e-120	 1.0000e-120
1.0965e+20	 1.7911e-15	 1.7911e-15	 0.0000e+00	 1.0000e-120	 1.0000e-120	 1.0000e-120	 1.0000e-120	 1.0000e-120	 1.0000e-120	 1.0000e-120	 1.0000e-120	 1.0000e-120
1.4454e+20	 2.1557e-16	 2.1557e-16	 0.0000e+00	 1.0000e-120	 1.0000e-120	 1.0000e-120	 1.0000e-120	 1.0000e-120	 1.0000e-120	 1.0000e-120	 1.0000e-120	 1.0000e-120
1.9055e+20	 4.6066e-18	 4.6066e-18	 0.0000e+00	 1.0000e-120	 1.0000e-120	 1.0000e-120	 1.0000e-120	 1.0000e-120	 1.0000e-120	 1.0000e-120	 1.0000e-120	 1.0000e-120
2.5119e+20	 9.7728e-20	 9.7728e-20	 0.0000e+00	 1.0000e-120	 1.0000e-120	 1.0000e-120	 1.0000e-120	 1.0000e-120	 1.0000e-120	 1.0000e-120	 1.0000e-120	 1.0000e-120
3.3113e+20	 2.0991e-22	 2.0991e-22	 0.0000e+00	 1.0000e-120	 1.0000e-120	 1.0000e-120	 1.0000e-120	 1.0000e-120	 1.0000e-120	 1.0000e-120	 1.0000e-120	 1.0000e-120
4.3652e+20	 1.5449e-25	 1.5449e-25	 0.0000e+00	 1.0000e-120	 1.0000e-120	 1.0000e-120	 1.0000e-120	 1.0000e-120	 1.0000e-120	 1.0000e-120	 1.0000e-120	 1.0000e-120
5.7544e+20	 0.0000e+00	 0.0000e+00	 0.0000e+00	 1.0000e-120	 1.0000e-120	 1.0000e-120	 1.0000e-120	 1.0000e-120	 1.0000e-120	 1.0000e-120	 1.0000e-120	 1.0000e-120
7.5858e+20	 0.0000e+00	 0.0000e+00	 0.0000e+00	 1.0000e-120	 1.0000e-120	 1.0000e-120	 1.0000e-120	 1.0000e-120	 1.0000e-120	 1.0000e-120	 1.0000e-120	 1.0000e-120
1.0000e+21	 0.0000e+00	 0.0000e+00	 0.0000e+00	 1.0000e-120	 1.0000e-120	 1.0000e-120	 1.0000e-120	 1.0000e-120	 1.0000e-120	 1.0000e-120	 1.0000e-120	 1.0000e-120
1.3183e+21	 0.0000e+00	 0.0000e+00	 0.0000e+00	 1.0000e-120	 1.0000e-120	 1.0000e-120	 1.0000e-120	 1.0000e-120	 1.0000e-120	 1.0000e-120	 1.0000e-120	 1.0000e-120
1.7378e+21	 0.0000e+00	 0.0000e+00	 0.0000e+00	 1.0000e-120	 1.0000e-120	 1.0000e-120	 1.0000e-120	 1.0000e-120	 1.0000e-120	 1.0000e-120	 1.0000e-120	 1.0000e-120
2.2909e+21	 0.0000e+00	 0.0000e+00	 0.0000e+00	 1.0000e-120	 1.0000e-120	 1.0000e-120	 1.0000e-120	 1.0000e-120	 1.0000e-120	 1.0000e-120	 1.0000e-120	 1.0000e-120
3.0200e+21	 0.0000e+00	 0.0000e+00	 0.0000e+00	 1.0000e-120	 1.0000e-120	 1.0000e-120	 1.0000e-120	 1.0000e-120	 1.0000e-120	 1.0000e-120	 1.0000e-120	 1.0000e-120
3.9811e+21	 0.0000e+00	 0.0000e+00	 0.0000e+00	 1.0000e-120	 1.0000e-120	 1.0000e-120	 1.0000e-120	 1.0000e-120	 1.0000e-120	 1.0000e-120	 1.0000e-120	 1.0000e-120
5.2481e+21	 0.0000e+00	 0.0000e+00	 0.0000e+00	 1.0000e-120	 1.0000e-120	 1.0000e-120	 1.0000e-120	 1.0000e-120	 1.0000e-120	 1.0000e-120	 1.0000e-120	 1.0000e-120
6.9183e+21	 0.0000e+00	 0.0000e+00	 0.0000e+00	 1.0000e-120	 1.0000e-120	 1.0000e-120	 1.0000e-120	 1.0000e-120	 1.0000e-120	 1.0000e-120	 1.0000e-120	 1.0000e-120
9.1201e+21	 0.0000e+00	 0.0000e+00	 0.0000e+00	 1.0000e-120	 1.0000e-120	 1.0000e-120	 1.0000e-120	 1.0000e-120	 1.0000e-120	 1.0000e-120	 1.0000e-120	 1.0000e-120
1.2023e+22	 0.0000e+00	 0.0000e+00	 0.0000e+00	 1.0000e-120	 1.0000e-120	 1.0000e-120	 1.0000e-120	 1.0000e-120	 1.0000e-120	 1.0000e-120	 1.0000e-120	 1.0000e-120
1.5849e+22	 0.0000e+00	 0.0000e+00	 0.0000e+00	 1.0000e-120	 1.0000e-120	 1.0000e-120	 1.0000e-120	 1.0000e-120	 1.0000e-120	 1.0000e-120	 1.0000e-120	 1.0000e-120
2.0893e+22	 0.0000e+00	 0.0000e+00	 0.0000e+00	 1.0000e-120	 1.0000e-120	 1.0000e-120	 1.0000e-120	 1.0000e-120	 1.0000e-120	 1.0000e-120	 1.0000e-120	 1.0000e-120
2.7542e+22	 0.0000e+00	 0.0000e+00	 0.0000e+00	 1.0000e-120	 1.0000e-120	 1.0000e-120	 1.0000e-120	 1.0000e-120	 1.0000e-120	 1.0000e-120	 1.0000e-120	 1.0000e-120
3.6308e+22	 0.0000e+00	 0.0000e+00	 0.0000e+00	 1.0000e-120	 1.0000e-120	 1.0000e-120	 1.0000e-120	 1.0000e-120	 1.0000e-120	 1.0000e-120	 1.0000e-120	 1.0000e-120
4.7863e+22	 0.0000e+00	 0.0000e+00	 0.0000e+00	 1.0000e-120	 1.0000e-120	 1.0000e-120	 1.0000e-120	 1.0000e-120	 1.0000e-120	 1.0000e-120	 1.0000e-120	 1.0000e-120
6.3096e+22	 0.0000e+00	 0.0000e+00	 0.0000e+00	 1.0000e-120	 1.0000e-120	 1.0000e-120	 1.0000e-120	 1.0000e-120	 1.0000e-120	 1.0000e-120	 1.0000e-120	 1.0000e-120
8.3176e+22	 0.0000e+00	 0.0000e+00	 0.0000e+00	 1.0000e-120	 1.0000e-120	 1.0000e-120	 1.0000e-120	 1.0000e-120	 1.0000e-120	 1.0000e-120	 1.0000e-120	 1.0000e-120
1.0965e+23	 0.0000e+00	 0.0000e+00	 0.0000e+00	 1.0000e-120	 1.0000e-120	 1.0000e-120	 1.0000e-120	 1.0000e-120	 1.0000e-120	 1.0000e-120	 1.0000e-120	 1.0000e-120
1.4454e+23	 0.0000e+00	 0.0000e+00	 0.0000e+00	 1.0000e-120	 1.0000e-120	 1.0000e-120	 1.0000e-120	 1.0000e-120	 1.0000e-120	 1.0000e-120	 1.0000e-120	 1.0000e-120
1.9055e+23	 0.0000e+00	 0.0000e+00	 0.0000e+00	 1.0000e-120	 1.0000e-120	 1.0000e-120	 1.0000e-120	 1.0000e-120	 1.0000e-120	 1.0000e-120	 1.0000e-120	 1.0000e-120
2.5119e+23	 0.0000e+00	 0.0000e+00	 0.0000e+00	 1.0000e-120	 1.0000e-120	 1.0000e-120	 1.0000e-120	 1.0000e-120	 1.0000e-120	 1.0000e-120	 1.0000e-120	 1.0000e-120
3.3113e+23	 0.0000e+00	 0.0000e+00	 0.0000e+00	 1.0000e-120	 1.0000e-120	 1.0000e-120	 1.0000e-120	 1.0000e-120	 1.0000e-120	 1.0000e-120	 1.0000e-120	 1.0000e-120
4.3652e+23	 0.0000e+00	 0.0000e+00	 0.0000e+00	 1.0000e-120	 1.0000e-120	 1.0000e-120	 1.0000e-120	 1.0000e-120	 1.0000e-120	 1.0000e-120	 1.0000e-120	 1.0000e-120
5.7544e+23	 0.0000e+00	 0.0000e+00	 0.0000e+00	 1.0000e-120	 1.0000e-120	 1.0000e-120	 1.0000e-120	 1.0000e-120	 1.0000e-120	 1.0000e-120	 1.0000e-120	 1.0000e-120
7.5858e+23	 0.0000e+00	 0.0000e+00	 0.0000e+00	 1.0000e-120	 1.0000e-120	 1.0000e-120	 1.0000e-120	 1.0000e-120	 1.0000e-120	 1.0000e-120	 1.0000e-120	 1.0000e-120
1.0000e+24	 0.0000e+00	 0.0000e+00	 0.0000e+00	 1.0000e-120	 1.0000e-120	 1.0000e-120	 1.0000e-120	 1.0000e-120	 1.0000e-120	 1.0000e-120	 1.0000e-120	 1.0000e-120
1.3183e+24	 0.0000e+00	 0.0000e+00	 0.0000e+00	 1.0000e-120	 1.0000e-120	 1.0000e-120	 1.0000e-120	 1.0000e-120	 1.0000e-120	 1.0000e-120	 1.0000e-120	 1.0000e-120
1.7378e+24	 0.0000e+00	 0.0000e+00	 0.0000e+00	 1.0000e-120	 1.0000e-120	 1.0000e-120	 1.0000e-120	 1.0000e-120	 1.0000e-120	 1.0000e-120	 1.0000e-120	 1.0000e-120
2.2909e+24	 0.0000e+00	 0.0000e+00	 0.0000e+00	 1.0000e-120	 1.0000e-120	 1.0000e-120	 1.0000e-120	 1.0000e-120	 1.0000e-120	 1.0000e-120	 1.0000e-120	 1.0000e-120
3.0200e+24	 0.0000e+00	 0.0000e+00	 0.0000e+00	 1.0000e-120	 1.0000e-120	 1.0000e-120	 1.0000e-120	 1.0000e-120	 1.0000e-120	 1.0000e-120	 1.0000e-120	 1.0000e-120
3.9811e+24	 0.0000e+00	 0.0000e+00	 0.0000e+00	 1.0000e-120	 1.0000e-120	 1.0000e-120	 1.0000e-120	 1.0000e-120	 1.0000e-120	 1.0000e-120	 1.0000e-120	 1.0000e-120
5.2481e+24	 0.0000e+00	 0.0000e+00	 0.0000e+00	 1.0000e-120	 1.0000e-120	 1.0000e-120	 1.0000e-120	 1.0000e-120	 1.0000e-120	 1.0000e-120	 1.0000e-120	 1.0000e-120
6.9183e+24	 0.0000e+00	 0.0000e+00	 0.0000e+00	 1.0000e-120	 1.0000e-120	 1.0000e-120	 1.0000e-120	 1.0000e-120	 1.0000e-120	 1.0000e-120	 1.0000e-120	 1.0000e-120
9.1201e+24	 0.0000e+00	 0.0000e+00	 0.0000e+00	 1.0000e-120	 1.0000e-120	 1.0000e-120	 1.0000e-120	 1.0000e-120	 1.0000e-120	 1.0000e-120	 1.0000e-120	 1.0000e-120
1.2023e+25	 0.0000e+00	 0.0000e+00	 0.0000e+00	 1.0000e-120	 1.0000e-120	 1.0000e-120	 1.0000e-120	 1.0000e-120	 1.0000e-120	 1.0000e-120	 1.0000e-120	 1.0000e-120
1.5849e+25	 0.0000e+00	 0.0000e+00	 0.0000e+00	 1.0000e-120	 1.0000e-120	 1.0000e-120	 1.0000e-120	 1.0000e-120	 1.0000e-120	 1.0000e-120	 1.0000e-120	 1.0000e-120
2.0893e+25	 0.0000e+00	 0.0000e+00	 0.0000e+00	 1.0000e-120	 1.0000e-120	 1.0000e-120	 1.0000e-120	 1.0000e-120	 1.0000e-120	 1.0000e-120	 1.0000e-120	 1.0000e-120
2.7542e+25	 0.0000e+00	 0.0000e+00	 0.0000e+00	 1.0000e-120	 1.0000e-120	 1.0000e-120	 1.0000e-120	 1.0000e-120	 1.0000e-120	 1.0000e-120	 1.0000e-120	 1.0000e-120
3.6308e+25	 0.0000e+00	 0.0000e+00	 0.0000e+00	 1.0000e-120	 1.0000e-120	 1.0000e-120	 1.0000e-120	 1.0000e-120	 1.0000e-120	 1.0000e-120	 1.0000e-120	 1.0000e-120
4.7863e+25	 0.0000e+00	 0.0000e+00	 0.0000e+00	 1.0000e-120	 1.0000e-120	 1.0000e-120	 1.0000e-120	 1.0000e-120	 1.0000e-120	 1.0000e-120	 1.0000e-120	 1.0000e-120
6.3096e+25	 0.0000e+00	 0.0000e+00	 0.0000e+00	 1.0000e-120	 1.0000e-120	 1.0000e-120	 1.0000e-120	 1.0000e-120	 1.0000e-120	 1.0000e-120	 1.0000e-120	 1.0000e-120
8.3176e+25	 0.0000e+00	 0.0000e+00	 0.0000e+00	 1.0000e-120	 1.0000e-120	 1.0000e-120	 1.0000e-120	 1.0000e-120	 1.0000e-120	 1.0000e-120	 1.0000e-120	 1.0000e-120
1.0965e+26	 0.0000e+00	 0.0000e+00	 0.0000e+00	 1.0000e-120	 1.0000e-120	 1.0000e-120	 1.0000e-120	 1.0000e-120	 1.0000e-120	 1.0000e-120	 1.0000e-120	 1.0000e-120
1.4454e+26	 0.0000e+00	 0.0000e+00	 0.0000e+00	 1.0000e-120	 1.0000e-120	 1.0000e-120	 1.0000e-120	 1.0000e-120	 1.0000e-120	 1.0000e-120	 1.0000e-120	 1.0000e-120
1.9055e+26	 0.0000e+00	 0.0000e+00	 0.0000e+00	 1.0000e-120	 1.0000e-120	 1.0000e-120	 1.0000e-120	 1.0000e-120	 1.0000e-120	 1.0000e-120	 1.0000e-120	 1.0000e-120
2.5119e+26	 0.0000e+00	 0.0000e+00	 0.0000e+00	 1.0000e-120	 1.0000e-120	 1.0000e-120	 1.0000e-120	 1.0000e-120	 1.0000e-120	 1.0000e-120	 1.0000e-120	 1.0000e-120
3.3113e+26	 0.0000e+00	 0.0000e+00	 0.0000e+00	 1.0000e-120	 1.0000e-120	 1.0000e-120	 1.0000e-120	 1.0000e-120	 1.0000e-120	 1.0000e-120	 1.0000e-120	 1.0000e-120
4.3652e+26	 0.0000e+00	 0.0000e+00	 0.0000e+00	 1.0000e-120	 1.0000e-120	 1.0000e-120	 1.0000e-120	 1.0000e-120	 1.0000e-120	 1.0000e-120	 1.0000e-120	 1.0000e-120
5.7544e+26	 0.0000e+00	 0.0000e+00	 0.0000e+00	 1.0000e-120	 1.0000e-120	 1.0000e-120	 1.0000e-120	 1.0000e-120	 1.0000e-120	 1.0000e-120	 1.0000e-120	 1.0000e-120
7.5858e+26	 0.0000e+00	 0.0000e+00	 0.0000e+00	 1.0000e-120	 1.0000e-120	 1.0000e-120	 1.0000e-120	 1.0000e-120	 1.0000e-120	 1.0000e-120	 1.0000e-120	 1.0000e-120
1.0000e+27	 0.0000e+00	 0.0000e+00	 0.0000e+00	 1.0000e-120	 1.0000e-120	 1.0000e-120	 1.0000e-120	 1.0000e-120	 1.0000e-120	 1.0000e-120	 1.0000e-120	 1.0000e-120
1.3183e+27	 0.0000e+00	 0.0000e+00	 0.0000e+00	 1.0000e-120	 1.0000e-120	 1.0000e-120	 1.0000e-120	 1.0000e-120	 1.0000e-120	 1.0000e-120	 1.0000e-120	 1.0000e-120
1.7378e+27	 0.0000e+00	 0.0000e+00	 0.0000e+00	 1.0000e-120	 1.0000e-120	 1.0000e-120	 1.0000e-120	 1.0000e-120	 1.0000e-120	 1.0000e-120	 1.0000e-120	 1.0000e-120
2.2909e+27	 0.0000e+00	 0.0000e+00	 0.0000e+00	 1.0000e-120	 1.0000e-120	 1.0000e-120	 1.0000e-120	 1.0000e-120	 1.0000e-120	 1.0000e-120	 1.0000e-120	 1.0000e-120
3.0200e+27	 0.0000e+00	 0.0000e+00	 0.0000e+00	 1.0000e-120	 1.0000e-120	 1.0000e-120	 1.0000e-120	 1.0000e-120	 1.0000e-120	 1.0000e-120	 1.0000e-120	 1.0000e-120
3.9811e+27	 0.0000e+00	 0.0000e+00	 0.0000e+00	 1.0000e-120	 1.0000e-120	 1.0000e-120	 1.0000e-120	 1.0000e-120	 1.0000e-120	 1.0000e-120	 1.0000e-120	 1.0000e-120
5.2481e+27	 0.0000e+00	 0.0000e+00	 0.0000e+00	 1.0000e-120	 1.0000e-120	 1.0000e-120	 1.0000e-120	 1.0000e-120	 1.0000e-120	 1.0000e-120	 1.0000e-120	 1.0000e-120
6.9183e+27	 0.0000e+00	 0.0000e+00	 0.0000e+00	 1.0000e-120	 1.0000e-120	 1.0000e-120	 1.0000e-120	 1.0000e-120	 1.0000e-120	 1.0000e-120	 1.0000e-120	 1.0000e-120
9.1201e+27	 0.0000e+00	 0.0000e+00	 0.0000e+00	 1.0000e-120	 1.0000e-120	 1.0000e-120	 1.0000e-120	 1.0000e-120	 1.0000e-120	 1.0000e-120	 1.0000e-120	 1.0000e-120
1.2023e+28	 0.0000e+00	 0.0000e+00	 0.0000e+00	 1.0000e-120	 1.0000e-120	 1.0000e-120	 1.0000e-120	 1.0000e-120	 1.0000e-120	 1.0000e-120	 1.0000e-120	 1.0000e-120
1.5849e+28	 0.0000e+00	 0.0000e+00	 0.0000e+00	 1.0000e-120	 1.0000e-120	 1.0000e-120	 1.0000e-120	 1.0000e-120	 1.0000e-120	 1.0000e-120	 1.0000e-120	 1.0000e-120
2.0893e+28	 0.0000e+00	 0.0000e+00	 0.0000e+00	 1.0000e-120	 1.0000e-120	 1.0000e-120	 1.0000e-120	 1.0000e-120	 1.0000e-120	 1.0000e-120	 1.0000e-120	 1.0000e-120
2.7542e+28	 0.0000e+00	 0.0000e+00	 0.0000e+00	 1.0000e-120	 1.0000e-120	 1.0000e-120	 1.0000e-120	 1.0000e-120	 1.0000e-120	 1.0000e-120	 1.0000e-120	 1.0000e-120
3.6308e+28	 0.0000e+00	 0.0000e+00	 0.0000e+00	 1.0000e-120	 1.0000e-120	 1.0000e-120	 1.0000e-120	 1.0000e-120	 1.0000e-120	 1.0000e-120	 1.0000e-120	 1.0000e-120
4.7863e+28	 0.0000e+00	 0.0000e+00	 0.0000e+00	 1.0000e-120	 1.0000e-120	 1.0000e-120	 1.0000e-120	 1.0000e-120	 1.0000e-120	 1.0000e-120	 1.0000e-120	 1.0000e-120
6.3096e+28	 0.0000e+00	 0.0000e+00	 0.0000e+00	 1.0000e-120	 1.0000e-120	 1.0000e-120	 1.0000e-120	 1.0000e-120	 1.0000e-120	 1.0000e-120	 1.0000e-120	 1.0000e-120
8.3176e+28	 0.0000e+00	 0.0000e+00	 0.0000e+00	 1.0000e-120	 1.0000e-120	 1.0000e-120	 1.0000e-120	 1.0000e-120	 1.0000e-120	 1.0000e-120	 1.0000e-120	 1.0000e-120
1.0965e+29	 0.0000e+00	 0.0000e+00	 0.0000e+00	 1.0000e-120	 1.0000e-120	 1.0000e-120	 1.0000e-120	 1.0000e-120	 1.0000e-120	 1.0000e-120	 1.0000e-120	 1.0000e-120
1.4454e+29	 0.0000e+00	 0.0000e+00	 0.0000e+00	 1.0000e-120	 1.0000e-120	 1.0000e-120	 1.0000e-120	 1.0000e-120	 1.0000e-120	 1.0000e-120	 1.0000e-120	 1.0000e-120
1.9055e+29	 0.0000e+00	 0.0000e+00	 0.0000e+00	 1.0000e-120	 1.0000e-120	 1.0000e-120	 1.0000e-120	 1.0000e-120	 1.0000e-120	 1.0000e-120	 1.0000e-120	 1.0000e-120
2.5119e+29	 0.0000e+00	 0.0000e+00	 0.0000e+00	 1.0000e-120	 1.0000e-120	 1.0000e-120	 1.0000e-120	 1.0000e-120	 1.0000e-120	 1.0000e-120	 1.0000e-120	 1.0000e-120
3.3113e+29	 0.0000e+00	 0.0000e+00	 0.0000e+00	 1.0000e-120	 1.0000e-120	 1.0000e-120	 1.0000e-120	 1.0000e-120	 1.0000e-120	 1.0000e-120	 1.0000e-120	 1.0000e-120
4.3652e+29	 0.0000e+00	 0.0000e+00	 0.0000e+00	 1.0000e-120	 1.0000e-120	 1.0000e-120	 1.0000e-120	 1.0000e-120	 1.0000e-120	 1.0000e-120	 1.0000e-120	 1.0000e-120
5.7544e+29	 0.0000e+00	 0.0000e+00	 0.0000e+00	 1.0000e-120	 1.0000e-120	 1.0000e-120	 1.0000e-120	 1.0000e-120	 1.0000e-120	 1.0000e-120	 1.0000e-120	 1.0000e-120
7.5858e+29	 0.0000e+00	 0.0000e+00	 0.0000e+00	 1.0000e-120	 1.0000e-120	 1.0000e-120	 1.0000e-120	 1.0000e-120	 1.0000e-120	 1.0000e-120	 1.0000e-120	 1.0000e-120
