########################################################################
#_src is in the AGN rest frame:cosmo                 
#nu_src  nuFnu_somma_src  nuFnu_Sync_src nuFnu_SSC_src nu_Fnu_Disk_src  nu_Fnu_DT_src nu_Fnu_Star_src nu_Fnu_EC_Disk_src nu_Fnu_EC_BLR_src nu_Fnu_EC_DT_src nu_Fnu_EC_Star_src nu_Fnu_EC_CMB_src  
########################################################################
6.0132e+00	 -6.5673e+01	 -6.5673e+01	 -6.5673e+01	 -6.5673e+01	 -6.5673e+01	 -6.5673e+01	 -6.5673e+01	 -6.5673e+01	 -6.5673e+01	 -6.5673e+01	 -6.5673e+01	 -6.5673e+01
6.1332e+00	 -6.5673e+01	 -6.5673e+01	 -6.5673e+01	 -6.5673e+01	 -6.5673e+01	 -6.5673e+01	 -6.5673e+01	 -6.5673e+01	 -6.5673e+01	 -6.5673e+01	 -6.5673e+01	 -6.5673e+01
6.2532e+00	 -6.5673e+01	 -6.5673e+01	 -6.5673e+01	 -6.5673e+01	 -6.5673e+01	 -6.5673e+01	 -6.5673e+01	 -6.5673e+01	 -6.5673e+01	 -6.5673e+01	 -6.5673e+01	 -6.5673e+01
6.3732e+00	 -6.5673e+01	 -6.5673e+01	 -6.5673e+01	 -6.5673e+01	 -6.5673e+01	 -6.5673e+01	 -6.5673e+01	 -6.5673e+01	 -6.5673e+01	 -6.5673e+01	 -6.5673e+01	 -6.5673e+01
6.4932e+00	 -6.5673e+01	 -6.5673e+01	 -6.5673e+01	 -6.5673e+01	 -6.5673e+01	 -6.5673e+01	 -6.5673e+01	 -6.5673e+01	 -6.5673e+01	 -6.5673e+01	 -6.5673e+01	 -6.5673e+01
6.6132e+00	 -6.5673e+01	 -6.5673e+01	 -6.5673e+01	 -6.5673e+01	 -6.5673e+01	 -6.5673e+01	 -6.5673e+01	 -6.5673e+01	 -6.5673e+01	 -6.5673e+01	 -6.5673e+01	 -6.5673e+01
6.7332e+00	 -6.5673e+01	 -6.5673e+01	 -6.5673e+01	 -6.5673e+01	 -6.5673e+01	 -6.5673e+01	 -6.5673e+01	 -6.5673e+01	 -6.5673e+01	 -6.5673e+01	 -6.5673e+01	 -6.5673e+01
6.8532e+00	 -6.5673e+01	 -6.5673e+01	 -6.5673e+01	 -6.5673e+01	 -6.5673e+01	 -6.5673e+01	 -6.5673e+01	 -6.5673e+01	 -6.5673e+01	 -6.5673e+01	 -6.5673e+01	 -6.5673e+01
6.9732e+00	 -6.5673e+01	 -6.5673e+01	 -6.5673e+01	 -6.5673e+01	 -6.5673e+01	 -6.5673e+01	 -6.5673e+01	 -6.5673e+01	 -6.5673e+01	 -6.5673e+01	 -6.5673e+01	 -6.5673e+01
7.0932e+00	 -6.5673e+01	 -6.5673e+01	 -6.5673e+01	 -6.5673e+01	 -6.5673e+01	 -6.5673e+01	 -6.5673e+01	 -6.5673e+01	 -6.5673e+01	 -6.5673e+01	 -6.5673e+01	 -6.5673e+01
7.2132e+00	 -6.5673e+01	 -6.5673e+01	 -6.5673e+01	 -6.5673e+01	 -6.5673e+01	 -6.5673e+01	 -6.5673e+01	 -6.5673e+01	 -6.5673e+01	 -6.5673e+01	 -6.5673e+01	 -6.5673e+01
7.3332e+00	 -6.5673e+01	 -6.5673e+01	 -6.5673e+01	 -6.5673e+01	 -6.5673e+01	 -6.5673e+01	 -6.5673e+01	 -6.5673e+01	 -6.5673e+01	 -6.5673e+01	 -6.5673e+01	 -6.5673e+01
7.4532e+00	 3.5674e+01	 3.5674e+01	 -6.5673e+01	 -6.5673e+01	 -6.5673e+01	 -6.5673e+01	 -6.5673e+01	 -6.5673e+01	 -6.5673e+01	 -6.5673e+01	 -6.5673e+01	 -6.5673e+01
7.5732e+00	 3.6033e+01	 3.6033e+01	 -6.5673e+01	 -6.5673e+01	 -6.5673e+01	 -6.5673e+01	 -6.5673e+01	 -6.5673e+01	 -6.5673e+01	 -6.5673e+01	 -6.5673e+01	 -6.5673e+01
7.6932e+00	 3.6392e+01	 3.6392e+01	 -6.5673e+01	 -6.5673e+01	 -6.5673e+01	 -6.5673e+01	 -6.5673e+01	 -6.5673e+01	 -6.5673e+01	 -6.5673e+01	 -6.5673e+01	 -6.5673e+01
7.8132e+00	 3.6747e+01	 3.6747e+01	 -6.5673e+01	 -6.5673e+01	 -6.5673e+01	 -6.5673e+01	 -6.5673e+01	 -6.5673e+01	 -6.5673e+01	 -6.5673e+01	 -6.5673e+01	 -6.5673e+01
7.9332e+00	 3.7102e+01	 3.7102e+01	 -6.5673e+01	 -6.5673e+01	 -6.5673e+01	 -6.5673e+01	 -6.5673e+01	 -6.5673e+01	 -6.5673e+01	 -6.5673e+01	 -6.5673e+01	 -6.5673e+01
8.0532e+00	 3.7435e+01	 3.7435e+01	 -6.5673e+01	 -6.5673e+01	 -6.5673e+01	 -6.5673e+01	 -6.5673e+01	 -6.5673e+01	 -6.5673e+01	 -6.5673e+01	 -6.5673e+01	 -6.5673e+01
8.1732e+00	 3.7760e+01	 3.7760e+01	 -6.5673e+01	 -6.5673e+01	 -6.5673e+01	 -6.5673e+01	 -6.5673e+01	 -6.5673e+01	 -6.5673e+01	 -6.5673e+01	 -6.5673e+01	 -6.5673e+01
8.2932e+00	 3.8058e+01	 3.8058e+01	 -6.5673e+01	 -6.5673e+01	 -6.5673e+01	 -6.5673e+01	 -6.5673e+01	 -6.5673e+01	 -6.5673e+01	 -6.5673e+01	 -6.5673e+01	 -6.5673e+01
8.4132e+00	 3.8312e+01	 3.8312e+01	 -6.5673e+01	 -6.5673e+01	 -6.5673e+01	 -6.5673e+01	 -6.5673e+01	 -6.5673e+01	 -6.5673e+01	 -6.5673e+01	 -6.5673e+01	 -6.5673e+01
8.5332e+00	 3.8564e+01	 3.8564e+01	 -6.5673e+01	 -6.5673e+01	 -6.5673e+01	 -6.5673e+01	 -6.5673e+01	 -6.5673e+01	 -6.5673e+01	 -6.5673e+01	 -6.5673e+01	 -6.5673e+01
8.6532e+00	 3.8763e+01	 3.8763e+01	 -6.5673e+01	 -6.5673e+01	 -6.5673e+01	 -6.5673e+01	 -6.5673e+01	 -6.5673e+01	 -6.5673e+01	 -6.5673e+01	 -6.5673e+01	 -6.5673e+01
8.7732e+00	 3.8962e+01	 3.8962e+01	 -6.5673e+01	 -6.5673e+01	 -6.5673e+01	 -6.5673e+01	 -6.5673e+01	 -6.5673e+01	 -6.5673e+01	 -6.5673e+01	 -6.5673e+01	 -6.5673e+01
8.8932e+00	 3.9144e+01	 3.9144e+01	 -6.5673e+01	 -6.5673e+01	 -6.5673e+01	 -6.5673e+01	 -6.5673e+01	 -6.5673e+01	 -6.5673e+01	 -6.5673e+01	 -6.5673e+01	 -6.5673e+01
9.0132e+00	 3.9317e+01	 3.9317e+01	 -6.5673e+01	 -6.5673e+01	 -6.5673e+01	 -6.5673e+01	 -6.5673e+01	 -6.5673e+01	 -6.5673e+01	 -6.5673e+01	 -6.5673e+01	 -6.5673e+01
9.1332e+00	 3.9488e+01	 3.9488e+01	 -6.5673e+01	 -6.5673e+01	 -6.5673e+01	 -6.5673e+01	 -6.5673e+01	 -6.5673e+01	 -6.5673e+01	 -6.5673e+01	 -6.5673e+01	 -6.5673e+01
9.2532e+00	 3.9653e+01	 3.9653e+01	 -6.5673e+01	 -6.5673e+01	 -6.5673e+01	 -6.5673e+01	 -6.5673e+01	 -6.5673e+01	 -6.5673e+01	 -6.5673e+01	 -6.5673e+01	 -6.5673e+01
9.3732e+00	 3.9817e+01	 3.9817e+01	 -6.5673e+01	 -6.5673e+01	 -6.5673e+01	 -6.5673e+01	 -6.5673e+01	 -6.5673e+01	 -6.5673e+01	 -6.5673e+01	 -6.5673e+01	 -6.5673e+01
9.4932e+00	 3.9978e+01	 3.9978e+01	 -6.5673e+01	 -6.5673e+01	 -6.5673e+01	 -6.5673e+01	 -6.5673e+01	 -6.5673e+01	 -6.5673e+01	 -6.5673e+01	 -6.5673e+01	 -6.5673e+01
9.6132e+00	 4.0139e+01	 4.0139e+01	 -6.5673e+01	 -6.5673e+01	 -6.5673e+01	 -6.5673e+01	 -6.5673e+01	 -6.5673e+01	 -6.5673e+01	 -6.5673e+01	 -6.5673e+01	 -6.5673e+01
9.7332e+00	 4.0299e+01	 4.0299e+01	 -6.5673e+01	 -6.5673e+01	 -6.5673e+01	 -6.5673e+01	 -6.5673e+01	 -6.5673e+01	 -6.5673e+01	 -6.5673e+01	 -6.5673e+01	 -6.5673e+01
9.8532e+00	 4.0459e+01	 4.0459e+01	 -6.5673e+01	 -6.5673e+01	 -6.5673e+01	 -6.5673e+01	 -6.5673e+01	 -6.5673e+01	 -6.5673e+01	 -6.5673e+01	 -6.5673e+01	 -6.5673e+01
9.9732e+00	 4.0618e+01	 4.0618e+01	 -6.5673e+01	 -6.5673e+01	 -6.5673e+01	 -6.5673e+01	 -6.5673e+01	 -6.5673e+01	 -6.5673e+01	 -6.5673e+01	 -6.5673e+01	 -6.5673e+01
1.0093e+01	 4.0777e+01	 4.0777e+01	 -6.5673e+01	 -6.5673e+01	 -6.5673e+01	 -6.5673e+01	 -6.5673e+01	 -6.5673e+01	 -6.5673e+01	 -6.5673e+01	 -6.5673e+01	 -6.5673e+01
1.0213e+01	 4.0936e+01	 4.0936e+01	 -6.5673e+01	 -6.5673e+01	 -6.5673e+01	 -6.5673e+01	 -6.5673e+01	 -6.5673e+01	 -6.5673e+01	 -6.5673e+01	 -6.5673e+01	 -6.5673e+01
1.0333e+01	 4.1093e+01	 4.1093e+01	 -6.5673e+01	 -6.5673e+01	 -6.5673e+01	 -6.5673e+01	 -6.5673e+01	 -6.5673e+01	 -6.5673e+01	 -6.5673e+01	 -6.5673e+01	 -6.5673e+01
1.0453e+01	 4.1251e+01	 4.1251e+01	 -6.5673e+01	 -6.5673e+01	 -6.5673e+01	 -6.5673e+01	 -6.5673e+01	 -6.5673e+01	 -6.5673e+01	 -6.5673e+01	 -6.5673e+01	 -6.5673e+01
1.0573e+01	 4.1408e+01	 4.1408e+01	 -6.5673e+01	 -6.5673e+01	 -6.5673e+01	 -6.5673e+01	 -6.5673e+01	 -6.5673e+01	 -6.5673e+01	 -6.5673e+01	 -6.5673e+01	 -6.5673e+01
1.0693e+01	 4.1564e+01	 4.1564e+01	 -6.5673e+01	 -6.5673e+01	 -6.5673e+01	 -6.5673e+01	 -6.5673e+01	 -6.5673e+01	 -6.5673e+01	 -6.5673e+01	 -6.5673e+01	 -6.5673e+01
1.0813e+01	 4.1720e+01	 4.1720e+01	 -6.5673e+01	 -6.5673e+01	 -6.5673e+01	 -6.5673e+01	 -6.5673e+01	 -6.5673e+01	 -6.5673e+01	 -6.5673e+01	 -6.5673e+01	 -6.5673e+01
1.0933e+01	 4.1874e+01	 4.1874e+01	 -6.5673e+01	 -6.5673e+01	 -6.5673e+01	 -6.5673e+01	 -6.5673e+01	 -6.5673e+01	 -6.5673e+01	 -6.5673e+01	 -6.5673e+01	 -6.5673e+01
1.1053e+01	 4.2028e+01	 4.2028e+01	 -6.5673e+01	 -6.5673e+01	 -6.5673e+01	 -6.5673e+01	 -6.5673e+01	 -6.5673e+01	 -6.5673e+01	 -6.5673e+01	 -6.5673e+01	 -6.5673e+01
1.1173e+01	 4.2180e+01	 4.2180e+01	 -6.5673e+01	 -6.5673e+01	 -6.5673e+01	 -6.5673e+01	 -6.5673e+01	 -6.5673e+01	 -6.5673e+01	 -6.5673e+01	 -6.5673e+01	 -6.5673e+01
1.1293e+01	 4.2330e+01	 4.2330e+01	 -6.5673e+01	 -6.5673e+01	 -6.5673e+01	 -6.5673e+01	 -6.5673e+01	 -6.5673e+01	 -6.5673e+01	 -6.5673e+01	 -6.5673e+01	 -6.5673e+01
1.1413e+01	 4.2478e+01	 4.2478e+01	 -6.5673e+01	 -6.5673e+01	 -6.5673e+01	 -6.5673e+01	 -6.5673e+01	 -6.5673e+01	 -6.5673e+01	 -6.5673e+01	 -6.5673e+01	 -6.5673e+01
1.1533e+01	 4.2623e+01	 4.2623e+01	 -6.5673e+01	 -6.5673e+01	 -6.5673e+01	 -6.5673e+01	 -6.5673e+01	 -6.5673e+01	 -6.5673e+01	 -6.5673e+01	 -6.5673e+01	 -6.5673e+01
1.1653e+01	 4.2767e+01	 4.2767e+01	 -6.5673e+01	 -6.5673e+01	 -6.5673e+01	 -6.5673e+01	 -6.5673e+01	 -6.5673e+01	 -6.5673e+01	 -6.5673e+01	 -6.5673e+01	 -6.5673e+01
1.1773e+01	 4.2903e+01	 4.2903e+01	 -6.5673e+01	 -6.5673e+01	 -6.5673e+01	 -6.5673e+01	 -6.5673e+01	 -6.5673e+01	 -6.5673e+01	 -6.5673e+01	 -6.5673e+01	 -6.5673e+01
1.1893e+01	 4.3039e+01	 4.3039e+01	 -6.5673e+01	 -6.5673e+01	 -6.5673e+01	 -6.5673e+01	 -6.5673e+01	 -6.5673e+01	 -6.5673e+01	 -6.5673e+01	 -6.5673e+01	 -6.5673e+01
1.2013e+01	 4.3164e+01	 4.3164e+01	 -6.5673e+01	 -6.5673e+01	 -6.5673e+01	 -6.5673e+01	 -6.5673e+01	 -6.5673e+01	 -6.5673e+01	 -6.5673e+01	 -6.5673e+01	 -6.5673e+01
1.2133e+01	 4.3285e+01	 4.3285e+01	 -6.5673e+01	 -6.5673e+01	 -6.5673e+01	 -6.5673e+01	 -6.5673e+01	 -6.5673e+01	 -6.5673e+01	 -6.5673e+01	 -6.5673e+01	 -6.5673e+01
1.2253e+01	 4.3399e+01	 4.3399e+01	 -6.5673e+01	 -6.5673e+01	 -6.5673e+01	 -6.5673e+01	 -6.5673e+01	 -6.5673e+01	 -6.5673e+01	 -6.5673e+01	 -6.5673e+01	 -6.5673e+01
1.2373e+01	 4.3498e+01	 4.3498e+01	 -6.5673e+01	 -6.5673e+01	 -6.5673e+01	 -6.5673e+01	 -6.5673e+01	 -6.5673e+01	 -6.5673e+01	 -6.5673e+01	 -6.5673e+01	 -6.5673e+01
1.2493e+01	 4.3598e+01	 4.3598e+01	 -6.5673e+01	 -6.5673e+01	 -6.5673e+01	 -6.5673e+01	 -6.5673e+01	 -6.5673e+01	 -6.5673e+01	 -6.5673e+01	 -6.5673e+01	 -6.5673e+01
1.2613e+01	 4.3672e+01	 4.3672e+01	 -6.5673e+01	 -6.5673e+01	 -6.5673e+01	 -6.5673e+01	 -6.5673e+01	 -6.5673e+01	 -6.5673e+01	 -6.5673e+01	 -6.5673e+01	 -6.5673e+01
1.2733e+01	 4.3745e+01	 4.3745e+01	 -6.5673e+01	 -6.5673e+01	 -6.5673e+01	 -6.5673e+01	 -6.5673e+01	 -6.5673e+01	 -6.5673e+01	 -6.5673e+01	 -6.5673e+01	 -6.5673e+01
1.2853e+01	 4.3807e+01	 4.3807e+01	 -6.5673e+01	 -6.5673e+01	 -6.5673e+01	 -6.5673e+01	 -6.5673e+01	 -6.5673e+01	 -6.5673e+01	 -6.5673e+01	 -6.5673e+01	 -6.5673e+01
1.2973e+01	 4.3861e+01	 4.3861e+01	 -6.5673e+01	 -6.5673e+01	 -6.5673e+01	 -6.5673e+01	 -6.5673e+01	 -6.5673e+01	 -6.5673e+01	 -6.5673e+01	 -6.5673e+01	 -6.5673e+01
1.3093e+01	 4.3913e+01	 4.3913e+01	 -6.5673e+01	 -6.5673e+01	 -6.5673e+01	 -6.5673e+01	 -6.5673e+01	 -6.5673e+01	 -6.5673e+01	 -6.5673e+01	 -6.5673e+01	 -6.5673e+01
1.3213e+01	 4.3960e+01	 4.3960e+01	 -6.5673e+01	 -6.5673e+01	 -6.5673e+01	 -6.5673e+01	 -6.5673e+01	 -6.5673e+01	 -6.5673e+01	 -6.5673e+01	 -6.5673e+01	 -6.5673e+01
1.3333e+01	 4.4008e+01	 4.4008e+01	 -6.5673e+01	 -6.5673e+01	 -6.5673e+01	 -6.5673e+01	 -6.5673e+01	 -6.5673e+01	 -6.5673e+01	 -6.5673e+01	 -6.5673e+01	 -6.5673e+01
1.3453e+01	 4.4054e+01	 4.4054e+01	 -6.5673e+01	 -6.5673e+01	 -6.5673e+01	 -6.5673e+01	 -6.5673e+01	 -6.5673e+01	 -6.5673e+01	 -6.5673e+01	 -6.5673e+01	 -6.5673e+01
1.3573e+01	 4.4100e+01	 4.4100e+01	 -6.5673e+01	 -6.5673e+01	 -6.5673e+01	 -6.5673e+01	 -6.5673e+01	 -6.5673e+01	 -6.5673e+01	 -6.5673e+01	 -6.5673e+01	 -6.5673e+01
1.3693e+01	 4.4146e+01	 4.4146e+01	 -6.5673e+01	 -6.5673e+01	 -6.5673e+01	 -6.5673e+01	 -6.5673e+01	 -6.5673e+01	 -6.5673e+01	 -6.5673e+01	 -6.5673e+01	 -6.5673e+01
1.3813e+01	 4.4192e+01	 4.4192e+01	 -6.5673e+01	 -6.5673e+01	 -6.5673e+01	 -6.5673e+01	 -6.5673e+01	 -6.5673e+01	 -6.5673e+01	 -6.5673e+01	 -6.5673e+01	 -6.5673e+01
1.3933e+01	 4.4237e+01	 4.4237e+01	 -6.5673e+01	 -6.5673e+01	 -6.5673e+01	 -6.5673e+01	 -6.5673e+01	 -6.5673e+01	 -6.5673e+01	 -6.5673e+01	 -6.5673e+01	 -6.5673e+01
1.4053e+01	 4.4281e+01	 4.4281e+01	 -6.5673e+01	 -6.5673e+01	 -6.5673e+01	 -6.5673e+01	 -6.5673e+01	 -6.5673e+01	 -6.5673e+01	 -6.5673e+01	 -6.5673e+01	 -6.5673e+01
1.4173e+01	 4.4325e+01	 4.4325e+01	 -6.5673e+01	 -6.5673e+01	 -6.5673e+01	 -6.5673e+01	 -6.5673e+01	 -6.5673e+01	 -6.5673e+01	 -6.5673e+01	 -6.5673e+01	 -6.5673e+01
1.4293e+01	 4.4367e+01	 4.4367e+01	 -6.5673e+01	 -6.5673e+01	 -6.5673e+01	 -6.5673e+01	 -6.5673e+01	 -6.5673e+01	 -6.5673e+01	 -6.5673e+01	 -6.5673e+01	 -6.5673e+01
1.4413e+01	 4.4410e+01	 4.4410e+01	 -6.5673e+01	 -6.5673e+01	 -6.5673e+01	 -6.5673e+01	 -6.5673e+01	 -6.5673e+01	 -6.5673e+01	 -6.5673e+01	 -6.5673e+01	 -6.5673e+01
1.4533e+01	 4.4451e+01	 4.4451e+01	 -6.5673e+01	 -6.5673e+01	 -6.5673e+01	 -6.5673e+01	 -6.5673e+01	 -6.5673e+01	 -6.5673e+01	 -6.5673e+01	 -6.5673e+01	 -6.5673e+01
1.4653e+01	 4.4491e+01	 4.4491e+01	 -6.5673e+01	 -6.5673e+01	 -6.5673e+01	 -6.5673e+01	 -6.5673e+01	 -6.5673e+01	 -6.5673e+01	 -6.5673e+01	 -6.5673e+01	 -6.5673e+01
1.4773e+01	 4.4531e+01	 4.4531e+01	 -6.5673e+01	 -6.5673e+01	 -6.5673e+01	 -6.5673e+01	 -6.5673e+01	 -6.5673e+01	 -6.5673e+01	 -6.5673e+01	 -6.5673e+01	 -6.5673e+01
1.4893e+01	 4.4568e+01	 4.4568e+01	 -6.5673e+01	 -6.5673e+01	 -6.5673e+01	 -6.5673e+01	 -6.5673e+01	 -6.5673e+01	 -6.5673e+01	 -6.5673e+01	 -6.5673e+01	 -6.5673e+01
1.5013e+01	 4.4605e+01	 4.4605e+01	 -6.5673e+01	 -6.5673e+01	 -6.5673e+01	 -6.5673e+01	 -6.5673e+01	 -6.5673e+01	 -6.5673e+01	 -6.5673e+01	 -6.5673e+01	 -6.5673e+01
1.5133e+01	 4.4640e+01	 4.4640e+01	 -6.5673e+01	 -6.5673e+01	 -6.5673e+01	 -6.5673e+01	 -6.5673e+01	 -6.5673e+01	 -6.5673e+01	 -6.5673e+01	 -6.5673e+01	 -6.5673e+01
1.5253e+01	 4.4673e+01	 4.4673e+01	 -6.5673e+01	 -6.5673e+01	 -6.5673e+01	 -6.5673e+01	 -6.5673e+01	 -6.5673e+01	 -6.5673e+01	 -6.5673e+01	 -6.5673e+01	 -6.5673e+01
1.5373e+01	 4.4704e+01	 4.4704e+01	 -6.5673e+01	 -6.5673e+01	 -6.5673e+01	 -6.5673e+01	 -6.5673e+01	 -6.5673e+01	 -6.5673e+01	 -6.5673e+01	 -6.5673e+01	 -6.5673e+01
1.5493e+01	 4.4733e+01	 4.4733e+01	 -6.5673e+01	 -6.5673e+01	 -6.5673e+01	 -6.5673e+01	 -6.5673e+01	 -6.5673e+01	 -6.5673e+01	 -6.5673e+01	 -6.5673e+01	 -6.5673e+01
1.5613e+01	 4.4761e+01	 4.4761e+01	 -6.5673e+01	 -6.5673e+01	 -6.5673e+01	 -6.5673e+01	 -6.5673e+01	 -6.5673e+01	 -6.5673e+01	 -6.5673e+01	 -6.5673e+01	 -6.5673e+01
1.5733e+01	 4.4783e+01	 4.4783e+01	 -6.5673e+01	 -6.5673e+01	 -6.5673e+01	 -6.5673e+01	 -6.5673e+01	 -6.5673e+01	 -6.5673e+01	 -6.5673e+01	 -6.5673e+01	 -6.5673e+01
1.5853e+01	 4.4806e+01	 4.4806e+01	 -6.5673e+01	 -6.5673e+01	 -6.5673e+01	 -6.5673e+01	 -6.5673e+01	 -6.5673e+01	 -6.5673e+01	 -6.5673e+01	 -6.5673e+01	 -6.5673e+01
1.5973e+01	 4.4823e+01	 4.4823e+01	 -6.5673e+01	 -6.5673e+01	 -6.5673e+01	 -6.5673e+01	 -6.5673e+01	 -6.5673e+01	 -6.5673e+01	 -6.5673e+01	 -6.5673e+01	 -6.5673e+01
1.6093e+01	 4.4837e+01	 4.4837e+01	 -6.5673e+01	 -6.5673e+01	 -6.5673e+01	 -6.5673e+01	 -6.5673e+01	 -6.5673e+01	 -6.5673e+01	 -6.5673e+01	 -6.5673e+01	 -6.5673e+01
1.6213e+01	 4.4848e+01	 4.4848e+01	 -6.5673e+01	 -6.5673e+01	 -6.5673e+01	 -6.5673e+01	 -6.5673e+01	 -6.5673e+01	 -6.5673e+01	 -6.5673e+01	 -6.5673e+01	 -6.5673e+01
1.6333e+01	 4.4852e+01	 4.4852e+01	 -6.5673e+01	 -6.5673e+01	 -6.5673e+01	 -6.5673e+01	 -6.5673e+01	 -6.5673e+01	 -6.5673e+01	 -6.5673e+01	 -6.5673e+01	 -6.5673e+01
1.6453e+01	 4.4857e+01	 4.4857e+01	 -6.5673e+01	 -6.5673e+01	 -6.5673e+01	 -6.5673e+01	 -6.5673e+01	 -6.5673e+01	 -6.5673e+01	 -6.5673e+01	 -6.5673e+01	 -6.5673e+01
1.6573e+01	 4.4849e+01	 4.4849e+01	 3.7835e+01	 -6.5673e+01	 -6.5673e+01	 -6.5673e+01	 -6.5673e+01	 -6.5673e+01	 -6.5673e+01	 -6.5673e+01	 -6.5673e+01	 -6.5673e+01
1.6693e+01	 4.4841e+01	 4.4841e+01	 3.7983e+01	 -6.5673e+01	 -6.5673e+01	 -6.5673e+01	 -6.5673e+01	 -6.5673e+01	 -6.5673e+01	 -6.5673e+01	 -6.5673e+01	 -6.5673e+01
1.6813e+01	 4.4822e+01	 4.4822e+01	 3.8128e+01	 -6.5673e+01	 -6.5673e+01	 -6.5673e+01	 -6.5673e+01	 -6.5673e+01	 -6.5673e+01	 -6.5673e+01	 -6.5673e+01	 -6.5673e+01
1.6933e+01	 4.4798e+01	 4.4798e+01	 3.8271e+01	 -6.5673e+01	 -6.5673e+01	 -6.5673e+01	 -6.5673e+01	 -6.5673e+01	 -6.5673e+01	 -6.5673e+01	 -6.5673e+01	 -6.5673e+01
1.7053e+01	 4.4769e+01	 4.4769e+01	 3.8412e+01	 -6.5673e+01	 -6.5673e+01	 -6.5673e+01	 -6.5673e+01	 -6.5673e+01	 -6.5673e+01	 -6.5673e+01	 -6.5673e+01	 -6.5673e+01
1.7173e+01	 4.4725e+01	 4.4725e+01	 3.8544e+01	 -6.5673e+01	 -6.5673e+01	 -6.5673e+01	 -6.5673e+01	 -6.5673e+01	 -6.5673e+01	 -6.5673e+01	 -6.5673e+01	 -6.5673e+01
1.7293e+01	 4.4682e+01	 4.4682e+01	 3.8675e+01	 -6.5673e+01	 -6.5673e+01	 -6.5673e+01	 -6.5673e+01	 -6.5673e+01	 -6.5673e+01	 -6.5673e+01	 -6.5673e+01	 -6.5673e+01
1.7413e+01	 4.4615e+01	 4.4615e+01	 3.8805e+01	 -6.5673e+01	 -6.5673e+01	 -6.5673e+01	 -6.5673e+01	 -6.5673e+01	 -6.5673e+01	 -6.5673e+01	 -6.5673e+01	 -6.5673e+01
1.7533e+01	 4.4547e+01	 4.4547e+01	 3.8935e+01	 -6.5673e+01	 -6.5673e+01	 -6.5673e+01	 -6.5673e+01	 -6.5673e+01	 -6.5673e+01	 -6.5673e+01	 -6.5673e+01	 -6.5673e+01
1.7653e+01	 4.4461e+01	 4.4461e+01	 3.9061e+01	 -6.5673e+01	 -6.5673e+01	 -6.5673e+01	 -6.5673e+01	 -6.5673e+01	 -6.5673e+01	 -6.5673e+01	 -6.5673e+01	 -6.5673e+01
1.7773e+01	 4.4362e+01	 4.4362e+01	 3.9179e+01	 -6.5673e+01	 -6.5673e+01	 -6.5673e+01	 -6.5673e+01	 -6.5673e+01	 -6.5673e+01	 -6.5673e+01	 -6.5673e+01	 -6.5673e+01
1.7893e+01	 4.4255e+01	 4.4255e+01	 3.9298e+01	 -6.5673e+01	 -6.5673e+01	 -6.5673e+01	 -6.5673e+01	 -6.5673e+01	 -6.5673e+01	 -6.5673e+01	 -6.5673e+01	 -6.5673e+01
1.8013e+01	 4.4118e+01	 4.4118e+01	 3.9406e+01	 -6.5673e+01	 -6.5673e+01	 -6.5673e+01	 -6.5673e+01	 -6.5673e+01	 -6.5673e+01	 -6.5673e+01	 -6.5673e+01	 -6.5673e+01
1.8133e+01	 4.3980e+01	 4.3980e+01	 3.9513e+01	 -6.5673e+01	 -6.5673e+01	 -6.5673e+01	 -6.5673e+01	 -6.5673e+01	 -6.5673e+01	 -6.5673e+01	 -6.5673e+01	 -6.5673e+01
1.8253e+01	 4.3803e+01	 4.3803e+01	 3.9615e+01	 -6.5673e+01	 -6.5673e+01	 -6.5673e+01	 -6.5673e+01	 -6.5673e+01	 -6.5673e+01	 -6.5673e+01	 -6.5673e+01	 -6.5673e+01
1.8373e+01	 4.3618e+01	 4.3618e+01	 3.9711e+01	 -6.5673e+01	 -6.5673e+01	 -6.5673e+01	 -6.5673e+01	 -6.5673e+01	 -6.5673e+01	 -6.5673e+01	 -6.5673e+01	 -6.5673e+01
1.8493e+01	 4.3405e+01	 4.3405e+01	 3.9806e+01	 -6.5673e+01	 -6.5673e+01	 -6.5673e+01	 -6.5673e+01	 -6.5673e+01	 -6.5673e+01	 -6.5673e+01	 -6.5673e+01	 -6.5673e+01
1.8613e+01	 4.3161e+01	 4.3161e+01	 3.9895e+01	 -6.5673e+01	 -6.5673e+01	 -6.5673e+01	 -6.5673e+01	 -6.5673e+01	 -6.5673e+01	 -6.5673e+01	 -6.5673e+01	 -6.5673e+01
1.8733e+01	 4.2909e+01	 4.2909e+01	 3.9983e+01	 -6.5673e+01	 -6.5673e+01	 -6.5673e+01	 -6.5673e+01	 -6.5673e+01	 -6.5673e+01	 -6.5673e+01	 -6.5673e+01	 -6.5673e+01
1.8853e+01	 4.2592e+01	 4.2591e+01	 4.0068e+01	 -6.5673e+01	 -6.5673e+01	 -6.5673e+01	 -6.5673e+01	 -6.5673e+01	 -6.5673e+01	 -6.5673e+01	 -6.5673e+01	 -6.5673e+01
1.8973e+01	 4.2277e+01	 4.2274e+01	 4.0149e+01	 -6.5673e+01	 -6.5673e+01	 -6.5673e+01	 -6.5673e+01	 -6.5673e+01	 -6.5673e+01	 -6.5673e+01	 -6.5673e+01	 -6.5673e+01
1.9093e+01	 4.1897e+01	 4.1887e+01	 4.0229e+01	 -6.5673e+01	 -6.5673e+01	 -6.5673e+01	 -6.5673e+01	 -6.5673e+01	 -6.5673e+01	 -6.5673e+01	 -6.5673e+01	 -6.5673e+01
1.9213e+01	 4.1507e+01	 4.1479e+01	 4.0303e+01	 -6.5673e+01	 -6.5673e+01	 -6.5673e+01	 -6.5673e+01	 -6.5673e+01	 -6.5673e+01	 -6.5673e+01	 -6.5673e+01	 -6.5673e+01
1.9333e+01	 4.1114e+01	 4.1025e+01	 4.0378e+01	 -6.5673e+01	 -6.5673e+01	 -6.5673e+01	 -6.5673e+01	 -6.5673e+01	 -6.5673e+01	 -6.5673e+01	 -6.5673e+01	 -6.5673e+01
1.9453e+01	 4.0778e+01	 4.0504e+01	 4.0449e+01	 -6.5673e+01	 -6.5673e+01	 -6.5673e+01	 -6.5673e+01	 -6.5673e+01	 -6.5673e+01	 -6.5673e+01	 -6.5673e+01	 -6.5673e+01
1.9573e+01	 4.0628e+01	 3.9977e+01	 4.0518e+01	 -6.5673e+01	 -6.5673e+01	 -6.5673e+01	 -6.5673e+01	 -6.5673e+01	 -6.5673e+01	 -6.5673e+01	 -6.5673e+01	 -6.5673e+01
1.9693e+01	 4.0609e+01	 3.9314e+01	 4.0587e+01	 -6.5673e+01	 -6.5673e+01	 -6.5673e+01	 -6.5673e+01	 -6.5673e+01	 -6.5673e+01	 -6.5673e+01	 -6.5673e+01	 -6.5673e+01
1.9813e+01	 4.0657e+01	 3.8652e+01	 4.0653e+01	 -6.5673e+01	 -6.5673e+01	 -6.5673e+01	 -6.5673e+01	 -6.5673e+01	 -6.5673e+01	 -6.5673e+01	 -6.5673e+01	 -6.5673e+01
1.9933e+01	 4.0719e+01	 3.7868e+01	 4.0719e+01	 -6.5673e+01	 -6.5673e+01	 -6.5673e+01	 -6.5673e+01	 -6.5673e+01	 -6.5673e+01	 -6.5673e+01	 -6.5673e+01	 -6.5673e+01
2.0053e+01	 4.0782e+01	 3.7027e+01	 4.0782e+01	 -6.5673e+01	 -6.5673e+01	 -6.5673e+01	 -6.5673e+01	 -6.5673e+01	 -6.5673e+01	 -6.5673e+01	 -6.5673e+01	 -6.5673e+01
2.0173e+01	 4.0846e+01	 3.6095e+01	 4.0846e+01	 -6.5673e+01	 -6.5673e+01	 -6.5673e+01	 -6.5673e+01	 -6.5673e+01	 -6.5673e+01	 -6.5673e+01	 -6.5673e+01	 -6.5673e+01
2.0293e+01	 4.0908e+01	 3.4975e+01	 4.0908e+01	 -6.5673e+01	 -6.5673e+01	 -6.5673e+01	 -6.5673e+01	 -6.5673e+01	 -6.5673e+01	 -6.5673e+01	 -6.5673e+01	 -6.5673e+01
2.0413e+01	 4.0969e+01	 3.3855e+01	 4.0969e+01	 -6.5673e+01	 -6.5673e+01	 -6.5673e+01	 -6.5673e+01	 -6.5673e+01	 -6.5673e+01	 -6.5673e+01	 -6.5673e+01	 -6.5673e+01
2.0533e+01	 4.1030e+01	 3.2134e+01	 4.1030e+01	 -6.5673e+01	 -6.5673e+01	 -6.5673e+01	 -6.5673e+01	 -6.5673e+01	 -6.5673e+01	 -6.5673e+01	 -6.5673e+01	 -6.5673e+01
2.0653e+01	 4.1087e+01	 3.0391e+01	 4.1087e+01	 -6.5673e+01	 -6.5673e+01	 -6.5673e+01	 -6.5673e+01	 -6.5673e+01	 -6.5673e+01	 -6.5673e+01	 -6.5673e+01	 -6.5673e+01
2.0773e+01	 4.1144e+01	 2.7809e+01	 4.1144e+01	 -6.5673e+01	 -6.5673e+01	 -6.5673e+01	 -6.5673e+01	 -6.5673e+01	 -6.5673e+01	 -6.5673e+01	 -6.5673e+01	 -6.5673e+01
2.0893e+01	 4.1200e+01	 2.4681e+01	 4.1200e+01	 -6.5673e+01	 -6.5673e+01	 -6.5673e+01	 -6.5673e+01	 -6.5673e+01	 -6.5673e+01	 -6.5673e+01	 -6.5673e+01	 -6.5673e+01
2.1013e+01	 4.1254e+01	 2.0866e+01	 4.1254e+01	 -6.5673e+01	 -6.5673e+01	 -6.5673e+01	 -6.5673e+01	 -6.5673e+01	 -6.5673e+01	 -6.5673e+01	 -6.5673e+01	 -6.5673e+01
2.1133e+01	 4.1308e+01	 1.4958e+01	 4.1308e+01	 -6.5673e+01	 -6.5673e+01	 -6.5673e+01	 -6.5673e+01	 -6.5673e+01	 -6.5673e+01	 -6.5673e+01	 -6.5673e+01	 -6.5673e+01
2.1253e+01	 4.1360e+01	 9.0509e+00	 4.1360e+01	 -6.5673e+01	 -6.5673e+01	 -6.5673e+01	 -6.5673e+01	 -6.5673e+01	 -6.5673e+01	 -6.5673e+01	 -6.5673e+01	 -6.5673e+01
2.1373e+01	 4.1411e+01	 -6.5673e+01	 4.1411e+01	 -6.5673e+01	 -6.5673e+01	 -6.5673e+01	 -6.5673e+01	 -6.5673e+01	 -6.5673e+01	 -6.5673e+01	 -6.5673e+01	 -6.5673e+01
2.1493e+01	 4.1461e+01	 -6.5673e+01	 4.1461e+01	 -6.5673e+01	 -6.5673e+01	 -6.5673e+01	 -6.5673e+01	 -6.5673e+01	 -6.5673e+01	 -6.5673e+01	 -6.5673e+01	 -6.5673e+01
2.1613e+01	 4.1509e+01	 -6.5673e+01	 4.1509e+01	 -6.5673e+01	 -6.5673e+01	 -6.5673e+01	 -6.5673e+01	 -6.5673e+01	 -6.5673e+01	 -6.5673e+01	 -6.5673e+01	 -6.5673e+01
2.1733e+01	 4.1556e+01	 -6.5673e+01	 4.1556e+01	 -6.5673e+01	 -6.5673e+01	 -6.5673e+01	 -6.5673e+01	 -6.5673e+01	 -6.5673e+01	 -6.5673e+01	 -6.5673e+01	 -6.5673e+01
2.1853e+01	 4.1601e+01	 -6.5673e+01	 4.1601e+01	 -6.5673e+01	 -6.5673e+01	 -6.5673e+01	 -6.5673e+01	 -6.5673e+01	 -6.5673e+01	 -6.5673e+01	 -6.5673e+01	 -6.5673e+01
2.1973e+01	 4.1646e+01	 -6.5673e+01	 4.1646e+01	 -6.5673e+01	 -6.5673e+01	 -6.5673e+01	 -6.5673e+01	 -6.5673e+01	 -6.5673e+01	 -6.5673e+01	 -6.5673e+01	 -6.5673e+01
2.2093e+01	 4.1688e+01	 -6.5673e+01	 4.1688e+01	 -6.5673e+01	 -6.5673e+01	 -6.5673e+01	 -6.5673e+01	 -6.5673e+01	 -6.5673e+01	 -6.5673e+01	 -6.5673e+01	 -6.5673e+01
2.2213e+01	 4.1729e+01	 -6.5673e+01	 4.1729e+01	 -6.5673e+01	 -6.5673e+01	 -6.5673e+01	 -6.5673e+01	 -6.5673e+01	 -6.5673e+01	 -6.5673e+01	 -6.5673e+01	 -6.5673e+01
2.2333e+01	 4.1769e+01	 -6.5673e+01	 4.1769e+01	 -6.5673e+01	 -6.5673e+01	 -6.5673e+01	 -6.5673e+01	 -6.5673e+01	 -6.5673e+01	 -6.5673e+01	 -6.5673e+01	 -6.5673e+01
2.2453e+01	 4.1807e+01	 -6.5673e+01	 4.1807e+01	 -6.5673e+01	 -6.5673e+01	 -6.5673e+01	 -6.5673e+01	 -6.5673e+01	 -6.5673e+01	 -6.5673e+01	 -6.5673e+01	 -6.5673e+01
2.2573e+01	 4.1844e+01	 -6.5673e+01	 4.1844e+01	 -6.5673e+01	 -6.5673e+01	 -6.5673e+01	 -6.5673e+01	 -6.5673e+01	 -6.5673e+01	 -6.5673e+01	 -6.5673e+01	 -6.5673e+01
2.2693e+01	 4.1879e+01	 -6.5673e+01	 4.1879e+01	 -6.5673e+01	 -6.5673e+01	 -6.5673e+01	 -6.5673e+01	 -6.5673e+01	 -6.5673e+01	 -6.5673e+01	 -6.5673e+01	 -6.5673e+01
2.2813e+01	 4.1913e+01	 -6.5673e+01	 4.1913e+01	 -6.5673e+01	 -6.5673e+01	 -6.5673e+01	 -6.5673e+01	 -6.5673e+01	 -6.5673e+01	 -6.5673e+01	 -6.5673e+01	 -6.5673e+01
2.2933e+01	 4.1945e+01	 -6.5673e+01	 4.1945e+01	 -6.5673e+01	 -6.5673e+01	 -6.5673e+01	 -6.5673e+01	 -6.5673e+01	 -6.5673e+01	 -6.5673e+01	 -6.5673e+01	 -6.5673e+01
2.3053e+01	 4.1975e+01	 -6.5673e+01	 4.1975e+01	 -6.5673e+01	 -6.5673e+01	 -6.5673e+01	 -6.5673e+01	 -6.5673e+01	 -6.5673e+01	 -6.5673e+01	 -6.5673e+01	 -6.5673e+01
2.3173e+01	 4.2005e+01	 -6.5673e+01	 4.2005e+01	 -6.5673e+01	 -6.5673e+01	 -6.5673e+01	 -6.5673e+01	 -6.5673e+01	 -6.5673e+01	 -6.5673e+01	 -6.5673e+01	 -6.5673e+01
2.3293e+01	 4.2032e+01	 -6.5673e+01	 4.2032e+01	 -6.5673e+01	 -6.5673e+01	 -6.5673e+01	 -6.5673e+01	 -6.5673e+01	 -6.5673e+01	 -6.5673e+01	 -6.5673e+01	 -6.5673e+01
2.3413e+01	 4.2059e+01	 -6.5673e+01	 4.2059e+01	 -6.5673e+01	 -6.5673e+01	 -6.5673e+01	 -6.5673e+01	 -6.5673e+01	 -6.5673e+01	 -6.5673e+01	 -6.5673e+01	 -6.5673e+01
2.3533e+01	 4.2082e+01	 -6.5673e+01	 4.2082e+01	 -6.5673e+01	 -6.5673e+01	 -6.5673e+01	 -6.5673e+01	 -6.5673e+01	 -6.5673e+01	 -6.5673e+01	 -6.5673e+01	 -6.5673e+01
2.3653e+01	 4.2106e+01	 -6.5673e+01	 4.2106e+01	 -6.5673e+01	 -6.5673e+01	 -6.5673e+01	 -6.5673e+01	 -6.5673e+01	 -6.5673e+01	 -6.5673e+01	 -6.5673e+01	 -6.5673e+01
2.3773e+01	 4.2127e+01	 -6.5673e+01	 4.2127e+01	 -6.5673e+01	 -6.5673e+01	 -6.5673e+01	 -6.5673e+01	 -6.5673e+01	 -6.5673e+01	 -6.5673e+01	 -6.5673e+01	 -6.5673e+01
2.3893e+01	 4.2146e+01	 -6.5673e+01	 4.2146e+01	 -6.5673e+01	 -6.5673e+01	 -6.5673e+01	 -6.5673e+01	 -6.5673e+01	 -6.5673e+01	 -6.5673e+01	 -6.5673e+01	 -6.5673e+01
2.4013e+01	 4.2164e+01	 -6.5673e+01	 4.2164e+01	 -6.5673e+01	 -6.5673e+01	 -6.5673e+01	 -6.5673e+01	 -6.5673e+01	 -6.5673e+01	 -6.5673e+01	 -6.5673e+01	 -6.5673e+01
2.4133e+01	 4.2178e+01	 -6.5673e+01	 4.2178e+01	 -6.5673e+01	 -6.5673e+01	 -6.5673e+01	 -6.5673e+01	 -6.5673e+01	 -6.5673e+01	 -6.5673e+01	 -6.5673e+01	 -6.5673e+01
2.4253e+01	 4.2192e+01	 -6.5673e+01	 4.2192e+01	 -6.5673e+01	 -6.5673e+01	 -6.5673e+01	 -6.5673e+01	 -6.5673e+01	 -6.5673e+01	 -6.5673e+01	 -6.5673e+01	 -6.5673e+01
2.4373e+01	 4.2202e+01	 -6.5673e+01	 4.2202e+01	 -6.5673e+01	 -6.5673e+01	 -6.5673e+01	 -6.5673e+01	 -6.5673e+01	 -6.5673e+01	 -6.5673e+01	 -6.5673e+01	 -6.5673e+01
2.4493e+01	 4.2209e+01	 -6.5673e+01	 4.2209e+01	 -6.5673e+01	 -6.5673e+01	 -6.5673e+01	 -6.5673e+01	 -6.5673e+01	 -6.5673e+01	 -6.5673e+01	 -6.5673e+01	 -6.5673e+01
2.4613e+01	 4.2214e+01	 -6.5673e+01	 4.2214e+01	 -6.5673e+01	 -6.5673e+01	 -6.5673e+01	 -6.5673e+01	 -6.5673e+01	 -6.5673e+01	 -6.5673e+01	 -6.5673e+01	 -6.5673e+01
2.4733e+01	 4.2212e+01	 -6.5673e+01	 4.2212e+01	 -6.5673e+01	 -6.5673e+01	 -6.5673e+01	 -6.5673e+01	 -6.5673e+01	 -6.5673e+01	 -6.5673e+01	 -6.5673e+01	 -6.5673e+01
2.4853e+01	 4.2210e+01	 -6.5673e+01	 4.2210e+01	 -6.5673e+01	 -6.5673e+01	 -6.5673e+01	 -6.5673e+01	 -6.5673e+01	 -6.5673e+01	 -6.5673e+01	 -6.5673e+01	 -6.5673e+01
2.4973e+01	 4.2199e+01	 -6.5673e+01	 4.2199e+01	 -6.5673e+01	 -6.5673e+01	 -6.5673e+01	 -6.5673e+01	 -6.5673e+01	 -6.5673e+01	 -6.5673e+01	 -6.5673e+01	 -6.5673e+01
2.5093e+01	 4.2184e+01	 -6.5673e+01	 4.2184e+01	 -6.5673e+01	 -6.5673e+01	 -6.5673e+01	 -6.5673e+01	 -6.5673e+01	 -6.5673e+01	 -6.5673e+01	 -6.5673e+01	 -6.5673e+01
2.5213e+01	 4.2164e+01	 -6.5673e+01	 4.2164e+01	 -6.5673e+01	 -6.5673e+01	 -6.5673e+01	 -6.5673e+01	 -6.5673e+01	 -6.5673e+01	 -6.5673e+01	 -6.5673e+01	 -6.5673e+01
2.5333e+01	 4.2132e+01	 -6.5673e+01	 4.2132e+01	 -6.5673e+01	 -6.5673e+01	 -6.5673e+01	 -6.5673e+01	 -6.5673e+01	 -6.5673e+01	 -6.5673e+01	 -6.5673e+01	 -6.5673e+01
2.5453e+01	 4.2099e+01	 -6.5673e+01	 4.2099e+01	 -6.5673e+01	 -6.5673e+01	 -6.5673e+01	 -6.5673e+01	 -6.5673e+01	 -6.5673e+01	 -6.5673e+01	 -6.5673e+01	 -6.5673e+01
2.5573e+01	 4.2044e+01	 -6.5673e+01	 4.2044e+01	 -6.5673e+01	 -6.5673e+01	 -6.5673e+01	 -6.5673e+01	 -6.5673e+01	 -6.5673e+01	 -6.5673e+01	 -6.5673e+01	 -6.5673e+01
2.5693e+01	 4.1985e+01	 -6.5673e+01	 4.1985e+01	 -6.5673e+01	 -6.5673e+01	 -6.5673e+01	 -6.5673e+01	 -6.5673e+01	 -6.5673e+01	 -6.5673e+01	 -6.5673e+01	 -6.5673e+01
2.5813e+01	 4.1908e+01	 -6.5673e+01	 4.1908e+01	 -6.5673e+01	 -6.5673e+01	 -6.5673e+01	 -6.5673e+01	 -6.5673e+01	 -6.5673e+01	 -6.5673e+01	 -6.5673e+01	 -6.5673e+01
2.5933e+01	 4.1810e+01	 -6.5673e+01	 4.1810e+01	 -6.5673e+01	 -6.5673e+01	 -6.5673e+01	 -6.5673e+01	 -6.5673e+01	 -6.5673e+01	 -6.5673e+01	 -6.5673e+01	 -6.5673e+01
2.6053e+01	 4.1709e+01	 -6.5673e+01	 4.1709e+01	 -6.5673e+01	 -6.5673e+01	 -6.5673e+01	 -6.5673e+01	 -6.5673e+01	 -6.5673e+01	 -6.5673e+01	 -6.5673e+01	 -6.5673e+01
2.6173e+01	 4.1549e+01	 -6.5673e+01	 4.1549e+01	 -6.5673e+01	 -6.5673e+01	 -6.5673e+01	 -6.5673e+01	 -6.5673e+01	 -6.5673e+01	 -6.5673e+01	 -6.5673e+01	 -6.5673e+01
2.6293e+01	 4.1389e+01	 -6.5673e+01	 4.1389e+01	 -6.5673e+01	 -6.5673e+01	 -6.5673e+01	 -6.5673e+01	 -6.5673e+01	 -6.5673e+01	 -6.5673e+01	 -6.5673e+01	 -6.5673e+01
2.6413e+01	 4.1166e+01	 -6.5673e+01	 4.1166e+01	 -6.5673e+01	 -6.5673e+01	 -6.5673e+01	 -6.5673e+01	 -6.5673e+01	 -6.5673e+01	 -6.5673e+01	 -6.5673e+01	 -6.5673e+01
2.6533e+01	 4.0904e+01	 -6.5673e+01	 4.0904e+01	 -6.5673e+01	 -6.5673e+01	 -6.5673e+01	 -6.5673e+01	 -6.5673e+01	 -6.5673e+01	 -6.5673e+01	 -6.5673e+01	 -6.5673e+01
2.6653e+01	 4.0609e+01	 -6.5673e+01	 4.0609e+01	 -6.5673e+01	 -6.5673e+01	 -6.5673e+01	 -6.5673e+01	 -6.5673e+01	 -6.5673e+01	 -6.5673e+01	 -6.5673e+01	 -6.5673e+01
2.6773e+01	 4.0173e+01	 -6.5673e+01	 4.0173e+01	 -6.5673e+01	 -6.5673e+01	 -6.5673e+01	 -6.5673e+01	 -6.5673e+01	 -6.5673e+01	 -6.5673e+01	 -6.5673e+01	 -6.5673e+01
2.6893e+01	 3.9737e+01	 -6.5673e+01	 3.9737e+01	 -6.5673e+01	 -6.5673e+01	 -6.5673e+01	 -6.5673e+01	 -6.5673e+01	 -6.5673e+01	 -6.5673e+01	 -6.5673e+01	 -6.5673e+01
2.7013e+01	 3.9059e+01	 -6.5673e+01	 3.9059e+01	 -6.5673e+01	 -6.5673e+01	 -6.5673e+01	 -6.5673e+01	 -6.5673e+01	 -6.5673e+01	 -6.5673e+01	 -6.5673e+01	 -6.5673e+01
2.7133e+01	 3.8308e+01	 -6.5673e+01	 3.8308e+01	 -6.5673e+01	 -6.5673e+01	 -6.5673e+01	 -6.5673e+01	 -6.5673e+01	 -6.5673e+01	 -6.5673e+01	 -6.5673e+01	 -6.5673e+01
2.7253e+01	 3.7355e+01	 -6.5673e+01	 3.7355e+01	 -6.5673e+01	 -6.5673e+01	 -6.5673e+01	 -6.5673e+01	 -6.5673e+01	 -6.5673e+01	 -6.5673e+01	 -6.5673e+01	 -6.5673e+01
2.7373e+01	 3.6014e+01	 -6.5673e+01	 3.6014e+01	 -6.5673e+01	 -6.5673e+01	 -6.5673e+01	 -6.5673e+01	 -6.5673e+01	 -6.5673e+01	 -6.5673e+01	 -6.5673e+01	 -6.5673e+01
2.7493e+01	 3.4674e+01	 -6.5673e+01	 3.4674e+01	 -6.5673e+01	 -6.5673e+01	 -6.5673e+01	 -6.5673e+01	 -6.5673e+01	 -6.5673e+01	 -6.5673e+01	 -6.5673e+01	 -6.5673e+01
2.7613e+01	 -3.5618e+00	 -6.5673e+01	 -3.5618e+00	 -6.5673e+01	 -6.5673e+01	 -6.5673e+01	 -6.5673e+01	 -6.5673e+01	 -6.5673e+01	 -6.5673e+01	 -6.5673e+01	 -6.5673e+01
2.7733e+01	 -4.4937e+01	 -6.5673e+01	 -4.4937e+01	 -6.5673e+01	 -6.5673e+01	 -6.5673e+01	 -6.5673e+01	 -6.5673e+01	 -6.5673e+01	 -6.5673e+01	 -6.5673e+01	 -6.5673e+01
2.7853e+01	 -6.5673e+01	 -6.5673e+01	 -6.5673e+01	 -6.5673e+01	 -6.5673e+01	 -6.5673e+01	 -6.5673e+01	 -6.5673e+01	 -6.5673e+01	 -6.5673e+01	 -6.5673e+01	 -6.5673e+01
2.7973e+01	 -6.5673e+01	 -6.5673e+01	 -6.5673e+01	 -6.5673e+01	 -6.5673e+01	 -6.5673e+01	 -6.5673e+01	 -6.5673e+01	 -6.5673e+01	 -6.5673e+01	 -6.5673e+01	 -6.5673e+01
2.8093e+01	 -6.5673e+01	 -6.5673e+01	 -6.5673e+01	 -6.5673e+01	 -6.5673e+01	 -6.5673e+01	 -6.5673e+01	 -6.5673e+01	 -6.5673e+01	 -6.5673e+01	 -6.5673e+01	 -6.5673e+01
2.8213e+01	 -6.5673e+01	 -6.5673e+01	 -6.5673e+01	 -6.5673e+01	 -6.5673e+01	 -6.5673e+01	 -6.5673e+01	 -6.5673e+01	 -6.5673e+01	 -6.5673e+01	 -6.5673e+01	 -6.5673e+01
2.8333e+01	 -6.5673e+01	 -6.5673e+01	 -6.5673e+01	 -6.5673e+01	 -6.5673e+01	 -6.5673e+01	 -6.5673e+01	 -6.5673e+01	 -6.5673e+01	 -6.5673e+01	 -6.5673e+01	 -6.5673e+01
2.8453e+01	 -6.5673e+01	 -6.5673e+01	 -6.5673e+01	 -6.5673e+01	 -6.5673e+01	 -6.5673e+01	 -6.5673e+01	 -6.5673e+01	 -6.5673e+01	 -6.5673e+01	 -6.5673e+01	 -6.5673e+01
2.8573e+01	 -6.5673e+01	 -6.5673e+01	 -6.5673e+01	 -6.5673e+01	 -6.5673e+01	 -6.5673e+01	 -6.5673e+01	 -6.5673e+01	 -6.5673e+01	 -6.5673e+01	 -6.5673e+01	 -6.5673e+01
2.8693e+01	 -6.5673e+01	 -6.5673e+01	 -6.5673e+01	 -6.5673e+01	 -6.5673e+01	 -6.5673e+01	 -6.5673e+01	 -6.5673e+01	 -6.5673e+01	 -6.5673e+01	 -6.5673e+01	 -6.5673e+01
2.8813e+01	 -6.5673e+01	 -6.5673e+01	 -6.5673e+01	 -6.5673e+01	 -6.5673e+01	 -6.5673e+01	 -6.5673e+01	 -6.5673e+01	 -6.5673e+01	 -6.5673e+01	 -6.5673e+01	 -6.5673e+01
2.8933e+01	 -6.5673e+01	 -6.5673e+01	 -6.5673e+01	 -6.5673e+01	 -6.5673e+01	 -6.5673e+01	 -6.5673e+01	 -6.5673e+01	 -6.5673e+01	 -6.5673e+01	 -6.5673e+01	 -6.5673e+01
2.9053e+01	 -6.5673e+01	 -6.5673e+01	 -6.5673e+01	 -6.5673e+01	 -6.5673e+01	 -6.5673e+01	 -6.5673e+01	 -6.5673e+01	 -6.5673e+01	 -6.5673e+01	 -6.5673e+01	 -6.5673e+01
2.9173e+01	 -6.5673e+01	 -6.5673e+01	 -6.5673e+01	 -6.5673e+01	 -6.5673e+01	 -6.5673e+01	 -6.5673e+01	 -6.5673e+01	 -6.5673e+01	 -6.5673e+01	 -6.5673e+01	 -6.5673e+01
2.9293e+01	 -6.5673e+01	 -6.5673e+01	 -6.5673e+01	 -6.5673e+01	 -6.5673e+01	 -6.5673e+01	 -6.5673e+01	 -6.5673e+01	 -6.5673e+01	 -6.5673e+01	 -6.5673e+01	 -6.5673e+01
2.9413e+01	 -6.5673e+01	 -6.5673e+01	 -6.5673e+01	 -6.5673e+01	 -6.5673e+01	 -6.5673e+01	 -6.5673e+01	 -6.5673e+01	 -6.5673e+01	 -6.5673e+01	 -6.5673e+01	 -6.5673e+01
2.9533e+01	 -6.5673e+01	 -6.5673e+01	 -6.5673e+01	 -6.5673e+01	 -6.5673e+01	 -6.5673e+01	 -6.5673e+01	 -6.5673e+01	 -6.5673e+01	 -6.5673e+01	 -6.5673e+01	 -6.5673e+01
2.9653e+01	 -6.5673e+01	 -6.5673e+01	 -6.5673e+01	 -6.5673e+01	 -6.5673e+01	 -6.5673e+01	 -6.5673e+01	 -6.5673e+01	 -6.5673e+01	 -6.5673e+01	 -6.5673e+01	 -6.5673e+01
2.9773e+01	 -6.5673e+01	 -6.5673e+01	 -6.5673e+01	 -6.5673e+01	 -6.5673e+01	 -6.5673e+01	 -6.5673e+01	 -6.5673e+01	 -6.5673e+01	 -6.5673e+01	 -6.5673e+01	 -6.5673e+01
2.9893e+01	 -6.5673e+01	 -6.5673e+01	 -6.5673e+01	 -6.5673e+01	 -6.5673e+01	 -6.5673e+01	 -6.5673e+01	 -6.5673e+01	 -6.5673e+01	 -6.5673e+01	 -6.5673e+01	 -6.5673e+01
