########################################################################
#_src is in the AGN rest frame:cosmo                 
#nu_src  nuFnu_somma_src  nuFnu_Sync_src nuFnu_SSC_src nu_Fnu_Disk_src  nu_Fnu_DT_src nu_Fnu_Star_src nu_Fnu_EC_Disk_src nu_Fnu_EC_BLR_src nu_Fnu_EC_DT_src nu_Fnu_EC_Star_src nu_Fnu_EC_CMB_src  
########################################################################
6.0132e+00	 -6.5673e+01	 -6.5673e+01	 -6.5673e+01	 -6.5673e+01	 -6.5673e+01	 -6.5673e+01	 -6.5673e+01	 -6.5673e+01	 -6.5673e+01	 -6.5673e+01	 -6.5673e+01	 -6.5673e+01
6.1332e+00	 -6.5673e+01	 -6.5673e+01	 -6.5673e+01	 -6.5673e+01	 -6.5673e+01	 -6.5673e+01	 -6.5673e+01	 -6.5673e+01	 -6.5673e+01	 -6.5673e+01	 -6.5673e+01	 -6.5673e+01
6.2532e+00	 -6.5673e+01	 -6.5673e+01	 -6.5673e+01	 -6.5673e+01	 -6.5673e+01	 -6.5673e+01	 -6.5673e+01	 -6.5673e+01	 -6.5673e+01	 -6.5673e+01	 -6.5673e+01	 -6.5673e+01
6.3732e+00	 -6.5673e+01	 -6.5673e+01	 -6.5673e+01	 -6.5673e+01	 -6.5673e+01	 -6.5673e+01	 -6.5673e+01	 -6.5673e+01	 -6.5673e+01	 -6.5673e+01	 -6.5673e+01	 -6.5673e+01
6.4932e+00	 -6.5673e+01	 -6.5673e+01	 -6.5673e+01	 -6.5673e+01	 -6.5673e+01	 -6.5673e+01	 -6.5673e+01	 -6.5673e+01	 -6.5673e+01	 -6.5673e+01	 -6.5673e+01	 -6.5673e+01
6.6132e+00	 -6.5673e+01	 -6.5673e+01	 -6.5673e+01	 -6.5673e+01	 -6.5673e+01	 -6.5673e+01	 -6.5673e+01	 -6.5673e+01	 -6.5673e+01	 -6.5673e+01	 -6.5673e+01	 -6.5673e+01
6.7332e+00	 -6.5673e+01	 -6.5673e+01	 -6.5673e+01	 -6.5673e+01	 -6.5673e+01	 -6.5673e+01	 -6.5673e+01	 -6.5673e+01	 -6.5673e+01	 -6.5673e+01	 -6.5673e+01	 -6.5673e+01
6.8532e+00	 -6.5673e+01	 -6.5673e+01	 -6.5673e+01	 -6.5673e+01	 -6.5673e+01	 -6.5673e+01	 -6.5673e+01	 -6.5673e+01	 -6.5673e+01	 -6.5673e+01	 -6.5673e+01	 -6.5673e+01
6.9732e+00	 -6.5673e+01	 -6.5673e+01	 -6.5673e+01	 -6.5673e+01	 -6.5673e+01	 -6.5673e+01	 -6.5673e+01	 -6.5673e+01	 -6.5673e+01	 -6.5673e+01	 -6.5673e+01	 -6.5673e+01
7.0932e+00	 -6.5673e+01	 -6.5673e+01	 -6.5673e+01	 -6.5673e+01	 -6.5673e+01	 -6.5673e+01	 -6.5673e+01	 -6.5673e+01	 -6.5673e+01	 -6.5673e+01	 -6.5673e+01	 -6.5673e+01
7.2132e+00	 -6.5673e+01	 -6.5673e+01	 -6.5673e+01	 -6.5673e+01	 -6.5673e+01	 -6.5673e+01	 -6.5673e+01	 -6.5673e+01	 -6.5673e+01	 -6.5673e+01	 -6.5673e+01	 -6.5673e+01
7.3332e+00	 -6.5673e+01	 -6.5673e+01	 -6.5673e+01	 -6.5673e+01	 -6.5673e+01	 -6.5673e+01	 -6.5673e+01	 -6.5673e+01	 -6.5673e+01	 -6.5673e+01	 -6.5673e+01	 -6.5673e+01
7.4532e+00	 3.6615e+01	 3.6615e+01	 -6.5673e+01	 -6.5673e+01	 -6.5673e+01	 -6.5673e+01	 -6.5673e+01	 -6.5673e+01	 -6.5673e+01	 -6.5673e+01	 -6.5673e+01	 -6.5673e+01
7.5732e+00	 3.6936e+01	 3.6936e+01	 -6.5673e+01	 -6.5673e+01	 -6.5673e+01	 -6.5673e+01	 -6.5673e+01	 -6.5673e+01	 -6.5673e+01	 -6.5673e+01	 -6.5673e+01	 -6.5673e+01
7.6932e+00	 3.7241e+01	 3.7241e+01	 -6.5673e+01	 -6.5673e+01	 -6.5673e+01	 -6.5673e+01	 -6.5673e+01	 -6.5673e+01	 -6.5673e+01	 -6.5673e+01	 -6.5673e+01	 -6.5673e+01
7.8132e+00	 3.7494e+01	 3.7494e+01	 -6.5673e+01	 -6.5673e+01	 -6.5673e+01	 -6.5673e+01	 -6.5673e+01	 -6.5673e+01	 -6.5673e+01	 -6.5673e+01	 -6.5673e+01	 -6.5673e+01
7.9332e+00	 3.7746e+01	 3.7746e+01	 -6.5673e+01	 -6.5673e+01	 -6.5673e+01	 -6.5673e+01	 -6.5673e+01	 -6.5673e+01	 -6.5673e+01	 -6.5673e+01	 -6.5673e+01	 -6.5673e+01
8.0532e+00	 3.7947e+01	 3.7947e+01	 -6.5673e+01	 -6.5673e+01	 -6.5673e+01	 -6.5673e+01	 -6.5673e+01	 -6.5673e+01	 -6.5673e+01	 -6.5673e+01	 -6.5673e+01	 -6.5673e+01
8.1732e+00	 3.8147e+01	 3.8147e+01	 -6.5673e+01	 -6.5673e+01	 -6.5673e+01	 -6.5673e+01	 -6.5673e+01	 -6.5673e+01	 -6.5673e+01	 -6.5673e+01	 -6.5673e+01	 -6.5673e+01
8.2932e+00	 3.8328e+01	 3.8328e+01	 -6.5673e+01	 -6.5673e+01	 -6.5673e+01	 -6.5673e+01	 -6.5673e+01	 -6.5673e+01	 -6.5673e+01	 -6.5673e+01	 -6.5673e+01	 -6.5673e+01
8.4132e+00	 3.8503e+01	 3.8503e+01	 -6.5673e+01	 -6.5673e+01	 -6.5673e+01	 -6.5673e+01	 -6.5673e+01	 -6.5673e+01	 -6.5673e+01	 -6.5673e+01	 -6.5673e+01	 -6.5673e+01
8.5332e+00	 3.8673e+01	 3.8673e+01	 -6.5673e+01	 -6.5673e+01	 -6.5673e+01	 -6.5673e+01	 -6.5673e+01	 -6.5673e+01	 -6.5673e+01	 -6.5673e+01	 -6.5673e+01	 -6.5673e+01
8.6532e+00	 3.8838e+01	 3.8838e+01	 -6.5673e+01	 -6.5673e+01	 -6.5673e+01	 -6.5673e+01	 -6.5673e+01	 -6.5673e+01	 -6.5673e+01	 -6.5673e+01	 -6.5673e+01	 -6.5673e+01
8.7732e+00	 3.9003e+01	 3.9003e+01	 -6.5673e+01	 -6.5673e+01	 -6.5673e+01	 -6.5673e+01	 -6.5673e+01	 -6.5673e+01	 -6.5673e+01	 -6.5673e+01	 -6.5673e+01	 -6.5673e+01
8.8932e+00	 3.9164e+01	 3.9164e+01	 -6.5673e+01	 -6.5673e+01	 -6.5673e+01	 -6.5673e+01	 -6.5673e+01	 -6.5673e+01	 -6.5673e+01	 -6.5673e+01	 -6.5673e+01	 -6.5673e+01
9.0132e+00	 3.9326e+01	 3.9326e+01	 -6.5673e+01	 -6.5673e+01	 -6.5673e+01	 -6.5673e+01	 -6.5673e+01	 -6.5673e+01	 -6.5673e+01	 -6.5673e+01	 -6.5673e+01	 -6.5673e+01
9.1332e+00	 3.9486e+01	 3.9486e+01	 -6.5673e+01	 -6.5673e+01	 -6.5673e+01	 -6.5673e+01	 -6.5673e+01	 -6.5673e+01	 -6.5673e+01	 -6.5673e+01	 -6.5673e+01	 -6.5673e+01
9.2532e+00	 3.9646e+01	 3.9646e+01	 -6.5673e+01	 -6.5673e+01	 -6.5673e+01	 -6.5673e+01	 -6.5673e+01	 -6.5673e+01	 -6.5673e+01	 -6.5673e+01	 -6.5673e+01	 -6.5673e+01
9.3732e+00	 3.9806e+01	 3.9806e+01	 -6.5673e+01	 -6.5673e+01	 -6.5673e+01	 -6.5673e+01	 -6.5673e+01	 -6.5673e+01	 -6.5673e+01	 -6.5673e+01	 -6.5673e+01	 -6.5673e+01
9.4932e+00	 3.9965e+01	 3.9965e+01	 -6.5673e+01	 -6.5673e+01	 -6.5673e+01	 -6.5673e+01	 -6.5673e+01	 -6.5673e+01	 -6.5673e+01	 -6.5673e+01	 -6.5673e+01	 -6.5673e+01
9.6132e+00	 4.0124e+01	 4.0124e+01	 -6.5673e+01	 -6.5673e+01	 -6.5673e+01	 -6.5673e+01	 -6.5673e+01	 -6.5673e+01	 -6.5673e+01	 -6.5673e+01	 -6.5673e+01	 -6.5673e+01
9.7332e+00	 4.0283e+01	 4.0283e+01	 -6.5673e+01	 -6.5673e+01	 -6.5673e+01	 -6.5673e+01	 -6.5673e+01	 -6.5673e+01	 -6.5673e+01	 -6.5673e+01	 -6.5673e+01	 -6.5673e+01
9.8532e+00	 4.0442e+01	 4.0442e+01	 -6.5673e+01	 -6.5673e+01	 -6.5673e+01	 -6.5673e+01	 -6.5673e+01	 -6.5673e+01	 -6.5673e+01	 -6.5673e+01	 -6.5673e+01	 -6.5673e+01
9.9732e+00	 4.0600e+01	 4.0600e+01	 -6.5673e+01	 -6.5673e+01	 -6.5673e+01	 -6.5673e+01	 -6.5673e+01	 -6.5673e+01	 -6.5673e+01	 -6.5673e+01	 -6.5673e+01	 -6.5673e+01
1.0093e+01	 4.0758e+01	 4.0758e+01	 -6.5673e+01	 -6.5673e+01	 -6.5673e+01	 -6.5673e+01	 -6.5673e+01	 -6.5673e+01	 -6.5673e+01	 -6.5673e+01	 -6.5673e+01	 -6.5673e+01
1.0213e+01	 4.0915e+01	 4.0915e+01	 -6.5673e+01	 -6.5673e+01	 -6.5673e+01	 -6.5673e+01	 -6.5673e+01	 -6.5673e+01	 -6.5673e+01	 -6.5673e+01	 -6.5673e+01	 -6.5673e+01
1.0333e+01	 4.1073e+01	 4.1073e+01	 -6.5673e+01	 -6.5673e+01	 -6.5673e+01	 -6.5673e+01	 -6.5673e+01	 -6.5673e+01	 -6.5673e+01	 -6.5673e+01	 -6.5673e+01	 -6.5673e+01
1.0453e+01	 4.1228e+01	 4.1228e+01	 -6.5673e+01	 -6.5673e+01	 -6.5673e+01	 -6.5673e+01	 -6.5673e+01	 -6.5673e+01	 -6.5673e+01	 -6.5673e+01	 -6.5673e+01	 -6.5673e+01
1.0573e+01	 4.1384e+01	 4.1384e+01	 -6.5673e+01	 -6.5673e+01	 -6.5673e+01	 -6.5673e+01	 -6.5673e+01	 -6.5673e+01	 -6.5673e+01	 -6.5673e+01	 -6.5673e+01	 -6.5673e+01
1.0693e+01	 4.1538e+01	 4.1538e+01	 -6.5673e+01	 -6.5673e+01	 -6.5673e+01	 -6.5673e+01	 -6.5673e+01	 -6.5673e+01	 -6.5673e+01	 -6.5673e+01	 -6.5673e+01	 -6.5673e+01
1.0813e+01	 4.1692e+01	 4.1692e+01	 -6.5673e+01	 -6.5673e+01	 -6.5673e+01	 -6.5673e+01	 -6.5673e+01	 -6.5673e+01	 -6.5673e+01	 -6.5673e+01	 -6.5673e+01	 -6.5673e+01
1.0933e+01	 4.1843e+01	 4.1843e+01	 -6.5673e+01	 -6.5673e+01	 -6.5673e+01	 -6.5673e+01	 -6.5673e+01	 -6.5673e+01	 -6.5673e+01	 -6.5673e+01	 -6.5673e+01	 -6.5673e+01
1.1053e+01	 4.1993e+01	 4.1993e+01	 -6.5673e+01	 -6.5673e+01	 -6.5673e+01	 -6.5673e+01	 -6.5673e+01	 -6.5673e+01	 -6.5673e+01	 -6.5673e+01	 -6.5673e+01	 -6.5673e+01
1.1173e+01	 4.2141e+01	 4.2141e+01	 -6.5673e+01	 -6.5673e+01	 -6.5673e+01	 -6.5673e+01	 -6.5673e+01	 -6.5673e+01	 -6.5673e+01	 -6.5673e+01	 -6.5673e+01	 -6.5673e+01
1.1293e+01	 4.2286e+01	 4.2286e+01	 -6.5673e+01	 -6.5673e+01	 -6.5673e+01	 -6.5673e+01	 -6.5673e+01	 -6.5673e+01	 -6.5673e+01	 -6.5673e+01	 -6.5673e+01	 -6.5673e+01
1.1413e+01	 4.2429e+01	 4.2429e+01	 -6.5673e+01	 -6.5673e+01	 -6.5673e+01	 -6.5673e+01	 -6.5673e+01	 -6.5673e+01	 -6.5673e+01	 -6.5673e+01	 -6.5673e+01	 -6.5673e+01
1.1533e+01	 4.2565e+01	 4.2565e+01	 -6.5673e+01	 -6.5673e+01	 -6.5673e+01	 -6.5673e+01	 -6.5673e+01	 -6.5673e+01	 -6.5673e+01	 -6.5673e+01	 -6.5673e+01	 -6.5673e+01
1.1653e+01	 4.2700e+01	 4.2700e+01	 -6.5673e+01	 -6.5673e+01	 -6.5673e+01	 -6.5673e+01	 -6.5673e+01	 -6.5673e+01	 -6.5673e+01	 -6.5673e+01	 -6.5673e+01	 -6.5673e+01
1.1773e+01	 4.2823e+01	 4.2823e+01	 -6.5673e+01	 -6.5673e+01	 -6.5673e+01	 -6.5673e+01	 -6.5673e+01	 -6.5673e+01	 -6.5673e+01	 -6.5673e+01	 -6.5673e+01	 -6.5673e+01
1.1893e+01	 4.2945e+01	 4.2945e+01	 -6.5673e+01	 -6.5673e+01	 -6.5673e+01	 -6.5673e+01	 -6.5673e+01	 -6.5673e+01	 -6.5673e+01	 -6.5673e+01	 -6.5673e+01	 -6.5673e+01
1.2013e+01	 4.3054e+01	 4.3054e+01	 -6.5673e+01	 -6.5673e+01	 -6.5673e+01	 -6.5673e+01	 -6.5673e+01	 -6.5673e+01	 -6.5673e+01	 -6.5673e+01	 -6.5673e+01	 -6.5673e+01
1.2133e+01	 4.3156e+01	 4.3156e+01	 -6.5673e+01	 -6.5673e+01	 -6.5673e+01	 -6.5673e+01	 -6.5673e+01	 -6.5673e+01	 -6.5673e+01	 -6.5673e+01	 -6.5673e+01	 -6.5673e+01
1.2253e+01	 4.3248e+01	 4.3248e+01	 -6.5673e+01	 -6.5673e+01	 -6.5673e+01	 -6.5673e+01	 -6.5673e+01	 -6.5673e+01	 -6.5673e+01	 -6.5673e+01	 -6.5673e+01	 -6.5673e+01
1.2373e+01	 4.3325e+01	 4.3325e+01	 -6.5673e+01	 -6.5673e+01	 -6.5673e+01	 -6.5673e+01	 -6.5673e+01	 -6.5673e+01	 -6.5673e+01	 -6.5673e+01	 -6.5673e+01	 -6.5673e+01
1.2493e+01	 4.3399e+01	 4.3399e+01	 -6.5673e+01	 -6.5673e+01	 -6.5673e+01	 -6.5673e+01	 -6.5673e+01	 -6.5673e+01	 -6.5673e+01	 -6.5673e+01	 -6.5673e+01	 -6.5673e+01
1.2613e+01	 4.3457e+01	 4.3457e+01	 -6.5673e+01	 -6.5673e+01	 -6.5673e+01	 -6.5673e+01	 -6.5673e+01	 -6.5673e+01	 -6.5673e+01	 -6.5673e+01	 -6.5673e+01	 -6.5673e+01
1.2733e+01	 4.3514e+01	 4.3514e+01	 -6.5673e+01	 -6.5673e+01	 -6.5673e+01	 -6.5673e+01	 -6.5673e+01	 -6.5673e+01	 -6.5673e+01	 -6.5673e+01	 -6.5673e+01	 -6.5673e+01
1.2853e+01	 4.3564e+01	 4.3564e+01	 -6.5673e+01	 -6.5673e+01	 -6.5673e+01	 -6.5673e+01	 -6.5673e+01	 -6.5673e+01	 -6.5673e+01	 -6.5673e+01	 -6.5673e+01	 -6.5673e+01
1.2973e+01	 4.3613e+01	 4.3613e+01	 -6.5673e+01	 -6.5673e+01	 -6.5673e+01	 -6.5673e+01	 -6.5673e+01	 -6.5673e+01	 -6.5673e+01	 -6.5673e+01	 -6.5673e+01	 -6.5673e+01
1.3093e+01	 4.3662e+01	 4.3662e+01	 -6.5673e+01	 -6.5673e+01	 -6.5673e+01	 -6.5673e+01	 -6.5673e+01	 -6.5673e+01	 -6.5673e+01	 -6.5673e+01	 -6.5673e+01	 -6.5673e+01
1.3213e+01	 4.3710e+01	 4.3710e+01	 -6.5673e+01	 -6.5673e+01	 -6.5673e+01	 -6.5673e+01	 -6.5673e+01	 -6.5673e+01	 -6.5673e+01	 -6.5673e+01	 -6.5673e+01	 -6.5673e+01
1.3333e+01	 4.3758e+01	 4.3758e+01	 -6.5673e+01	 -6.5673e+01	 -6.5673e+01	 -6.5673e+01	 -6.5673e+01	 -6.5673e+01	 -6.5673e+01	 -6.5673e+01	 -6.5673e+01	 -6.5673e+01
1.3453e+01	 4.3805e+01	 4.3805e+01	 -6.5673e+01	 -6.5673e+01	 -6.5673e+01	 -6.5673e+01	 -6.5673e+01	 -6.5673e+01	 -6.5673e+01	 -6.5673e+01	 -6.5673e+01	 -6.5673e+01
1.3573e+01	 4.3853e+01	 4.3853e+01	 -6.5673e+01	 -6.5673e+01	 -6.5673e+01	 -6.5673e+01	 -6.5673e+01	 -6.5673e+01	 -6.5673e+01	 -6.5673e+01	 -6.5673e+01	 -6.5673e+01
1.3693e+01	 4.3900e+01	 4.3900e+01	 -6.5673e+01	 -6.5673e+01	 -6.5673e+01	 -6.5673e+01	 -6.5673e+01	 -6.5673e+01	 -6.5673e+01	 -6.5673e+01	 -6.5673e+01	 -6.5673e+01
1.3813e+01	 4.3947e+01	 4.3947e+01	 -6.5673e+01	 -6.5673e+01	 -6.5673e+01	 -6.5673e+01	 -6.5673e+01	 -6.5673e+01	 -6.5673e+01	 -6.5673e+01	 -6.5673e+01	 -6.5673e+01
1.3933e+01	 4.3994e+01	 4.3994e+01	 -6.5673e+01	 -6.5673e+01	 -6.5673e+01	 -6.5673e+01	 -6.5673e+01	 -6.5673e+01	 -6.5673e+01	 -6.5673e+01	 -6.5673e+01	 -6.5673e+01
1.4053e+01	 4.4041e+01	 4.4041e+01	 -6.5673e+01	 -6.5673e+01	 -6.5673e+01	 -6.5673e+01	 -6.5673e+01	 -6.5673e+01	 -6.5673e+01	 -6.5673e+01	 -6.5673e+01	 -6.5673e+01
1.4173e+01	 4.4087e+01	 4.4087e+01	 -6.5673e+01	 -6.5673e+01	 -6.5673e+01	 -6.5673e+01	 -6.5673e+01	 -6.5673e+01	 -6.5673e+01	 -6.5673e+01	 -6.5673e+01	 -6.5673e+01
1.4293e+01	 4.4133e+01	 4.4133e+01	 -6.5673e+01	 -6.5673e+01	 -6.5673e+01	 -6.5673e+01	 -6.5673e+01	 -6.5673e+01	 -6.5673e+01	 -6.5673e+01	 -6.5673e+01	 -6.5673e+01
1.4413e+01	 4.4178e+01	 4.4178e+01	 -6.5673e+01	 -6.5673e+01	 -6.5673e+01	 -6.5673e+01	 -6.5673e+01	 -6.5673e+01	 -6.5673e+01	 -6.5673e+01	 -6.5673e+01	 -6.5673e+01
1.4533e+01	 4.4223e+01	 4.4223e+01	 -6.5673e+01	 -6.5673e+01	 -6.5673e+01	 -6.5673e+01	 -6.5673e+01	 -6.5673e+01	 -6.5673e+01	 -6.5673e+01	 -6.5673e+01	 -6.5673e+01
1.4653e+01	 4.4268e+01	 4.4268e+01	 -6.5673e+01	 -6.5673e+01	 -6.5673e+01	 -6.5673e+01	 -6.5673e+01	 -6.5673e+01	 -6.5673e+01	 -6.5673e+01	 -6.5673e+01	 -6.5673e+01
1.4773e+01	 4.4311e+01	 4.4311e+01	 -6.5673e+01	 -6.5673e+01	 -6.5673e+01	 -6.5673e+01	 -6.5673e+01	 -6.5673e+01	 -6.5673e+01	 -6.5673e+01	 -6.5673e+01	 -6.5673e+01
1.4893e+01	 4.4354e+01	 4.4354e+01	 -6.5673e+01	 -6.5673e+01	 -6.5673e+01	 -6.5673e+01	 -6.5673e+01	 -6.5673e+01	 -6.5673e+01	 -6.5673e+01	 -6.5673e+01	 -6.5673e+01
1.5013e+01	 4.4396e+01	 4.4396e+01	 -6.5673e+01	 -6.5673e+01	 -6.5673e+01	 -6.5673e+01	 -6.5673e+01	 -6.5673e+01	 -6.5673e+01	 -6.5673e+01	 -6.5673e+01	 -6.5673e+01
1.5133e+01	 4.4438e+01	 4.4438e+01	 -6.5673e+01	 -6.5673e+01	 -6.5673e+01	 -6.5673e+01	 -6.5673e+01	 -6.5673e+01	 -6.5673e+01	 -6.5673e+01	 -6.5673e+01	 -6.5673e+01
1.5253e+01	 4.4478e+01	 4.4478e+01	 -6.5673e+01	 -6.5673e+01	 -6.5673e+01	 -6.5673e+01	 -6.5673e+01	 -6.5673e+01	 -6.5673e+01	 -6.5673e+01	 -6.5673e+01	 -6.5673e+01
1.5373e+01	 4.4518e+01	 4.4518e+01	 -6.5673e+01	 -6.5673e+01	 -6.5673e+01	 -6.5673e+01	 -6.5673e+01	 -6.5673e+01	 -6.5673e+01	 -6.5673e+01	 -6.5673e+01	 -6.5673e+01
1.5493e+01	 4.4555e+01	 4.4555e+01	 -6.5673e+01	 -6.5673e+01	 -6.5673e+01	 -6.5673e+01	 -6.5673e+01	 -6.5673e+01	 -6.5673e+01	 -6.5673e+01	 -6.5673e+01	 -6.5673e+01
1.5613e+01	 4.4592e+01	 4.4592e+01	 -6.5673e+01	 -6.5673e+01	 -6.5673e+01	 -6.5673e+01	 -6.5673e+01	 -6.5673e+01	 -6.5673e+01	 -6.5673e+01	 -6.5673e+01	 -6.5673e+01
1.5733e+01	 4.4627e+01	 4.4627e+01	 -6.5673e+01	 -6.5673e+01	 -6.5673e+01	 -6.5673e+01	 -6.5673e+01	 -6.5673e+01	 -6.5673e+01	 -6.5673e+01	 -6.5673e+01	 -6.5673e+01
1.5853e+01	 4.4660e+01	 4.4660e+01	 -6.5673e+01	 -6.5673e+01	 -6.5673e+01	 -6.5673e+01	 -6.5673e+01	 -6.5673e+01	 -6.5673e+01	 -6.5673e+01	 -6.5673e+01	 -6.5673e+01
1.5973e+01	 4.4692e+01	 4.4692e+01	 -6.5673e+01	 -6.5673e+01	 -6.5673e+01	 -6.5673e+01	 -6.5673e+01	 -6.5673e+01	 -6.5673e+01	 -6.5673e+01	 -6.5673e+01	 -6.5673e+01
1.6093e+01	 4.4720e+01	 4.4720e+01	 -6.5673e+01	 -6.5673e+01	 -6.5673e+01	 -6.5673e+01	 -6.5673e+01	 -6.5673e+01	 -6.5673e+01	 -6.5673e+01	 -6.5673e+01	 -6.5673e+01
1.6213e+01	 4.4748e+01	 4.4748e+01	 -6.5673e+01	 -6.5673e+01	 -6.5673e+01	 -6.5673e+01	 -6.5673e+01	 -6.5673e+01	 -6.5673e+01	 -6.5673e+01	 -6.5673e+01	 -6.5673e+01
1.6333e+01	 4.4771e+01	 4.4771e+01	 -6.5673e+01	 -6.5673e+01	 -6.5673e+01	 -6.5673e+01	 -6.5673e+01	 -6.5673e+01	 -6.5673e+01	 -6.5673e+01	 -6.5673e+01	 -6.5673e+01
1.6453e+01	 4.4794e+01	 4.4794e+01	 -6.5673e+01	 -6.5673e+01	 -6.5673e+01	 -6.5673e+01	 -6.5673e+01	 -6.5673e+01	 -6.5673e+01	 -6.5673e+01	 -6.5673e+01	 -6.5673e+01
1.6573e+01	 4.4810e+01	 4.4810e+01	 -6.5673e+01	 -6.5673e+01	 -6.5673e+01	 -6.5673e+01	 -6.5673e+01	 -6.5673e+01	 -6.5673e+01	 -6.5673e+01	 -6.5673e+01	 -6.5673e+01
1.6693e+01	 4.4825e+01	 4.4825e+01	 -6.5673e+01	 -6.5673e+01	 -6.5673e+01	 -6.5673e+01	 -6.5673e+01	 -6.5673e+01	 -6.5673e+01	 -6.5673e+01	 -6.5673e+01	 -6.5673e+01
1.6813e+01	 4.4835e+01	 4.4835e+01	 -6.5673e+01	 -6.5673e+01	 -6.5673e+01	 -6.5673e+01	 -6.5673e+01	 -6.5673e+01	 -6.5673e+01	 -6.5673e+01	 -6.5673e+01	 -6.5673e+01
1.6933e+01	 4.4841e+01	 4.4841e+01	 -6.5673e+01	 -6.5673e+01	 -6.5673e+01	 -6.5673e+01	 -6.5673e+01	 -6.5673e+01	 -6.5673e+01	 -6.5673e+01	 -6.5673e+01	 -6.5673e+01
1.7053e+01	 4.4842e+01	 4.4842e+01	 3.8507e+01	 -6.5673e+01	 -6.5673e+01	 -6.5673e+01	 -6.5673e+01	 -6.5673e+01	 -6.5673e+01	 -6.5673e+01	 -6.5673e+01	 -6.5673e+01
1.7173e+01	 4.4837e+01	 4.4837e+01	 3.8654e+01	 -6.5673e+01	 -6.5673e+01	 -6.5673e+01	 -6.5673e+01	 -6.5673e+01	 -6.5673e+01	 -6.5673e+01	 -6.5673e+01	 -6.5673e+01
1.7293e+01	 4.4829e+01	 4.4829e+01	 3.8801e+01	 -6.5673e+01	 -6.5673e+01	 -6.5673e+01	 -6.5673e+01	 -6.5673e+01	 -6.5673e+01	 -6.5673e+01	 -6.5673e+01	 -6.5673e+01
1.7413e+01	 4.4810e+01	 4.4810e+01	 3.8938e+01	 -6.5673e+01	 -6.5673e+01	 -6.5673e+01	 -6.5673e+01	 -6.5673e+01	 -6.5673e+01	 -6.5673e+01	 -6.5673e+01	 -6.5673e+01
1.7533e+01	 4.4790e+01	 4.4790e+01	 3.9076e+01	 -6.5673e+01	 -6.5673e+01	 -6.5673e+01	 -6.5673e+01	 -6.5673e+01	 -6.5673e+01	 -6.5673e+01	 -6.5673e+01	 -6.5673e+01
1.7653e+01	 4.4754e+01	 4.4754e+01	 3.9212e+01	 -6.5673e+01	 -6.5673e+01	 -6.5673e+01	 -6.5673e+01	 -6.5673e+01	 -6.5673e+01	 -6.5673e+01	 -6.5673e+01	 -6.5673e+01
1.7773e+01	 4.4716e+01	 4.4716e+01	 3.9349e+01	 -6.5673e+01	 -6.5673e+01	 -6.5673e+01	 -6.5673e+01	 -6.5673e+01	 -6.5673e+01	 -6.5673e+01	 -6.5673e+01	 -6.5673e+01
1.7893e+01	 4.4662e+01	 4.4662e+01	 3.9482e+01	 -6.5673e+01	 -6.5673e+01	 -6.5673e+01	 -6.5673e+01	 -6.5673e+01	 -6.5673e+01	 -6.5673e+01	 -6.5673e+01	 -6.5673e+01
1.8013e+01	 4.4602e+01	 4.4602e+01	 3.9610e+01	 -6.5673e+01	 -6.5673e+01	 -6.5673e+01	 -6.5673e+01	 -6.5673e+01	 -6.5673e+01	 -6.5673e+01	 -6.5673e+01	 -6.5673e+01
1.8133e+01	 4.4527e+01	 4.4527e+01	 3.9737e+01	 -6.5673e+01	 -6.5673e+01	 -6.5673e+01	 -6.5673e+01	 -6.5673e+01	 -6.5673e+01	 -6.5673e+01	 -6.5673e+01	 -6.5673e+01
1.8253e+01	 4.4438e+01	 4.4438e+01	 3.9854e+01	 -6.5673e+01	 -6.5673e+01	 -6.5673e+01	 -6.5673e+01	 -6.5673e+01	 -6.5673e+01	 -6.5673e+01	 -6.5673e+01	 -6.5673e+01
1.8373e+01	 4.4336e+01	 4.4336e+01	 3.9971e+01	 -6.5673e+01	 -6.5673e+01	 -6.5673e+01	 -6.5673e+01	 -6.5673e+01	 -6.5673e+01	 -6.5673e+01	 -6.5673e+01	 -6.5673e+01
1.8493e+01	 4.4205e+01	 4.4205e+01	 4.0081e+01	 -6.5673e+01	 -6.5673e+01	 -6.5673e+01	 -6.5673e+01	 -6.5673e+01	 -6.5673e+01	 -6.5673e+01	 -6.5673e+01	 -6.5673e+01
1.8613e+01	 4.4068e+01	 4.4068e+01	 4.0187e+01	 -6.5673e+01	 -6.5673e+01	 -6.5673e+01	 -6.5673e+01	 -6.5673e+01	 -6.5673e+01	 -6.5673e+01	 -6.5673e+01	 -6.5673e+01
1.8733e+01	 4.3871e+01	 4.3871e+01	 4.0291e+01	 -6.5673e+01	 -6.5673e+01	 -6.5673e+01	 -6.5673e+01	 -6.5673e+01	 -6.5673e+01	 -6.5673e+01	 -6.5673e+01	 -6.5673e+01
1.8853e+01	 4.3673e+01	 4.3673e+01	 4.0390e+01	 -6.5673e+01	 -6.5673e+01	 -6.5673e+01	 -6.5673e+01	 -6.5673e+01	 -6.5673e+01	 -6.5673e+01	 -6.5673e+01	 -6.5673e+01
1.8973e+01	 4.3375e+01	 4.3374e+01	 4.0489e+01	 -6.5673e+01	 -6.5673e+01	 -6.5673e+01	 -6.5673e+01	 -6.5673e+01	 -6.5673e+01	 -6.5673e+01	 -6.5673e+01	 -6.5673e+01
1.9093e+01	 4.3060e+01	 4.3059e+01	 4.0576e+01	 -6.5673e+01	 -6.5673e+01	 -6.5673e+01	 -6.5673e+01	 -6.5673e+01	 -6.5673e+01	 -6.5673e+01	 -6.5673e+01	 -6.5673e+01
1.9213e+01	 4.2607e+01	 4.2602e+01	 4.0664e+01	 -6.5673e+01	 -6.5673e+01	 -6.5673e+01	 -6.5673e+01	 -6.5673e+01	 -6.5673e+01	 -6.5673e+01	 -6.5673e+01	 -6.5673e+01
1.9333e+01	 4.2083e+01	 4.2063e+01	 4.0748e+01	 -6.5673e+01	 -6.5673e+01	 -6.5673e+01	 -6.5673e+01	 -6.5673e+01	 -6.5673e+01	 -6.5673e+01	 -6.5673e+01	 -6.5673e+01
1.9453e+01	 4.1465e+01	 4.1351e+01	 4.0830e+01	 -6.5673e+01	 -6.5673e+01	 -6.5673e+01	 -6.5673e+01	 -6.5673e+01	 -6.5673e+01	 -6.5673e+01	 -6.5673e+01	 -6.5673e+01
1.9573e+01	 4.1024e+01	 4.0388e+01	 4.0910e+01	 -6.5673e+01	 -6.5673e+01	 -6.5673e+01	 -6.5673e+01	 -6.5673e+01	 -6.5673e+01	 -6.5673e+01	 -6.5673e+01	 -6.5673e+01
1.9693e+01	 4.0995e+01	 3.9278e+01	 4.0986e+01	 -6.5673e+01	 -6.5673e+01	 -6.5673e+01	 -6.5673e+01	 -6.5673e+01	 -6.5673e+01	 -6.5673e+01	 -6.5673e+01	 -6.5673e+01
1.9813e+01	 4.1063e+01	 3.7519e+01	 4.1063e+01	 -6.5673e+01	 -6.5673e+01	 -6.5673e+01	 -6.5673e+01	 -6.5673e+01	 -6.5673e+01	 -6.5673e+01	 -6.5673e+01	 -6.5673e+01
1.9933e+01	 4.1134e+01	 3.5760e+01	 4.1134e+01	 -6.5673e+01	 -6.5673e+01	 -6.5673e+01	 -6.5673e+01	 -6.5673e+01	 -6.5673e+01	 -6.5673e+01	 -6.5673e+01	 -6.5673e+01
2.0053e+01	 4.1206e+01	 3.2579e+01	 4.1206e+01	 -6.5673e+01	 -6.5673e+01	 -6.5673e+01	 -6.5673e+01	 -6.5673e+01	 -6.5673e+01	 -6.5673e+01	 -6.5673e+01	 -6.5673e+01
2.0173e+01	 4.1276e+01	 2.9340e+01	 4.1276e+01	 -6.5673e+01	 -6.5673e+01	 -6.5673e+01	 -6.5673e+01	 -6.5673e+01	 -6.5673e+01	 -6.5673e+01	 -6.5673e+01	 -6.5673e+01
2.0293e+01	 4.1346e+01	 2.4081e+01	 4.1346e+01	 -6.5673e+01	 -6.5673e+01	 -6.5673e+01	 -6.5673e+01	 -6.5673e+01	 -6.5673e+01	 -6.5673e+01	 -6.5673e+01	 -6.5673e+01
2.0413e+01	 4.1415e+01	 1.8101e+01	 4.1415e+01	 -6.5673e+01	 -6.5673e+01	 -6.5673e+01	 -6.5673e+01	 -6.5673e+01	 -6.5673e+01	 -6.5673e+01	 -6.5673e+01	 -6.5673e+01
2.0533e+01	 4.1482e+01	 -6.5673e+01	 4.1482e+01	 -6.5673e+01	 -6.5673e+01	 -6.5673e+01	 -6.5673e+01	 -6.5673e+01	 -6.5673e+01	 -6.5673e+01	 -6.5673e+01	 -6.5673e+01
2.0653e+01	 4.1548e+01	 -6.5673e+01	 4.1548e+01	 -6.5673e+01	 -6.5673e+01	 -6.5673e+01	 -6.5673e+01	 -6.5673e+01	 -6.5673e+01	 -6.5673e+01	 -6.5673e+01	 -6.5673e+01
2.0773e+01	 4.1613e+01	 -6.5673e+01	 4.1613e+01	 -6.5673e+01	 -6.5673e+01	 -6.5673e+01	 -6.5673e+01	 -6.5673e+01	 -6.5673e+01	 -6.5673e+01	 -6.5673e+01	 -6.5673e+01
2.0893e+01	 4.1677e+01	 -6.5673e+01	 4.1677e+01	 -6.5673e+01	 -6.5673e+01	 -6.5673e+01	 -6.5673e+01	 -6.5673e+01	 -6.5673e+01	 -6.5673e+01	 -6.5673e+01	 -6.5673e+01
2.1013e+01	 4.1740e+01	 -6.5673e+01	 4.1740e+01	 -6.5673e+01	 -6.5673e+01	 -6.5673e+01	 -6.5673e+01	 -6.5673e+01	 -6.5673e+01	 -6.5673e+01	 -6.5673e+01	 -6.5673e+01
2.1133e+01	 4.1802e+01	 -6.5673e+01	 4.1802e+01	 -6.5673e+01	 -6.5673e+01	 -6.5673e+01	 -6.5673e+01	 -6.5673e+01	 -6.5673e+01	 -6.5673e+01	 -6.5673e+01	 -6.5673e+01
2.1253e+01	 4.1863e+01	 -6.5673e+01	 4.1863e+01	 -6.5673e+01	 -6.5673e+01	 -6.5673e+01	 -6.5673e+01	 -6.5673e+01	 -6.5673e+01	 -6.5673e+01	 -6.5673e+01	 -6.5673e+01
2.1373e+01	 4.1923e+01	 -6.5673e+01	 4.1923e+01	 -6.5673e+01	 -6.5673e+01	 -6.5673e+01	 -6.5673e+01	 -6.5673e+01	 -6.5673e+01	 -6.5673e+01	 -6.5673e+01	 -6.5673e+01
2.1493e+01	 4.1984e+01	 -6.5673e+01	 4.1984e+01	 -6.5673e+01	 -6.5673e+01	 -6.5673e+01	 -6.5673e+01	 -6.5673e+01	 -6.5673e+01	 -6.5673e+01	 -6.5673e+01	 -6.5673e+01
2.1613e+01	 4.2041e+01	 -6.5673e+01	 4.2041e+01	 -6.5673e+01	 -6.5673e+01	 -6.5673e+01	 -6.5673e+01	 -6.5673e+01	 -6.5673e+01	 -6.5673e+01	 -6.5673e+01	 -6.5673e+01
2.1733e+01	 4.2099e+01	 -6.5673e+01	 4.2099e+01	 -6.5673e+01	 -6.5673e+01	 -6.5673e+01	 -6.5673e+01	 -6.5673e+01	 -6.5673e+01	 -6.5673e+01	 -6.5673e+01	 -6.5673e+01
2.1853e+01	 4.2155e+01	 -6.5673e+01	 4.2155e+01	 -6.5673e+01	 -6.5673e+01	 -6.5673e+01	 -6.5673e+01	 -6.5673e+01	 -6.5673e+01	 -6.5673e+01	 -6.5673e+01	 -6.5673e+01
2.1973e+01	 4.2211e+01	 -6.5673e+01	 4.2211e+01	 -6.5673e+01	 -6.5673e+01	 -6.5673e+01	 -6.5673e+01	 -6.5673e+01	 -6.5673e+01	 -6.5673e+01	 -6.5673e+01	 -6.5673e+01
2.2093e+01	 4.2267e+01	 -6.5673e+01	 4.2267e+01	 -6.5673e+01	 -6.5673e+01	 -6.5673e+01	 -6.5673e+01	 -6.5673e+01	 -6.5673e+01	 -6.5673e+01	 -6.5673e+01	 -6.5673e+01
2.2213e+01	 4.2321e+01	 -6.5673e+01	 4.2321e+01	 -6.5673e+01	 -6.5673e+01	 -6.5673e+01	 -6.5673e+01	 -6.5673e+01	 -6.5673e+01	 -6.5673e+01	 -6.5673e+01	 -6.5673e+01
2.2333e+01	 4.2375e+01	 -6.5673e+01	 4.2375e+01	 -6.5673e+01	 -6.5673e+01	 -6.5673e+01	 -6.5673e+01	 -6.5673e+01	 -6.5673e+01	 -6.5673e+01	 -6.5673e+01	 -6.5673e+01
2.2453e+01	 4.2426e+01	 -6.5673e+01	 4.2426e+01	 -6.5673e+01	 -6.5673e+01	 -6.5673e+01	 -6.5673e+01	 -6.5673e+01	 -6.5673e+01	 -6.5673e+01	 -6.5673e+01	 -6.5673e+01
2.2573e+01	 4.2478e+01	 -6.5673e+01	 4.2478e+01	 -6.5673e+01	 -6.5673e+01	 -6.5673e+01	 -6.5673e+01	 -6.5673e+01	 -6.5673e+01	 -6.5673e+01	 -6.5673e+01	 -6.5673e+01
2.2693e+01	 4.2528e+01	 -6.5673e+01	 4.2528e+01	 -6.5673e+01	 -6.5673e+01	 -6.5673e+01	 -6.5673e+01	 -6.5673e+01	 -6.5673e+01	 -6.5673e+01	 -6.5673e+01	 -6.5673e+01
2.2813e+01	 4.2577e+01	 -6.5673e+01	 4.2577e+01	 -6.5673e+01	 -6.5673e+01	 -6.5673e+01	 -6.5673e+01	 -6.5673e+01	 -6.5673e+01	 -6.5673e+01	 -6.5673e+01	 -6.5673e+01
2.2933e+01	 4.2625e+01	 -6.5673e+01	 4.2625e+01	 -6.5673e+01	 -6.5673e+01	 -6.5673e+01	 -6.5673e+01	 -6.5673e+01	 -6.5673e+01	 -6.5673e+01	 -6.5673e+01	 -6.5673e+01
2.3053e+01	 4.2671e+01	 -6.5673e+01	 4.2671e+01	 -6.5673e+01	 -6.5673e+01	 -6.5673e+01	 -6.5673e+01	 -6.5673e+01	 -6.5673e+01	 -6.5673e+01	 -6.5673e+01	 -6.5673e+01
2.3173e+01	 4.2717e+01	 -6.5673e+01	 4.2717e+01	 -6.5673e+01	 -6.5673e+01	 -6.5673e+01	 -6.5673e+01	 -6.5673e+01	 -6.5673e+01	 -6.5673e+01	 -6.5673e+01	 -6.5673e+01
2.3293e+01	 4.2760e+01	 -6.5673e+01	 4.2760e+01	 -6.5673e+01	 -6.5673e+01	 -6.5673e+01	 -6.5673e+01	 -6.5673e+01	 -6.5673e+01	 -6.5673e+01	 -6.5673e+01	 -6.5673e+01
2.3413e+01	 4.2803e+01	 -6.5673e+01	 4.2803e+01	 -6.5673e+01	 -6.5673e+01	 -6.5673e+01	 -6.5673e+01	 -6.5673e+01	 -6.5673e+01	 -6.5673e+01	 -6.5673e+01	 -6.5673e+01
2.3533e+01	 4.2844e+01	 -6.5673e+01	 4.2844e+01	 -6.5673e+01	 -6.5673e+01	 -6.5673e+01	 -6.5673e+01	 -6.5673e+01	 -6.5673e+01	 -6.5673e+01	 -6.5673e+01	 -6.5673e+01
2.3653e+01	 4.2883e+01	 -6.5673e+01	 4.2883e+01	 -6.5673e+01	 -6.5673e+01	 -6.5673e+01	 -6.5673e+01	 -6.5673e+01	 -6.5673e+01	 -6.5673e+01	 -6.5673e+01	 -6.5673e+01
2.3773e+01	 4.2922e+01	 -6.5673e+01	 4.2922e+01	 -6.5673e+01	 -6.5673e+01	 -6.5673e+01	 -6.5673e+01	 -6.5673e+01	 -6.5673e+01	 -6.5673e+01	 -6.5673e+01	 -6.5673e+01
2.3893e+01	 4.2957e+01	 -6.5673e+01	 4.2957e+01	 -6.5673e+01	 -6.5673e+01	 -6.5673e+01	 -6.5673e+01	 -6.5673e+01	 -6.5673e+01	 -6.5673e+01	 -6.5673e+01	 -6.5673e+01
2.4013e+01	 4.2992e+01	 -6.5673e+01	 4.2992e+01	 -6.5673e+01	 -6.5673e+01	 -6.5673e+01	 -6.5673e+01	 -6.5673e+01	 -6.5673e+01	 -6.5673e+01	 -6.5673e+01	 -6.5673e+01
2.4133e+01	 4.3024e+01	 -6.5673e+01	 4.3024e+01	 -6.5673e+01	 -6.5673e+01	 -6.5673e+01	 -6.5673e+01	 -6.5673e+01	 -6.5673e+01	 -6.5673e+01	 -6.5673e+01	 -6.5673e+01
2.4253e+01	 4.3055e+01	 -6.5673e+01	 4.3055e+01	 -6.5673e+01	 -6.5673e+01	 -6.5673e+01	 -6.5673e+01	 -6.5673e+01	 -6.5673e+01	 -6.5673e+01	 -6.5673e+01	 -6.5673e+01
2.4373e+01	 4.3084e+01	 -6.5673e+01	 4.3084e+01	 -6.5673e+01	 -6.5673e+01	 -6.5673e+01	 -6.5673e+01	 -6.5673e+01	 -6.5673e+01	 -6.5673e+01	 -6.5673e+01	 -6.5673e+01
2.4493e+01	 4.3110e+01	 -6.5673e+01	 4.3110e+01	 -6.5673e+01	 -6.5673e+01	 -6.5673e+01	 -6.5673e+01	 -6.5673e+01	 -6.5673e+01	 -6.5673e+01	 -6.5673e+01	 -6.5673e+01
2.4613e+01	 4.3136e+01	 -6.5673e+01	 4.3136e+01	 -6.5673e+01	 -6.5673e+01	 -6.5673e+01	 -6.5673e+01	 -6.5673e+01	 -6.5673e+01	 -6.5673e+01	 -6.5673e+01	 -6.5673e+01
2.4733e+01	 4.3158e+01	 -6.5673e+01	 4.3158e+01	 -6.5673e+01	 -6.5673e+01	 -6.5673e+01	 -6.5673e+01	 -6.5673e+01	 -6.5673e+01	 -6.5673e+01	 -6.5673e+01	 -6.5673e+01
2.4853e+01	 4.3180e+01	 -6.5673e+01	 4.3180e+01	 -6.5673e+01	 -6.5673e+01	 -6.5673e+01	 -6.5673e+01	 -6.5673e+01	 -6.5673e+01	 -6.5673e+01	 -6.5673e+01	 -6.5673e+01
2.4973e+01	 4.3197e+01	 -6.5673e+01	 4.3197e+01	 -6.5673e+01	 -6.5673e+01	 -6.5673e+01	 -6.5673e+01	 -6.5673e+01	 -6.5673e+01	 -6.5673e+01	 -6.5673e+01	 -6.5673e+01
2.5093e+01	 4.3214e+01	 -6.5673e+01	 4.3214e+01	 -6.5673e+01	 -6.5673e+01	 -6.5673e+01	 -6.5673e+01	 -6.5673e+01	 -6.5673e+01	 -6.5673e+01	 -6.5673e+01	 -6.5673e+01
2.5213e+01	 4.3227e+01	 -6.5673e+01	 4.3227e+01	 -6.5673e+01	 -6.5673e+01	 -6.5673e+01	 -6.5673e+01	 -6.5673e+01	 -6.5673e+01	 -6.5673e+01	 -6.5673e+01	 -6.5673e+01
2.5333e+01	 4.3236e+01	 -6.5673e+01	 4.3236e+01	 -6.5673e+01	 -6.5673e+01	 -6.5673e+01	 -6.5673e+01	 -6.5673e+01	 -6.5673e+01	 -6.5673e+01	 -6.5673e+01	 -6.5673e+01
2.5453e+01	 4.3245e+01	 -6.5673e+01	 4.3245e+01	 -6.5673e+01	 -6.5673e+01	 -6.5673e+01	 -6.5673e+01	 -6.5673e+01	 -6.5673e+01	 -6.5673e+01	 -6.5673e+01	 -6.5673e+01
2.5573e+01	 4.3244e+01	 -6.5673e+01	 4.3244e+01	 -6.5673e+01	 -6.5673e+01	 -6.5673e+01	 -6.5673e+01	 -6.5673e+01	 -6.5673e+01	 -6.5673e+01	 -6.5673e+01	 -6.5673e+01
2.5693e+01	 4.3243e+01	 -6.5673e+01	 4.3243e+01	 -6.5673e+01	 -6.5673e+01	 -6.5673e+01	 -6.5673e+01	 -6.5673e+01	 -6.5673e+01	 -6.5673e+01	 -6.5673e+01	 -6.5673e+01
2.5813e+01	 4.3233e+01	 -6.5673e+01	 4.3233e+01	 -6.5673e+01	 -6.5673e+01	 -6.5673e+01	 -6.5673e+01	 -6.5673e+01	 -6.5673e+01	 -6.5673e+01	 -6.5673e+01	 -6.5673e+01
2.5933e+01	 4.3219e+01	 -6.5673e+01	 4.3219e+01	 -6.5673e+01	 -6.5673e+01	 -6.5673e+01	 -6.5673e+01	 -6.5673e+01	 -6.5673e+01	 -6.5673e+01	 -6.5673e+01	 -6.5673e+01
2.6053e+01	 4.3199e+01	 -6.5673e+01	 4.3199e+01	 -6.5673e+01	 -6.5673e+01	 -6.5673e+01	 -6.5673e+01	 -6.5673e+01	 -6.5673e+01	 -6.5673e+01	 -6.5673e+01	 -6.5673e+01
2.6173e+01	 4.3166e+01	 -6.5673e+01	 4.3166e+01	 -6.5673e+01	 -6.5673e+01	 -6.5673e+01	 -6.5673e+01	 -6.5673e+01	 -6.5673e+01	 -6.5673e+01	 -6.5673e+01	 -6.5673e+01
2.6293e+01	 4.3134e+01	 -6.5673e+01	 4.3134e+01	 -6.5673e+01	 -6.5673e+01	 -6.5673e+01	 -6.5673e+01	 -6.5673e+01	 -6.5673e+01	 -6.5673e+01	 -6.5673e+01	 -6.5673e+01
2.6413e+01	 4.3075e+01	 -6.5673e+01	 4.3075e+01	 -6.5673e+01	 -6.5673e+01	 -6.5673e+01	 -6.5673e+01	 -6.5673e+01	 -6.5673e+01	 -6.5673e+01	 -6.5673e+01	 -6.5673e+01
2.6533e+01	 4.3015e+01	 -6.5673e+01	 4.3015e+01	 -6.5673e+01	 -6.5673e+01	 -6.5673e+01	 -6.5673e+01	 -6.5673e+01	 -6.5673e+01	 -6.5673e+01	 -6.5673e+01	 -6.5673e+01
2.6653e+01	 4.2931e+01	 -6.5673e+01	 4.2931e+01	 -6.5673e+01	 -6.5673e+01	 -6.5673e+01	 -6.5673e+01	 -6.5673e+01	 -6.5673e+01	 -6.5673e+01	 -6.5673e+01	 -6.5673e+01
2.6773e+01	 4.2831e+01	 -6.5673e+01	 4.2831e+01	 -6.5673e+01	 -6.5673e+01	 -6.5673e+01	 -6.5673e+01	 -6.5673e+01	 -6.5673e+01	 -6.5673e+01	 -6.5673e+01	 -6.5673e+01
2.6893e+01	 4.2713e+01	 -6.5673e+01	 4.2713e+01	 -6.5673e+01	 -6.5673e+01	 -6.5673e+01	 -6.5673e+01	 -6.5673e+01	 -6.5673e+01	 -6.5673e+01	 -6.5673e+01	 -6.5673e+01
2.7013e+01	 4.2549e+01	 -6.5673e+01	 4.2549e+01	 -6.5673e+01	 -6.5673e+01	 -6.5673e+01	 -6.5673e+01	 -6.5673e+01	 -6.5673e+01	 -6.5673e+01	 -6.5673e+01	 -6.5673e+01
2.7133e+01	 4.2385e+01	 -6.5673e+01	 4.2385e+01	 -6.5673e+01	 -6.5673e+01	 -6.5673e+01	 -6.5673e+01	 -6.5673e+01	 -6.5673e+01	 -6.5673e+01	 -6.5673e+01	 -6.5673e+01
2.7253e+01	 4.2116e+01	 -6.5673e+01	 4.2116e+01	 -6.5673e+01	 -6.5673e+01	 -6.5673e+01	 -6.5673e+01	 -6.5673e+01	 -6.5673e+01	 -6.5673e+01	 -6.5673e+01	 -6.5673e+01
2.7373e+01	 4.1838e+01	 -6.5673e+01	 4.1838e+01	 -6.5673e+01	 -6.5673e+01	 -6.5673e+01	 -6.5673e+01	 -6.5673e+01	 -6.5673e+01	 -6.5673e+01	 -6.5673e+01	 -6.5673e+01
2.7493e+01	 4.1362e+01	 -6.5673e+01	 4.1362e+01	 -6.5673e+01	 -6.5673e+01	 -6.5673e+01	 -6.5673e+01	 -6.5673e+01	 -6.5673e+01	 -6.5673e+01	 -6.5673e+01	 -6.5673e+01
2.7613e+01	 4.0743e+01	 -6.5673e+01	 4.0743e+01	 -6.5673e+01	 -6.5673e+01	 -6.5673e+01	 -6.5673e+01	 -6.5673e+01	 -6.5673e+01	 -6.5673e+01	 -6.5673e+01	 -6.5673e+01
2.7733e+01	 2.9714e+01	 -6.5673e+01	 2.9714e+01	 -6.5673e+01	 -6.5673e+01	 -6.5673e+01	 -6.5673e+01	 -6.5673e+01	 -6.5673e+01	 -6.5673e+01	 -6.5673e+01	 -6.5673e+01
2.7853e+01	 -1.5426e+01	 -6.5673e+01	 -1.5426e+01	 -6.5673e+01	 -6.5673e+01	 -6.5673e+01	 -6.5673e+01	 -6.5673e+01	 -6.5673e+01	 -6.5673e+01	 -6.5673e+01	 -6.5673e+01
2.7973e+01	 -6.0566e+01	 -6.5673e+01	 -6.0566e+01	 -6.5673e+01	 -6.5673e+01	 -6.5673e+01	 -6.5673e+01	 -6.5673e+01	 -6.5673e+01	 -6.5673e+01	 -6.5673e+01	 -6.5673e+01
2.8093e+01	 -6.5673e+01	 -6.5673e+01	 -6.5673e+01	 -6.5673e+01	 -6.5673e+01	 -6.5673e+01	 -6.5673e+01	 -6.5673e+01	 -6.5673e+01	 -6.5673e+01	 -6.5673e+01	 -6.5673e+01
2.8213e+01	 -6.5673e+01	 -6.5673e+01	 -6.5673e+01	 -6.5673e+01	 -6.5673e+01	 -6.5673e+01	 -6.5673e+01	 -6.5673e+01	 -6.5673e+01	 -6.5673e+01	 -6.5673e+01	 -6.5673e+01
2.8333e+01	 -6.5673e+01	 -6.5673e+01	 -6.5673e+01	 -6.5673e+01	 -6.5673e+01	 -6.5673e+01	 -6.5673e+01	 -6.5673e+01	 -6.5673e+01	 -6.5673e+01	 -6.5673e+01	 -6.5673e+01
2.8453e+01	 -6.5673e+01	 -6.5673e+01	 -6.5673e+01	 -6.5673e+01	 -6.5673e+01	 -6.5673e+01	 -6.5673e+01	 -6.5673e+01	 -6.5673e+01	 -6.5673e+01	 -6.5673e+01	 -6.5673e+01
2.8573e+01	 -6.5673e+01	 -6.5673e+01	 -6.5673e+01	 -6.5673e+01	 -6.5673e+01	 -6.5673e+01	 -6.5673e+01	 -6.5673e+01	 -6.5673e+01	 -6.5673e+01	 -6.5673e+01	 -6.5673e+01
2.8693e+01	 -6.5673e+01	 -6.5673e+01	 -6.5673e+01	 -6.5673e+01	 -6.5673e+01	 -6.5673e+01	 -6.5673e+01	 -6.5673e+01	 -6.5673e+01	 -6.5673e+01	 -6.5673e+01	 -6.5673e+01
2.8813e+01	 -6.5673e+01	 -6.5673e+01	 -6.5673e+01	 -6.5673e+01	 -6.5673e+01	 -6.5673e+01	 -6.5673e+01	 -6.5673e+01	 -6.5673e+01	 -6.5673e+01	 -6.5673e+01	 -6.5673e+01
2.8933e+01	 -6.5673e+01	 -6.5673e+01	 -6.5673e+01	 -6.5673e+01	 -6.5673e+01	 -6.5673e+01	 -6.5673e+01	 -6.5673e+01	 -6.5673e+01	 -6.5673e+01	 -6.5673e+01	 -6.5673e+01
2.9053e+01	 -6.5673e+01	 -6.5673e+01	 -6.5673e+01	 -6.5673e+01	 -6.5673e+01	 -6.5673e+01	 -6.5673e+01	 -6.5673e+01	 -6.5673e+01	 -6.5673e+01	 -6.5673e+01	 -6.5673e+01
2.9173e+01	 -6.5673e+01	 -6.5673e+01	 -6.5673e+01	 -6.5673e+01	 -6.5673e+01	 -6.5673e+01	 -6.5673e+01	 -6.5673e+01	 -6.5673e+01	 -6.5673e+01	 -6.5673e+01	 -6.5673e+01
2.9293e+01	 -6.5673e+01	 -6.5673e+01	 -6.5673e+01	 -6.5673e+01	 -6.5673e+01	 -6.5673e+01	 -6.5673e+01	 -6.5673e+01	 -6.5673e+01	 -6.5673e+01	 -6.5673e+01	 -6.5673e+01
2.9413e+01	 -6.5673e+01	 -6.5673e+01	 -6.5673e+01	 -6.5673e+01	 -6.5673e+01	 -6.5673e+01	 -6.5673e+01	 -6.5673e+01	 -6.5673e+01	 -6.5673e+01	 -6.5673e+01	 -6.5673e+01
2.9533e+01	 -6.5673e+01	 -6.5673e+01	 -6.5673e+01	 -6.5673e+01	 -6.5673e+01	 -6.5673e+01	 -6.5673e+01	 -6.5673e+01	 -6.5673e+01	 -6.5673e+01	 -6.5673e+01	 -6.5673e+01
2.9653e+01	 -6.5673e+01	 -6.5673e+01	 -6.5673e+01	 -6.5673e+01	 -6.5673e+01	 -6.5673e+01	 -6.5673e+01	 -6.5673e+01	 -6.5673e+01	 -6.5673e+01	 -6.5673e+01	 -6.5673e+01
2.9773e+01	 -6.5673e+01	 -6.5673e+01	 -6.5673e+01	 -6.5673e+01	 -6.5673e+01	 -6.5673e+01	 -6.5673e+01	 -6.5673e+01	 -6.5673e+01	 -6.5673e+01	 -6.5673e+01	 -6.5673e+01
2.9893e+01	 -6.5673e+01	 -6.5673e+01	 -6.5673e+01	 -6.5673e+01	 -6.5673e+01	 -6.5673e+01	 -6.5673e+01	 -6.5673e+01	 -6.5673e+01	 -6.5673e+01	 -6.5673e+01	 -6.5673e+01
