#################################################################
# log(gamma)     log(N(gamma))   gamma     N(gamma)  TeV N(TeV) # 
#################################################################
0.000000e+00	-2.000000e+02	1.000000e+00	1.000000e-200	5.109989e-07	1.956951e-194
8.073679e-03	-2.000000e+02	1.018764e+00	1.000000e-200	5.205874e-07	1.956951e-194
1.600000e-02	-2.000000e+02	1.037528e+00	1.000000e-200	5.301759e-07	1.956951e-194
2.407368e-02	-2.000000e+02	1.056997e+00	1.000000e-200	5.401242e-07	1.956951e-194
3.200000e-02	-2.000000e+02	1.076465e+00	1.000000e-200	5.500726e-07	1.956951e-194
4.007368e-02	-2.000000e+02	1.096664e+00	1.000000e-200	5.603942e-07	1.956951e-194
4.800000e-02	-2.000000e+02	1.116863e+00	1.000000e-200	5.707159e-07	1.956951e-194
5.607368e-02	-2.000000e+02	1.137820e+00	1.000000e-200	5.814249e-07	1.956951e-194
6.400000e-02	-2.000000e+02	1.158777e+00	1.000000e-200	5.921340e-07	1.956951e-194
7.207368e-02	-2.000000e+02	1.180521e+00	1.000000e-200	6.032449e-07	1.956951e-194
8.000000e-02	-2.000000e+02	1.202264e+00	1.000000e-200	6.143558e-07	1.956951e-194
8.807368e-02	-2.000000e+02	1.224824e+00	1.000000e-200	6.258837e-07	1.956951e-194
9.600000e-02	-2.000000e+02	1.247384e+00	1.000000e-200	6.374116e-07	1.956951e-194
1.040737e-01	-2.000000e+02	1.270790e+00	1.000000e-200	6.493721e-07	1.956951e-194
1.120000e-01	-2.000000e+02	1.294196e+00	1.000000e-200	6.613327e-07	1.956951e-194
1.200737e-01	-2.000000e+02	1.318480e+00	1.000000e-200	6.737420e-07	1.956951e-194
1.280000e-01	-2.000000e+02	1.342765e+00	1.000000e-200	6.861514e-07	1.956951e-194
1.360737e-01	-2.000000e+02	1.367961e+00	1.000000e-200	6.990265e-07	1.956951e-194
1.440000e-01	-2.000000e+02	1.393157e+00	1.000000e-200	7.119016e-07	1.956951e-194
1.520737e-01	-2.000000e+02	1.419298e+00	1.000000e-200	7.252599e-07	1.956951e-194
1.600000e-01	-2.000000e+02	1.445440e+00	1.000000e-200	7.386181e-07	1.956951e-194
1.680737e-01	-2.000000e+02	1.472562e+00	1.000000e-200	7.524777e-07	1.956951e-194
1.760000e-01	-2.000000e+02	1.499685e+00	1.000000e-200	7.663373e-07	1.956951e-194
1.840737e-01	-2.000000e+02	1.527825e+00	1.000000e-200	7.807170e-07	1.956951e-194
1.920000e-01	-2.000000e+02	1.555966e+00	1.000000e-200	7.950967e-07	1.956951e-194
2.000737e-01	-2.000000e+02	1.585162e+00	1.000000e-200	8.100161e-07	1.956951e-194
2.080000e-01	-2.000000e+02	1.614359e+00	1.000000e-200	8.249355e-07	1.956951e-194
2.160737e-01	-2.000000e+02	1.644651e+00	1.000000e-200	8.404147e-07	1.956951e-194
2.240000e-01	-2.000000e+02	1.674943e+00	1.000000e-200	8.558940e-07	1.956951e-194
2.320737e-01	-2.000000e+02	1.706372e+00	1.000000e-200	8.719542e-07	1.956951e-194
2.400000e-01	-2.000000e+02	1.737801e+00	1.000000e-200	8.880143e-07	1.956951e-194
2.480737e-01	-2.000000e+02	1.770409e+00	1.000000e-200	9.046772e-07	1.956951e-194
2.560000e-01	-2.000000e+02	1.803018e+00	1.000000e-200	9.213401e-07	1.956951e-194
2.640737e-01	-2.000000e+02	1.836850e+00	1.000000e-200	9.386283e-07	1.956951e-194
2.720000e-01	-2.000000e+02	1.870682e+00	1.000000e-200	9.559165e-07	1.956951e-194
2.800737e-01	-2.000000e+02	1.905784e+00	1.000000e-200	9.738536e-07	1.956951e-194
2.880000e-01	-2.000000e+02	1.940886e+00	1.000000e-200	9.917906e-07	1.956951e-194
2.960737e-01	-2.000000e+02	1.977305e+00	1.000000e-200	1.010401e-06	1.956951e-194
3.040000e-01	-2.000000e+02	2.013724e+00	1.000000e-200	1.029011e-06	1.956951e-194
3.120737e-01	-2.000000e+02	2.051510e+00	1.000000e-200	1.048319e-06	1.956951e-194
3.200000e-01	-2.000000e+02	2.089296e+00	1.000000e-200	1.067628e-06	1.956951e-194
3.280737e-01	-2.000000e+02	2.128500e+00	1.000000e-200	1.087661e-06	1.956951e-194
3.360000e-01	-2.000000e+02	2.167704e+00	1.000000e-200	1.107694e-06	1.956951e-194
3.440737e-01	-2.000000e+02	2.208379e+00	1.000000e-200	1.128479e-06	1.956951e-194
3.520000e-01	-2.000000e+02	2.249055e+00	1.000000e-200	1.149264e-06	1.956951e-194
3.600737e-01	-2.000000e+02	2.291256e+00	1.000000e-200	1.170829e-06	1.956951e-194
3.680000e-01	-2.000000e+02	2.333458e+00	1.000000e-200	1.192395e-06	1.956951e-194
3.760737e-01	-2.000000e+02	2.377244e+00	1.000000e-200	1.214769e-06	1.956951e-194
3.840000e-01	-2.000000e+02	2.421029e+00	1.000000e-200	1.237143e-06	1.956951e-194
3.920737e-01	-2.000000e+02	2.466458e+00	1.000000e-200	1.260357e-06	1.956951e-194
4.000000e-01	-2.000000e+02	2.511886e+00	1.000000e-200	1.283571e-06	1.956951e-194
4.080737e-01	-2.000000e+02	2.559020e+00	1.000000e-200	1.307656e-06	1.956951e-194
4.160000e-01	-2.000000e+02	2.606154e+00	1.000000e-200	1.331742e-06	1.956951e-194
4.240737e-01	-2.000000e+02	2.655056e+00	1.000000e-200	1.356731e-06	1.956951e-194
4.320000e-01	-2.000000e+02	2.703958e+00	1.000000e-200	1.381720e-06	1.956951e-194
4.400737e-01	-2.000000e+02	2.754696e+00	1.000000e-200	1.407647e-06	1.956951e-194
4.480000e-01	-2.000000e+02	2.805434e+00	1.000000e-200	1.433574e-06	1.956951e-194
4.560737e-01	-2.000000e+02	2.858075e+00	1.000000e-200	1.460473e-06	1.956951e-194
4.640000e-01	-2.000000e+02	2.910717e+00	1.000000e-200	1.487373e-06	1.956951e-194
4.720737e-01	-2.000000e+02	2.965334e+00	1.000000e-200	1.515283e-06	1.956951e-194
4.800000e-01	-2.000000e+02	3.019952e+00	1.000000e-200	1.543192e-06	1.956951e-194
4.880737e-01	-2.000000e+02	3.076619e+00	1.000000e-200	1.572149e-06	1.956951e-194
4.960000e-01	-2.000000e+02	3.133286e+00	1.000000e-200	1.601106e-06	1.956951e-194
5.040737e-01	-2.000000e+02	3.192079e+00	1.000000e-200	1.631149e-06	1.956951e-194
5.120000e-01	-2.000000e+02	3.250873e+00	1.000000e-200	1.661193e-06	1.956951e-194
5.200737e-01	-2.000000e+02	3.311873e+00	1.000000e-200	1.692364e-06	1.956951e-194
5.280000e-01	-2.000000e+02	3.372873e+00	1.000000e-200	1.723534e-06	1.956951e-194
5.360737e-01	-2.000000e+02	3.436162e+00	1.000000e-200	1.755875e-06	1.956951e-194
5.440000e-01	-2.000000e+02	3.499452e+00	1.000000e-200	1.788216e-06	1.956951e-194
5.520737e-01	-2.000000e+02	3.565116e+00	1.000000e-200	1.821770e-06	1.956951e-194
5.600000e-01	-2.000000e+02	3.630781e+00	1.000000e-200	1.855325e-06	1.956951e-194
5.680737e-01	-2.000000e+02	3.698909e+00	1.000000e-200	1.890139e-06	1.956951e-194
5.760000e-01	-2.000000e+02	3.767038e+00	1.000000e-200	1.924952e-06	1.956951e-194
5.840737e-01	-2.000000e+02	3.837723e+00	1.000000e-200	1.961073e-06	1.956951e-194
5.920000e-01	-2.000000e+02	3.908409e+00	1.000000e-200	1.997193e-06	1.956951e-194
6.000737e-01	-2.000000e+02	3.981747e+00	1.000000e-200	2.034668e-06	1.956951e-194
6.080000e-01	-2.000000e+02	4.055085e+00	1.000000e-200	2.072144e-06	1.956951e-194
6.160737e-01	-2.000000e+02	4.131176e+00	1.000000e-200	2.111026e-06	1.956951e-194
6.240000e-01	-2.000000e+02	4.207266e+00	1.000000e-200	2.149908e-06	1.956951e-194
6.320737e-01	-2.000000e+02	4.286212e+00	1.000000e-200	2.190250e-06	1.956951e-194
6.400000e-01	-2.000000e+02	4.365158e+00	1.000000e-200	2.230591e-06	1.956951e-194
6.480737e-01	-2.000000e+02	4.447067e+00	1.000000e-200	2.272446e-06	1.956951e-194
6.560000e-01	-2.000000e+02	4.528976e+00	1.000000e-200	2.314302e-06	1.956951e-194
6.640737e-01	-2.000000e+02	4.613958e+00	1.000000e-200	2.357728e-06	1.956951e-194
6.720000e-01	-2.000000e+02	4.698941e+00	1.000000e-200	2.401154e-06	1.956951e-194
6.800737e-01	-2.000000e+02	4.787113e+00	1.000000e-200	2.446210e-06	1.956951e-194
6.880000e-01	-2.000000e+02	4.875285e+00	1.000000e-200	2.491265e-06	1.956951e-194
6.960737e-01	-2.000000e+02	4.966766e+00	1.000000e-200	2.538012e-06	1.956951e-194
7.040000e-01	-2.000000e+02	5.058247e+00	1.000000e-200	2.584759e-06	1.956951e-194
7.120737e-01	-2.000000e+02	5.153161e+00	1.000000e-200	2.633259e-06	1.956951e-194
7.200000e-01	-2.000000e+02	5.248075e+00	1.000000e-200	2.681760e-06	1.956951e-194
7.280737e-01	-2.000000e+02	5.346551e+00	1.000000e-200	2.732082e-06	1.956951e-194
7.360000e-01	-2.000000e+02	5.445027e+00	1.000000e-200	2.782403e-06	1.956951e-194
7.440737e-01	-2.000000e+02	5.547198e+00	1.000000e-200	2.834612e-06	1.956951e-194
7.520000e-01	-2.000000e+02	5.649370e+00	1.000000e-200	2.886822e-06	1.956951e-194
7.600737e-01	-2.000000e+02	5.755376e+00	1.000000e-200	2.940991e-06	1.956951e-194
7.680000e-01	-2.000000e+02	5.861382e+00	1.000000e-200	2.995160e-06	1.956951e-194
7.760737e-01	-2.000000e+02	5.971366e+00	1.000000e-200	3.051361e-06	1.956951e-194
7.840000e-01	-2.000000e+02	6.081350e+00	1.000000e-200	3.107563e-06	1.956951e-194
7.920737e-01	-2.000000e+02	6.195462e+00	1.000000e-200	3.165874e-06	1.956951e-194
8.000000e-01	-2.000000e+02	6.309573e+00	1.000000e-200	3.224185e-06	1.956951e-194
8.080737e-01	-2.000000e+02	6.427968e+00	1.000000e-200	3.284684e-06	1.956951e-194
8.160000e-01	-2.000000e+02	6.546362e+00	1.000000e-200	3.345184e-06	1.956951e-194
8.240737e-01	-2.000000e+02	6.669199e+00	1.000000e-200	3.407953e-06	1.956951e-194
8.320000e-01	-2.000000e+02	6.792036e+00	1.000000e-200	3.470723e-06	1.956951e-194
8.400737e-01	-2.000000e+02	6.919484e+00	1.000000e-200	3.535849e-06	1.956951e-194
8.480000e-01	-2.000000e+02	7.046931e+00	1.000000e-200	3.600974e-06	1.956951e-194
8.560737e-01	-2.000000e+02	7.179161e+00	1.000000e-200	3.668543e-06	1.956951e-194
8.640000e-01	-2.000000e+02	7.311391e+00	1.000000e-200	3.736113e-06	1.956951e-194
8.720737e-01	-2.000000e+02	7.448583e+00	1.000000e-200	3.806218e-06	1.956951e-194
8.800000e-01	-2.000000e+02	7.585776e+00	1.000000e-200	3.876323e-06	1.956951e-194
8.880737e-01	-2.000000e+02	7.728117e+00	1.000000e-200	3.949059e-06	1.956951e-194
8.960000e-01	-2.000000e+02	7.870458e+00	1.000000e-200	4.021795e-06	1.956951e-194
9.040737e-01	-2.000000e+02	8.018141e+00	1.000000e-200	4.097261e-06	1.956951e-194
9.120000e-01	-2.000000e+02	8.165824e+00	1.000000e-200	4.172727e-06	1.956951e-194
9.200737e-01	-2.000000e+02	8.319049e+00	1.000000e-200	4.251025e-06	1.956951e-194
9.280000e-01	-2.000000e+02	8.472274e+00	1.000000e-200	4.329323e-06	1.956951e-194
9.360737e-01	-2.000000e+02	8.631250e+00	1.000000e-200	4.410559e-06	1.956951e-194
9.440000e-01	-2.000000e+02	8.790225e+00	1.000000e-200	4.491795e-06	1.956951e-194
9.520737e-01	-2.000000e+02	8.955167e+00	1.000000e-200	4.576080e-06	1.956951e-194
9.600000e-01	-2.000000e+02	9.120108e+00	1.000000e-200	4.660365e-06	1.956951e-194
9.680737e-01	-2.000000e+02	9.291240e+00	1.000000e-200	4.747814e-06	1.956951e-194
9.760000e-01	-2.000000e+02	9.462372e+00	1.000000e-200	4.835262e-06	1.956951e-194
9.840737e-01	-2.000000e+02	9.639926e+00	1.000000e-200	4.925991e-06	1.956951e-194
9.920000e-01	-2.000000e+02	9.817479e+00	1.000000e-200	5.016721e-06	1.956951e-194
1.000074e+00	-2.000000e+02	1.000170e+01	1.000000e-200	5.110856e-06	1.956951e-194
1.008000e+00	-2.000000e+02	1.018591e+01	1.000000e-200	5.204991e-06	1.956951e-194
1.016074e+00	-2.000000e+02	1.037704e+01	1.000000e-200	5.302658e-06	1.956951e-194
1.024000e+00	-2.000000e+02	1.056818e+01	1.000000e-200	5.400326e-06	1.956951e-194
1.032074e+00	-2.000000e+02	1.076648e+01	1.000000e-200	5.501659e-06	1.956951e-194
1.040000e+00	-2.000000e+02	1.096478e+01	1.000000e-200	5.602992e-06	1.956951e-194
1.048074e+00	-2.000000e+02	1.117053e+01	1.000000e-200	5.708127e-06	1.956951e-194
1.056000e+00	-2.000000e+02	1.137627e+01	1.000000e-200	5.813263e-06	1.956951e-194
1.064074e+00	-2.000000e+02	1.158974e+01	1.000000e-200	5.922344e-06	1.956951e-194
1.072000e+00	-2.000000e+02	1.180321e+01	1.000000e-200	6.031426e-06	1.956951e-194
1.080074e+00	-2.000000e+02	1.202468e+01	1.000000e-200	6.144601e-06	1.956951e-194
1.088000e+00	-2.000000e+02	1.224616e+01	1.000000e-200	6.257775e-06	1.956951e-194
1.096074e+00	-2.000000e+02	1.247595e+01	1.000000e-200	6.375198e-06	1.956951e-194
1.104000e+00	-2.000000e+02	1.270574e+01	1.000000e-200	6.492620e-06	1.956951e-194
1.112074e+00	-2.000000e+02	1.294415e+01	1.000000e-200	6.614449e-06	1.956951e-194
1.120000e+00	-2.000000e+02	1.318257e+01	1.000000e-200	6.736278e-06	1.956951e-194
1.128074e+00	-2.000000e+02	1.342993e+01	1.000000e-200	6.862678e-06	1.956951e-194
1.136000e+00	-2.000000e+02	1.367729e+01	1.000000e-200	6.989079e-06	1.956951e-194
1.144074e+00	-2.000000e+02	1.393393e+01	1.000000e-200	7.120224e-06	1.956951e-194
1.152000e+00	-2.000000e+02	1.419058e+01	1.000000e-200	7.251368e-06	1.956951e-194
1.160074e+00	-2.000000e+02	1.445685e+01	1.000000e-200	7.387435e-06	1.956951e-194
1.168000e+00	-2.000000e+02	1.472313e+01	1.000000e-200	7.523501e-06	1.956951e-194
1.176074e+00	-2.000000e+02	1.499939e+01	1.000000e-200	7.664673e-06	1.956951e-194
1.184000e+00	-2.000000e+02	1.527566e+01	1.000000e-200	7.805846e-06	1.956951e-194
1.192074e+00	-2.000000e+02	1.556230e+01	1.000000e-200	7.952316e-06	1.956951e-194
1.200000e+00	-2.000000e+02	1.584893e+01	1.000000e-200	8.098787e-06	1.956951e-194
1.208074e+00	-2.000000e+02	1.614632e+01	1.000000e-200	8.250754e-06	1.956951e-194
1.216000e+00	-2.000000e+02	1.644372e+01	1.000000e-200	8.402722e-06	1.956951e-194
1.224074e+00	-2.000000e+02	1.675227e+01	1.000000e-200	8.560392e-06	1.956951e-194
1.232000e+00	-2.000000e+02	1.706082e+01	1.000000e-200	8.718062e-06	1.956951e-194
1.240074e+00	-2.000000e+02	1.738096e+01	1.000000e-200	8.881650e-06	1.956951e-194
1.248000e+00	-2.000000e+02	1.770109e+01	1.000000e-200	9.045237e-06	1.956951e-194
1.256074e+00	-2.000000e+02	1.803324e+01	1.000000e-200	9.214964e-06	1.956951e-194
1.264000e+00	-2.000000e+02	1.836538e+01	1.000000e-200	9.384691e-06	1.956951e-194
1.272074e+00	-2.000000e+02	1.871000e+01	1.000000e-200	9.560787e-06	1.956951e-194
1.280000e+00	-2.000000e+02	1.905461e+01	1.000000e-200	9.736883e-06	1.956951e-194
1.288074e+00	-2.000000e+02	1.941215e+01	1.000000e-200	9.919588e-06	1.956951e-194
1.296000e+00	-2.000000e+02	1.976970e+01	1.000000e-200	1.010229e-05	1.956951e-194
1.304074e+00	-2.000000e+02	2.014066e+01	1.000000e-200	1.029185e-05	1.956951e-194
1.312000e+00	-2.000000e+02	2.051162e+01	1.000000e-200	1.048142e-05	1.956951e-194
1.320074e+00	-2.000000e+02	2.089651e+01	1.000000e-200	1.067809e-05	1.956951e-194
1.328000e+00	-2.000000e+02	2.128139e+01	1.000000e-200	1.087477e-05	1.956951e-194
1.336074e+00	-2.000000e+02	2.168072e+01	1.000000e-200	1.107882e-05	1.956951e-194
1.344000e+00	-2.000000e+02	2.208005e+01	1.000000e-200	1.128288e-05	1.956951e-194
1.352074e+00	-2.000000e+02	2.249436e+01	1.000000e-200	1.149459e-05	1.956951e-194
1.360000e+00	-2.000000e+02	2.290868e+01	1.000000e-200	1.170631e-05	1.956951e-194
1.368074e+00	-2.000000e+02	2.333854e+01	1.000000e-200	1.192597e-05	1.956951e-194
1.376000e+00	-2.000000e+02	2.376840e+01	1.000000e-200	1.214563e-05	1.956951e-194
1.384074e+00	-2.000000e+02	2.421440e+01	1.000000e-200	1.237353e-05	1.956951e-194
1.392000e+00	-2.000000e+02	2.466039e+01	1.000000e-200	1.260143e-05	1.956951e-194
1.400074e+00	-2.000000e+02	2.512313e+01	1.000000e-200	1.283789e-05	1.956951e-194
1.408000e+00	-2.000000e+02	2.558586e+01	1.000000e-200	1.307435e-05	1.956951e-194
1.416074e+00	-2.000000e+02	2.606596e+01	1.000000e-200	1.331968e-05	1.956951e-194
1.424000e+00	-2.000000e+02	2.654606e+01	1.000000e-200	1.356501e-05	1.956951e-194
1.432074e+00	-2.000000e+02	2.704417e+01	1.000000e-200	1.381954e-05	1.956951e-194
1.440000e+00	-2.000000e+02	2.754229e+01	1.000000e-200	1.407408e-05	1.956951e-194
1.448074e+00	-2.000000e+02	2.805910e+01	1.000000e-200	1.433817e-05	1.956951e-194
1.456000e+00	-2.000000e+02	2.857591e+01	1.000000e-200	1.460226e-05	1.956951e-194
1.464074e+00	-2.000000e+02	2.911211e+01	1.000000e-200	1.487626e-05	1.956951e-194
1.472000e+00	-2.000000e+02	2.964831e+01	1.000000e-200	1.515026e-05	1.956951e-194
1.480074e+00	-2.000000e+02	3.020464e+01	1.000000e-200	1.543454e-05	1.956951e-194
1.488000e+00	-2.000000e+02	3.076097e+01	1.000000e-200	1.571882e-05	1.956951e-194
1.496074e+00	-2.000000e+02	3.133817e+01	1.000000e-200	1.601377e-05	1.956951e-194
1.504000e+00	-2.000000e+02	3.191538e+01	1.000000e-200	1.630872e-05	1.956951e-194
1.512074e+00	-2.000000e+02	3.251425e+01	1.000000e-200	1.661474e-05	1.956951e-194
1.520000e+00	-2.000000e+02	3.311311e+01	1.000000e-200	1.692076e-05	1.956951e-194
1.528074e+00	-2.000000e+02	3.373445e+01	1.000000e-200	1.723827e-05	1.956951e-194
1.536000e+00	-2.000000e+02	3.435579e+01	1.000000e-200	1.755577e-05	1.956951e-194
1.544074e+00	-2.000000e+02	3.500045e+01	1.000000e-200	1.788519e-05	1.956951e-194
1.552000e+00	-2.000000e+02	3.564511e+01	1.000000e-200	1.821461e-05	1.956951e-194
1.560074e+00	-2.000000e+02	3.631397e+01	1.000000e-200	1.855640e-05	1.956951e-194
1.568000e+00	-2.000000e+02	3.698282e+01	1.000000e-200	1.889818e-05	1.956951e-194
1.576074e+00	-2.000000e+02	3.767677e+01	1.000000e-200	1.925279e-05	1.956951e-194
1.584000e+00	-2.000000e+02	3.837072e+01	1.000000e-200	1.960740e-05	1.956951e-194
1.592074e+00	-2.000000e+02	3.909072e+01	1.000000e-200	1.997532e-05	1.956951e-194
1.600000e+00	-2.000000e+02	3.981072e+01	1.000000e-200	2.034323e-05	1.956951e-194
1.608074e+00	-2.000000e+02	4.055773e+01	1.000000e-200	2.072496e-05	1.956951e-194
1.616000e+00	-2.000000e+02	4.130475e+01	1.000000e-200	2.110668e-05	1.956951e-194
1.624074e+00	-2.000000e+02	4.207980e+01	1.000000e-200	2.150273e-05	1.956951e-194
1.632000e+00	-2.000000e+02	4.285485e+01	1.000000e-200	2.189878e-05	1.956951e-194
1.640074e+00	-2.000000e+02	4.365899e+01	1.000000e-200	2.230970e-05	1.956951e-194
1.648000e+00	-2.000000e+02	4.446313e+01	1.000000e-200	2.272061e-05	1.956951e-194
1.656074e+00	-2.000000e+02	4.529744e+01	1.000000e-200	2.314694e-05	1.956951e-194
1.664000e+00	-2.000000e+02	4.613176e+01	1.000000e-200	2.357328e-05	1.956951e-194
1.672074e+00	-2.000000e+02	4.699738e+01	1.000000e-200	2.401561e-05	1.956951e-194
1.680000e+00	-2.000000e+02	4.786301e+01	1.000000e-200	2.445795e-05	1.956951e-194
1.688074e+00	-2.000000e+02	4.876112e+01	1.000000e-200	2.491688e-05	1.956951e-194
1.696000e+00	-2.000000e+02	4.965923e+01	1.000000e-200	2.537581e-05	1.956951e-194
1.704074e+00	-2.000000e+02	5.059105e+01	1.000000e-200	2.585197e-05	1.956951e-194
1.712000e+00	-2.000000e+02	5.152286e+01	1.000000e-200	2.632813e-05	1.956951e-194
1.720074e+00	-2.000000e+02	5.248965e+01	1.000000e-200	2.682215e-05	1.956951e-194
1.728000e+00	-2.000000e+02	5.345644e+01	1.000000e-200	2.731618e-05	1.956951e-194
1.736074e+00	-2.000000e+02	5.445950e+01	1.000000e-200	2.782875e-05	1.956951e-194
1.744000e+00	-2.000000e+02	5.546257e+01	1.000000e-200	2.834131e-05	1.956951e-194
1.752074e+00	-2.000000e+02	5.650328e+01	1.000000e-200	2.887312e-05	1.956951e-194
1.760000e+00	-2.000000e+02	5.754399e+01	1.000000e-200	2.940492e-05	1.956951e-194
1.768074e+00	-2.000000e+02	5.862376e+01	1.000000e-200	2.995668e-05	1.956951e-194
1.776000e+00	-2.000000e+02	5.970353e+01	1.000000e-200	3.050844e-05	1.956951e-194
1.784074e+00	-2.000000e+02	6.082382e+01	1.000000e-200	3.108090e-05	1.956951e-194
1.792000e+00	-2.000000e+02	6.194411e+01	1.000000e-200	3.165337e-05	1.956951e-194
1.800074e+00	-2.000000e+02	6.310644e+01	1.000000e-200	3.224732e-05	1.956951e-194
1.808000e+00	-2.000000e+02	6.426877e+01	1.000000e-200	3.284127e-05	1.956951e-194
1.816074e+00	-2.000000e+02	6.547472e+01	1.000000e-200	3.345751e-05	1.956951e-194
1.824000e+00	-2.000000e+02	6.668068e+01	1.000000e-200	3.407375e-05	1.956951e-194
1.832074e+00	-2.000000e+02	6.793189e+01	1.000000e-200	3.471312e-05	1.956951e-194
1.840000e+00	-2.000000e+02	6.918310e+01	1.000000e-200	3.535249e-05	1.956951e-194
1.848074e+00	-2.000000e+02	7.048126e+01	1.000000e-200	3.601585e-05	1.956951e-194
1.856000e+00	-2.000000e+02	7.177943e+01	1.000000e-200	3.667921e-05	1.956951e-194
1.864074e+00	-2.000000e+02	7.312631e+01	1.000000e-200	3.736747e-05	1.956951e-194
1.872000e+00	-2.000000e+02	7.447320e+01	1.000000e-200	3.805572e-05	1.956951e-194
1.880074e+00	-2.000000e+02	7.587063e+01	1.000000e-200	3.876981e-05	1.956951e-194
1.888000e+00	-2.000000e+02	7.726806e+01	1.000000e-200	3.948389e-05	1.956951e-194
1.896074e+00	-2.000000e+02	7.871793e+01	1.000000e-200	4.022478e-05	1.956951e-194
1.904000e+00	-2.000000e+02	8.016781e+01	1.000000e-200	4.096566e-05	1.956951e-194
1.912074e+00	-2.000000e+02	8.167209e+01	1.000000e-200	4.173435e-05	1.956951e-194
1.920000e+00	-2.000000e+02	8.317638e+01	1.000000e-200	4.250304e-05	1.956951e-194
1.928074e+00	-2.000000e+02	8.473712e+01	1.000000e-200	4.330057e-05	1.956951e-194
1.936000e+00	-2.000000e+02	8.629785e+01	1.000000e-200	4.409811e-05	1.956951e-194
1.944074e+00	-2.000000e+02	8.791717e+01	1.000000e-200	4.492558e-05	1.956951e-194
1.952000e+00	-2.000000e+02	8.953648e+01	1.000000e-200	4.575304e-05	1.956951e-194
1.960074e+00	-2.000000e+02	9.121656e+01	1.000000e-200	4.661156e-05	1.956951e-194
1.968000e+00	-2.000000e+02	9.289664e+01	1.000000e-200	4.747008e-05	1.956951e-194
1.976074e+00	-2.000000e+02	9.463977e+01	1.000000e-200	4.836082e-05	1.956951e-194
1.984000e+00	-2.000000e+02	9.638290e+01	1.000000e-200	4.925156e-05	1.956951e-194
1.992074e+00	-2.000000e+02	9.819145e+01	1.000000e-200	5.017572e-05	1.956951e-194
2.000000e+00	-2.000000e+02	1.000000e+02	1.000000e-200	5.109989e-05	1.956951e-194
2.008074e+00	-2.000000e+02	1.018764e+02	1.000000e-200	5.205874e-05	1.956951e-194
2.016000e+00	-2.000000e+02	1.037528e+02	1.000000e-200	5.301759e-05	1.956951e-194
2.024074e+00	-2.000000e+02	1.056997e+02	1.000000e-200	5.401242e-05	1.956951e-194
2.032000e+00	-2.000000e+02	1.076465e+02	1.000000e-200	5.500726e-05	1.956951e-194
2.040074e+00	-2.000000e+02	1.096664e+02	1.000000e-200	5.603942e-05	1.956951e-194
2.048000e+00	-2.000000e+02	1.116863e+02	1.000000e-200	5.707159e-05	1.956951e-194
2.056074e+00	-2.000000e+02	1.137820e+02	1.000000e-200	5.814249e-05	1.956951e-194
2.064000e+00	-2.000000e+02	1.158777e+02	1.000000e-200	5.921340e-05	1.956951e-194
2.072074e+00	-2.000000e+02	1.180521e+02	1.000000e-200	6.032449e-05	1.956951e-194
2.080000e+00	-2.000000e+02	1.202264e+02	1.000000e-200	6.143558e-05	1.956951e-194
2.088074e+00	-2.000000e+02	1.224824e+02	1.000000e-200	6.258837e-05	1.956951e-194
2.096000e+00	-2.000000e+02	1.247384e+02	1.000000e-200	6.374116e-05	1.956951e-194
2.104074e+00	-2.000000e+02	1.270790e+02	1.000000e-200	6.493721e-05	1.956951e-194
2.112000e+00	-2.000000e+02	1.294196e+02	1.000000e-200	6.613327e-05	1.956951e-194
2.120074e+00	-2.000000e+02	1.318480e+02	1.000000e-200	6.737420e-05	1.956951e-194
2.128000e+00	-2.000000e+02	1.342765e+02	1.000000e-200	6.861514e-05	1.956951e-194
2.136074e+00	-2.000000e+02	1.367961e+02	1.000000e-200	6.990265e-05	1.956951e-194
2.144000e+00	-2.000000e+02	1.393157e+02	1.000000e-200	7.119016e-05	1.956951e-194
2.152074e+00	-2.000000e+02	1.419298e+02	1.000000e-200	7.252599e-05	1.956951e-194
2.160000e+00	-2.000000e+02	1.445440e+02	1.000000e-200	7.386181e-05	1.956951e-194
2.168074e+00	-2.000000e+02	1.472562e+02	1.000000e-200	7.524777e-05	1.956951e-194
2.176000e+00	-2.000000e+02	1.499685e+02	1.000000e-200	7.663373e-05	1.956951e-194
2.184074e+00	-2.000000e+02	1.527825e+02	1.000000e-200	7.807170e-05	1.956951e-194
2.192000e+00	-2.000000e+02	1.555966e+02	1.000000e-200	7.950967e-05	1.956951e-194
2.200074e+00	-2.000000e+02	1.585162e+02	1.000000e-200	8.100161e-05	1.956951e-194
2.208000e+00	-2.000000e+02	1.614359e+02	1.000000e-200	8.249355e-05	1.956951e-194
2.216074e+00	-2.000000e+02	1.644651e+02	1.000000e-200	8.404147e-05	1.956951e-194
2.224000e+00	-2.000000e+02	1.674943e+02	1.000000e-200	8.558940e-05	1.956951e-194
2.232074e+00	-2.000000e+02	1.706372e+02	1.000000e-200	8.719542e-05	1.956951e-194
2.240000e+00	-2.000000e+02	1.737801e+02	1.000000e-200	8.880143e-05	1.956951e-194
2.248074e+00	-2.000000e+02	1.770409e+02	1.000000e-200	9.046772e-05	1.956951e-194
2.256000e+00	-2.000000e+02	1.803018e+02	1.000000e-200	9.213401e-05	1.956951e-194
2.264074e+00	-2.000000e+02	1.836850e+02	1.000000e-200	9.386283e-05	1.956951e-194
2.272000e+00	-2.000000e+02	1.870682e+02	1.000000e-200	9.559165e-05	1.956951e-194
2.280074e+00	-2.000000e+02	1.905784e+02	1.000000e-200	9.738536e-05	1.956951e-194
2.288000e+00	-2.000000e+02	1.940886e+02	1.000000e-200	9.917906e-05	1.956951e-194
2.296074e+00	-2.000000e+02	1.977305e+02	1.000000e-200	1.010401e-04	1.956951e-194
2.304000e+00	-2.000000e+02	2.013724e+02	1.000000e-200	1.029011e-04	1.956951e-194
2.312074e+00	-2.000000e+02	2.051510e+02	1.000000e-200	1.048319e-04	1.956951e-194
2.320000e+00	-2.000000e+02	2.089296e+02	1.000000e-200	1.067628e-04	1.956951e-194
2.328074e+00	-2.000000e+02	2.128500e+02	1.000000e-200	1.087661e-04	1.956951e-194
2.336000e+00	-2.000000e+02	2.167704e+02	1.000000e-200	1.107694e-04	1.956951e-194
2.344074e+00	-2.000000e+02	2.208379e+02	1.000000e-200	1.128479e-04	1.956951e-194
2.352000e+00	-2.000000e+02	2.249055e+02	1.000000e-200	1.149264e-04	1.956951e-194
2.360074e+00	-2.000000e+02	2.291256e+02	1.000000e-200	1.170829e-04	1.956951e-194
2.368000e+00	-2.000000e+02	2.333458e+02	1.000000e-200	1.192395e-04	1.956951e-194
2.376074e+00	-2.000000e+02	2.377244e+02	1.000000e-200	1.214769e-04	1.956951e-194
2.384000e+00	-2.000000e+02	2.421029e+02	1.000000e-200	1.237143e-04	1.956951e-194
2.392074e+00	-2.000000e+02	2.466458e+02	1.000000e-200	1.260357e-04	1.956951e-194
2.400000e+00	-2.000000e+02	2.511886e+02	1.000000e-200	1.283571e-04	1.956951e-194
2.408074e+00	-2.000000e+02	2.559020e+02	1.000000e-200	1.307656e-04	1.956951e-194
2.416000e+00	-2.000000e+02	2.606154e+02	1.000000e-200	1.331742e-04	1.956951e-194
2.424074e+00	-2.000000e+02	2.655056e+02	1.000000e-200	1.356731e-04	1.956951e-194
2.432000e+00	-2.000000e+02	2.703958e+02	1.000000e-200	1.381720e-04	1.956951e-194
2.440074e+00	-2.000000e+02	2.754696e+02	1.000000e-200	1.407647e-04	1.956951e-194
2.448000e+00	-2.000000e+02	2.805434e+02	1.000000e-200	1.433574e-04	1.956951e-194
2.456074e+00	-2.000000e+02	2.858075e+02	1.000000e-200	1.460473e-04	1.956951e-194
2.464000e+00	-2.000000e+02	2.910717e+02	1.000000e-200	1.487373e-04	1.956951e-194
2.472074e+00	-2.000000e+02	2.965334e+02	1.000000e-200	1.515283e-04	1.956951e-194
2.480000e+00	-2.000000e+02	3.019952e+02	1.000000e-200	1.543192e-04	1.956951e-194
2.488074e+00	-2.000000e+02	3.076619e+02	1.000000e-200	1.572149e-04	1.956951e-194
2.496000e+00	-2.000000e+02	3.133286e+02	1.000000e-200	1.601106e-04	1.956951e-194
2.504074e+00	-2.000000e+02	3.192079e+02	1.000000e-200	1.631149e-04	1.956951e-194
2.512000e+00	-2.000000e+02	3.250873e+02	1.000000e-200	1.661193e-04	1.956951e-194
2.520074e+00	-2.000000e+02	3.311873e+02	1.000000e-200	1.692364e-04	1.956951e-194
2.528000e+00	-2.000000e+02	3.372873e+02	1.000000e-200	1.723534e-04	1.956951e-194
2.536074e+00	-2.000000e+02	3.436162e+02	1.000000e-200	1.755875e-04	1.956951e-194
2.544000e+00	-2.000000e+02	3.499452e+02	1.000000e-200	1.788216e-04	1.956951e-194
2.552074e+00	-2.000000e+02	3.565116e+02	1.000000e-200	1.821770e-04	1.956951e-194
2.560000e+00	-2.000000e+02	3.630781e+02	1.000000e-200	1.855325e-04	1.956951e-194
2.568074e+00	-2.000000e+02	3.698909e+02	1.000000e-200	1.890139e-04	1.956951e-194
2.576000e+00	-2.000000e+02	3.767038e+02	1.000000e-200	1.924952e-04	1.956951e-194
2.584074e+00	-2.000000e+02	3.837723e+02	1.000000e-200	1.961073e-04	1.956951e-194
2.592000e+00	-2.000000e+02	3.908409e+02	1.000000e-200	1.997193e-04	1.956951e-194
2.600074e+00	-2.000000e+02	3.981747e+02	1.000000e-200	2.034668e-04	1.956951e-194
2.608000e+00	-2.000000e+02	4.055085e+02	1.000000e-200	2.072144e-04	1.956951e-194
2.616074e+00	-2.000000e+02	4.131176e+02	1.000000e-200	2.111026e-04	1.956951e-194
2.624000e+00	-2.000000e+02	4.207266e+02	1.000000e-200	2.149908e-04	1.956951e-194
2.632074e+00	-2.000000e+02	4.286212e+02	1.000000e-200	2.190250e-04	1.956951e-194
2.640000e+00	-2.000000e+02	4.365158e+02	1.000000e-200	2.230591e-04	1.956951e-194
2.648074e+00	-2.000000e+02	4.447067e+02	1.000000e-200	2.272446e-04	1.956951e-194
2.656000e+00	-2.000000e+02	4.528976e+02	1.000000e-200	2.314302e-04	1.956951e-194
2.664074e+00	-2.000000e+02	4.613958e+02	1.000000e-200	2.357728e-04	1.956951e-194
2.672000e+00	-2.000000e+02	4.698941e+02	1.000000e-200	2.401154e-04	1.956951e-194
2.680074e+00	-2.000000e+02	4.787113e+02	1.000000e-200	2.446210e-04	1.956951e-194
2.688000e+00	-2.000000e+02	4.875285e+02	1.000000e-200	2.491265e-04	1.956951e-194
2.696074e+00	-2.000000e+02	4.966766e+02	1.000000e-200	2.538012e-04	1.956951e-194
2.704000e+00	-2.000000e+02	5.058247e+02	1.000000e-200	2.584759e-04	1.956951e-194
2.712074e+00	-2.000000e+02	5.153161e+02	1.000000e-200	2.633259e-04	1.956951e-194
2.720000e+00	-2.000000e+02	5.248075e+02	1.000000e-200	2.681760e-04	1.956951e-194
2.728074e+00	-2.000000e+02	5.346551e+02	1.000000e-200	2.732082e-04	1.956951e-194
2.736000e+00	-2.000000e+02	5.445027e+02	1.000000e-200	2.782403e-04	1.956951e-194
2.744074e+00	-2.000000e+02	5.547198e+02	1.000000e-200	2.834612e-04	1.956951e-194
2.752000e+00	-2.000000e+02	5.649370e+02	1.000000e-200	2.886822e-04	1.956951e-194
2.760074e+00	-2.000000e+02	5.755376e+02	1.000000e-200	2.940991e-04	1.956951e-194
2.768000e+00	-2.000000e+02	5.861382e+02	1.000000e-200	2.995160e-04	1.956951e-194
2.776074e+00	-2.000000e+02	5.971366e+02	1.000000e-200	3.051361e-04	1.956951e-194
2.784000e+00	-2.000000e+02	6.081350e+02	1.000000e-200	3.107563e-04	1.956951e-194
2.792074e+00	-2.000000e+02	6.195462e+02	1.000000e-200	3.165874e-04	1.956951e-194
2.800000e+00	-2.000000e+02	6.309573e+02	1.000000e-200	3.224185e-04	1.956951e-194
2.808074e+00	-2.000000e+02	6.427968e+02	1.000000e-200	3.284684e-04	1.956951e-194
2.816000e+00	-2.000000e+02	6.546362e+02	1.000000e-200	3.345184e-04	1.956951e-194
2.824074e+00	-2.000000e+02	6.669199e+02	1.000000e-200	3.407953e-04	1.956951e-194
2.832000e+00	-2.000000e+02	6.792036e+02	1.000000e-200	3.470723e-04	1.956951e-194
2.840074e+00	-2.000000e+02	6.919484e+02	1.000000e-200	3.535849e-04	1.956951e-194
2.848000e+00	-2.000000e+02	7.046931e+02	1.000000e-200	3.600974e-04	1.956951e-194
2.856074e+00	-2.000000e+02	7.179161e+02	1.000000e-200	3.668543e-04	1.956951e-194
2.864000e+00	-2.000000e+02	7.311391e+02	1.000000e-200	3.736113e-04	1.956951e-194
2.872074e+00	-2.000000e+02	7.448583e+02	1.000000e-200	3.806218e-04	1.956951e-194
2.880000e+00	-2.000000e+02	7.585776e+02	1.000000e-200	3.876323e-04	1.956951e-194
2.888074e+00	-2.000000e+02	7.728117e+02	1.000000e-200	3.949059e-04	1.956951e-194
2.896000e+00	-2.000000e+02	7.870458e+02	1.000000e-200	4.021795e-04	1.956951e-194
2.904074e+00	-2.000000e+02	8.018141e+02	1.000000e-200	4.097261e-04	1.956951e-194
2.912000e+00	-2.000000e+02	8.165824e+02	1.000000e-200	4.172727e-04	1.956951e-194
2.920074e+00	-2.000000e+02	8.319049e+02	1.000000e-200	4.251025e-04	1.956951e-194
2.928000e+00	-2.000000e+02	8.472274e+02	1.000000e-200	4.329323e-04	1.956951e-194
2.936074e+00	-2.000000e+02	8.631250e+02	1.000000e-200	4.410559e-04	1.956951e-194
2.944000e+00	-2.000000e+02	8.790225e+02	1.000000e-200	4.491795e-04	1.956951e-194
2.952074e+00	-2.000000e+02	8.955167e+02	1.000000e-200	4.576080e-04	1.956951e-194
2.960000e+00	-2.000000e+02	9.120108e+02	1.000000e-200	4.660365e-04	1.956951e-194
2.968074e+00	-2.000000e+02	9.291240e+02	1.000000e-200	4.747814e-04	1.956951e-194
2.976000e+00	-2.000000e+02	9.462372e+02	1.000000e-200	4.835262e-04	1.956951e-194
2.984074e+00	-2.000000e+02	9.639926e+02	1.000000e-200	4.925991e-04	1.956951e-194
2.992000e+00	-2.000000e+02	9.817479e+02	1.000000e-200	5.016721e-04	1.956951e-194
3.000074e+00	-2.000000e+02	1.000170e+03	1.000000e-200	5.110856e-04	1.956951e-194
3.008000e+00	-2.000000e+02	1.018591e+03	1.000000e-200	5.204991e-04	1.956951e-194
3.016074e+00	-2.000000e+02	1.037704e+03	1.000000e-200	5.302658e-04	1.956951e-194
3.024000e+00	-2.000000e+02	1.056818e+03	1.000000e-200	5.400326e-04	1.956951e-194
3.032074e+00	-2.000000e+02	1.076648e+03	1.000000e-200	5.501659e-04	1.956951e-194
3.040000e+00	-2.000000e+02	1.096478e+03	1.000000e-200	5.602992e-04	1.956951e-194
3.048074e+00	-2.000000e+02	1.117053e+03	1.000000e-200	5.708127e-04	1.956951e-194
3.056000e+00	-2.000000e+02	1.137627e+03	1.000000e-200	5.813263e-04	1.956951e-194
3.064074e+00	-2.000000e+02	1.158974e+03	1.000000e-200	5.922344e-04	1.956951e-194
3.072000e+00	-2.000000e+02	1.180321e+03	1.000000e-200	6.031426e-04	1.956951e-194
3.080074e+00	-2.000000e+02	1.202468e+03	1.000000e-200	6.144601e-04	1.956951e-194
3.088000e+00	-2.000000e+02	1.224616e+03	1.000000e-200	6.257775e-04	1.956951e-194
3.096074e+00	-2.000000e+02	1.247595e+03	1.000000e-200	6.375198e-04	1.956951e-194
3.104000e+00	-2.000000e+02	1.270574e+03	1.000000e-200	6.492620e-04	1.956951e-194
3.112074e+00	-2.000000e+02	1.294415e+03	1.000000e-200	6.614449e-04	1.956951e-194
3.120000e+00	-2.000000e+02	1.318257e+03	1.000000e-200	6.736278e-04	1.956951e-194
3.128074e+00	-2.000000e+02	1.342993e+03	1.000000e-200	6.862678e-04	1.956951e-194
3.136000e+00	-6.393609e+00	1.367729e+03	4.040089e-07	6.989079e-04	7.906258e-01
3.144074e+00	-6.411228e+00	1.393393e+03	3.879465e-07	7.120224e-04	7.591924e-01
3.152000e+00	-6.428526e+00	1.419058e+03	3.727986e-07	7.251368e-04	7.295488e-01
3.160074e+00	-6.446145e+00	1.445685e+03	3.579771e-07	7.387435e-04	7.005437e-01
3.168000e+00	-6.463442e+00	1.472313e+03	3.439994e-07	7.523501e-04	6.731901e-01
3.176074e+00	-6.481061e+00	1.499939e+03	3.303228e-07	7.664673e-04	6.464257e-01
3.184000e+00	-6.498359e+00	1.527566e+03	3.174250e-07	7.805846e-04	6.211852e-01
3.192074e+00	-6.515978e+00	1.556230e+03	3.048049e-07	7.952316e-04	5.964884e-01
3.200000e+00	-6.533276e+00	1.584893e+03	2.929034e-07	8.098787e-04	5.731978e-01
3.208074e+00	-6.550895e+00	1.614632e+03	2.812583e-07	8.250754e-04	5.504088e-01
3.216000e+00	-6.568192e+00	1.644372e+03	2.702762e-07	8.402722e-04	5.289174e-01
3.224074e+00	-6.585811e+00	1.675227e+03	2.595307e-07	8.560392e-04	5.078890e-01
3.232000e+00	-6.603109e+00	1.706082e+03	2.493970e-07	8.718062e-04	4.880578e-01
3.240074e+00	-6.620728e+00	1.738096e+03	2.394816e-07	8.881650e-04	4.686538e-01
3.248000e+00	-6.638025e+00	1.770109e+03	2.301307e-07	9.045237e-04	4.503546e-01
3.256074e+00	-6.655644e+00	1.803324e+03	2.209813e-07	9.214964e-04	4.324496e-01
3.264000e+00	-6.672942e+00	1.836538e+03	2.123528e-07	9.384691e-04	4.155641e-01
3.272074e+00	-6.690561e+00	1.871000e+03	2.039102e-07	9.560787e-04	3.990423e-01
3.280000e+00	-6.707859e+00	1.905461e+03	1.959482e-07	9.736883e-04	3.834612e-01
3.288074e+00	-6.725478e+00	1.941215e+03	1.881578e-07	9.919588e-04	3.682157e-01
3.296000e+00	-6.742775e+00	1.976970e+03	1.808110e-07	1.010229e-03	3.538382e-01
3.304074e+00	-6.760394e+00	2.014066e+03	1.736224e-07	1.029185e-03	3.397705e-01
3.312000e+00	-6.777692e+00	2.051162e+03	1.668431e-07	1.048142e-03	3.265037e-01
3.320074e+00	-6.795311e+00	2.089651e+03	1.602098e-07	1.067809e-03	3.135228e-01
3.328000e+00	-6.812608e+00	2.128139e+03	1.539542e-07	1.087477e-03	3.012809e-01
3.336074e+00	-6.830228e+00	2.168072e+03	1.478333e-07	1.107882e-03	2.893027e-01
3.344000e+00	-6.847525e+00	2.208005e+03	1.420610e-07	1.128288e-03	2.780065e-01
3.352074e+00	-6.865144e+00	2.249436e+03	1.364130e-07	1.149459e-03	2.669536e-01
3.360000e+00	-6.882442e+00	2.290868e+03	1.310866e-07	1.170631e-03	2.565301e-01
3.368074e+00	-6.900061e+00	2.333854e+03	1.258749e-07	1.192597e-03	2.463311e-01
3.376000e+00	-6.917358e+00	2.376840e+03	1.209600e-07	1.214563e-03	2.367128e-01
3.384074e+00	-6.934977e+00	2.421440e+03	1.161509e-07	1.237353e-03	2.273016e-01
3.392000e+00	-6.952275e+00	2.466039e+03	1.116156e-07	1.260143e-03	2.184264e-01
3.400074e+00	-6.969894e+00	2.512313e+03	1.071781e-07	1.283789e-03	2.097423e-01
3.408000e+00	-6.987192e+00	2.558586e+03	1.029932e-07	1.307435e-03	2.015526e-01
3.416074e+00	-7.004811e+00	2.606596e+03	9.889841e-08	1.331968e-03	1.935394e-01
3.424000e+00	-7.022108e+00	2.654606e+03	9.503680e-08	1.356501e-03	1.859824e-01
3.432074e+00	-7.039727e+00	2.704417e+03	9.125837e-08	1.381954e-03	1.785882e-01
3.440000e+00	-7.057025e+00	2.754229e+03	8.769507e-08	1.407408e-03	1.716150e-01
3.448074e+00	-7.074644e+00	2.805910e+03	8.420853e-08	1.433817e-03	1.647920e-01
3.456000e+00	-7.091941e+00	2.857591e+03	8.092050e-08	1.460226e-03	1.583575e-01
3.464074e+00	-7.109561e+00	2.911211e+03	7.770330e-08	1.487626e-03	1.520616e-01
3.472000e+00	-7.126858e+00	2.964831e+03	7.466928e-08	1.515026e-03	1.461241e-01
3.480074e+00	-7.144477e+00	3.020464e+03	7.170061e-08	1.543454e-03	1.403146e-01
3.488000e+00	-7.161775e+00	3.076097e+03	6.890097e-08	1.571882e-03	1.348358e-01
3.496074e+00	-7.179394e+00	3.133817e+03	6.616163e-08	1.601377e-03	1.294751e-01
3.504000e+00	-7.196691e+00	3.191538e+03	6.357827e-08	1.630872e-03	1.244196e-01
3.512074e+00	-7.214310e+00	3.251425e+03	6.105055e-08	1.661474e-03	1.194730e-01
3.520000e+00	-7.231608e+00	3.311311e+03	5.866676e-08	1.692076e-03	1.148080e-01
3.528074e+00	-7.249227e+00	3.373445e+03	5.633431e-08	1.723827e-03	1.102435e-01
3.536000e+00	-7.266525e+00	3.435579e+03	5.413467e-08	1.755577e-03	1.059389e-01
3.544074e+00	-7.284144e+00	3.500045e+03	5.198241e-08	1.788519e-03	1.017270e-01
3.552000e+00	-7.301441e+00	3.564511e+03	4.995269e-08	1.821461e-03	9.775498e-02
3.560074e+00	-7.319060e+00	3.631397e+03	4.796669e-08	1.855640e-03	9.386848e-02
3.568000e+00	-7.336358e+00	3.698282e+03	4.609377e-08	1.889818e-03	9.020327e-02
3.576074e+00	-7.353977e+00	3.767677e+03	4.426120e-08	1.925279e-03	8.661700e-02
3.584000e+00	-7.371274e+00	3.837072e+03	4.253296e-08	1.960740e-03	8.323493e-02
3.592074e+00	-7.388893e+00	3.909072e+03	4.084195e-08	1.997532e-03	7.992572e-02
3.600000e+00	-7.406191e+00	3.981072e+03	3.924723e-08	2.034323e-03	7.680492e-02
3.608074e+00	-7.423810e+00	4.055773e+03	3.768686e-08	2.072496e-03	7.375134e-02
3.616000e+00	-7.441108e+00	4.130475e+03	3.621532e-08	2.110668e-03	7.087163e-02
3.624074e+00	-7.458727e+00	4.207980e+03	3.477549e-08	2.150273e-03	6.805395e-02
3.632000e+00	-7.476024e+00	4.285485e+03	3.341764e-08	2.189878e-03	6.539669e-02
3.640074e+00	-7.493643e+00	4.365899e+03	3.208904e-08	2.230970e-03	6.279668e-02
3.648000e+00	-7.510941e+00	4.446313e+03	3.083608e-08	2.272061e-03	6.034470e-02
3.656074e+00	-7.528560e+00	4.529744e+03	2.961011e-08	2.314694e-03	5.794555e-02
3.664000e+00	-7.545857e+00	4.613176e+03	2.845395e-08	2.357328e-03	5.568299e-02
3.672074e+00	-7.563477e+00	4.699738e+03	2.732269e-08	2.401561e-03	5.346917e-02
3.680000e+00	-7.580774e+00	4.786301e+03	2.625584e-08	2.445795e-03	5.138140e-02
3.688074e+00	-7.598393e+00	4.876112e+03	2.521197e-08	2.491688e-03	4.933860e-02
3.696000e+00	-7.615691e+00	4.965923e+03	2.422754e-08	2.537581e-03	4.741211e-02
3.704074e+00	-7.633310e+00	5.059105e+03	2.326431e-08	2.585197e-03	4.552712e-02
3.712000e+00	-7.650607e+00	5.152286e+03	2.235593e-08	2.632813e-03	4.374946e-02
3.720074e+00	-7.668226e+00	5.248965e+03	2.146711e-08	2.682215e-03	4.201009e-02
3.728000e+00	-7.685524e+00	5.345644e+03	2.062890e-08	2.731618e-03	4.036975e-02
3.736074e+00	-7.703143e+00	5.445950e+03	1.980874e-08	2.782875e-03	3.876475e-02
3.744000e+00	-7.720441e+00	5.546257e+03	1.903529e-08	2.834131e-03	3.725113e-02
3.752074e+00	-7.738060e+00	5.650328e+03	1.827849e-08	2.887312e-03	3.577012e-02
3.760000e+00	-7.755357e+00	5.754399e+03	1.756478e-08	2.940492e-03	3.437343e-02
3.768074e+00	-7.772976e+00	5.862376e+03	1.686645e-08	2.995668e-03	3.300682e-02
3.776000e+00	-7.790274e+00	5.970353e+03	1.620788e-08	3.050844e-03	3.171803e-02
3.784074e+00	-7.807893e+00	6.082382e+03	1.556349e-08	3.108090e-03	3.045700e-02
3.792000e+00	-7.825190e+00	6.194411e+03	1.495580e-08	3.165337e-03	2.926777e-02
3.800074e+00	-7.842810e+00	6.310644e+03	1.436119e-08	3.224732e-03	2.810415e-02
3.808000e+00	-7.860107e+00	6.426877e+03	1.380044e-08	3.284127e-03	2.700679e-02
3.816074e+00	-7.877726e+00	6.547472e+03	1.325177e-08	3.345751e-03	2.593307e-02
3.824000e+00	-7.895024e+00	6.668068e+03	1.273434e-08	3.407375e-03	2.492048e-02
3.832074e+00	-7.912643e+00	6.793189e+03	1.222805e-08	3.471312e-03	2.392970e-02
3.840000e+00	-7.929940e+00	6.918310e+03	1.175059e-08	3.535249e-03	2.299534e-02
3.848074e+00	-7.947559e+00	7.048126e+03	1.128342e-08	3.601585e-03	2.208110e-02
3.856000e+00	-7.964857e+00	7.177943e+03	1.084284e-08	3.667921e-03	2.121891e-02
3.864074e+00	-7.982476e+00	7.312631e+03	1.041176e-08	3.736747e-03	2.037530e-02
3.872000e+00	-7.999774e+00	7.447320e+03	1.000522e-08	3.805572e-03	1.957972e-02
3.880074e+00	-8.017393e+00	7.587063e+03	9.607433e-09	3.876981e-03	1.880128e-02
3.888000e+00	-8.034690e+00	7.726806e+03	9.232299e-09	3.948389e-03	1.806716e-02
3.896074e+00	-8.052309e+00	7.871793e+03	8.865245e-09	4.022478e-03	1.734885e-02
3.904000e+00	-8.069607e+00	8.016781e+03	8.519091e-09	4.096566e-03	1.667145e-02
3.912074e+00	-8.087226e+00	8.167209e+03	8.180393e-09	4.173435e-03	1.600863e-02
3.920000e+00	-8.104523e+00	8.317638e+03	7.860979e-09	4.250304e-03	1.538355e-02
3.928074e+00	-8.122142e+00	8.473712e+03	7.548446e-09	4.330057e-03	1.477194e-02
3.936000e+00	-8.139440e+00	8.629785e+03	7.253707e-09	4.409811e-03	1.419515e-02
3.944074e+00	-8.157059e+00	8.791717e+03	6.965317e-09	4.492558e-03	1.363079e-02
3.952000e+00	-8.174357e+00	8.953648e+03	6.693348e-09	4.575304e-03	1.309856e-02
3.960074e+00	-8.191976e+00	9.121656e+03	6.427237e-09	4.661156e-03	1.257779e-02
3.968000e+00	-8.209273e+00	9.289664e+03	6.176277e-09	4.747008e-03	1.208667e-02
3.976074e+00	-8.226892e+00	9.463977e+03	5.930723e-09	4.836082e-03	1.160614e-02
3.984000e+00	-8.244190e+00	9.638290e+03	5.699151e-09	4.925156e-03	1.115296e-02
3.992074e+00	-8.261809e+00	9.819145e+03	5.472567e-09	5.017572e-03	1.070955e-02
4.000000e+00	-8.279106e+00	1.000000e+04	5.258883e-09	5.109989e-03	1.029138e-02
4.008074e+00	-8.296726e+00	1.018764e+04	5.049803e-09	5.205874e-03	9.882219e-03
4.016000e+00	-8.314023e+00	1.037528e+04	4.852627e-09	5.301759e-03	9.496355e-03
4.024074e+00	-8.331642e+00	1.056997e+04	4.659698e-09	5.401242e-03	9.118803e-03
4.032000e+00	-8.348940e+00	1.076465e+04	4.477755e-09	5.500726e-03	8.762748e-03
4.040074e+00	-8.366559e+00	1.096664e+04	4.299730e-09	5.603942e-03	8.414363e-03
4.048000e+00	-8.383856e+00	1.116863e+04	4.131842e-09	5.707159e-03	8.085813e-03
4.056074e+00	-8.401475e+00	1.137820e+04	3.967570e-09	5.814249e-03	7.764341e-03
4.064000e+00	-8.418773e+00	1.158777e+04	3.812651e-09	5.921340e-03	7.461173e-03
4.072074e+00	-8.436392e+00	1.180521e+04	3.661069e-09	6.032449e-03	7.164535e-03
4.080000e+00	-8.453690e+00	1.202264e+04	3.518118e-09	6.143558e-03	6.884786e-03
4.088074e+00	-8.471309e+00	1.224824e+04	3.378247e-09	6.258837e-03	6.611064e-03
4.096000e+00	-8.488606e+00	1.247384e+04	3.246339e-09	6.374116e-03	6.352927e-03
4.104074e+00	-8.506225e+00	1.270790e+04	3.117272e-09	6.493721e-03	6.100350e-03
4.112000e+00	-8.523523e+00	1.294196e+04	2.995554e-09	6.613327e-03	5.862154e-03
4.120074e+00	-8.541142e+00	1.318480e+04	2.876458e-09	6.737420e-03	5.629089e-03
4.128000e+00	-8.558439e+00	1.342765e+04	2.764143e-09	6.861514e-03	5.409294e-03
4.136074e+00	-8.576059e+00	1.367961e+04	2.654248e-09	6.990265e-03	5.194234e-03
4.144000e+00	-8.593356e+00	1.393157e+04	2.550609e-09	7.119016e-03	4.991419e-03
4.152074e+00	-8.610975e+00	1.419298e+04	2.449203e-09	7.252599e-03	4.792972e-03
4.160000e+00	-8.628273e+00	1.445440e+04	2.353571e-09	7.386181e-03	4.605824e-03
4.168074e+00	-8.645892e+00	1.472562e+04	2.259999e-09	7.524777e-03	4.422708e-03
4.176000e+00	-8.663189e+00	1.499685e+04	2.171754e-09	7.663373e-03	4.250018e-03
4.184074e+00	-8.680808e+00	1.527825e+04	2.085411e-09	7.807170e-03	4.081048e-03
4.192000e+00	-8.698106e+00	1.555966e+04	2.003983e-09	7.950967e-03	3.921698e-03
4.200074e+00	-8.715725e+00	1.585162e+04	1.924310e-09	8.100161e-03	3.765781e-03
4.208000e+00	-8.733023e+00	1.614359e+04	1.849173e-09	8.249355e-03	3.618741e-03
4.216074e+00	-8.750642e+00	1.644651e+04	1.775654e-09	8.404147e-03	3.474869e-03
4.224000e+00	-8.767939e+00	1.674943e+04	1.706322e-09	8.558940e-03	3.339188e-03
4.232074e+00	-8.785558e+00	1.706372e+04	1.638482e-09	8.719542e-03	3.206430e-03
4.240000e+00	-8.802856e+00	1.737801e+04	1.574506e-09	8.880143e-03	3.081231e-03
4.248074e+00	-8.820475e+00	1.770409e+04	1.511907e-09	9.046772e-03	2.958729e-03
4.256000e+00	-8.837772e+00	1.803018e+04	1.452873e-09	9.213401e-03	2.843202e-03
4.264074e+00	-8.855391e+00	1.836850e+04	1.395110e-09	9.386283e-03	2.730163e-03
4.272000e+00	-8.872689e+00	1.870682e+04	1.340636e-09	9.559165e-03	2.623560e-03
4.280074e+00	-8.890308e+00	1.905784e+04	1.287336e-09	9.738536e-03	2.519254e-03
4.288000e+00	-8.907606e+00	1.940886e+04	1.237070e-09	9.917906e-03	2.420886e-03
4.296074e+00	-8.925225e+00	1.977305e+04	1.187887e-09	1.010401e-02	2.324638e-03
4.304000e+00	-8.942522e+00	2.013724e+04	1.141505e-09	1.029011e-02	2.233870e-03
4.312074e+00	-8.960141e+00	2.051510e+04	1.096121e-09	1.048319e-02	2.145056e-03
4.320000e+00	-8.977439e+00	2.089296e+04	1.053322e-09	1.067628e-02	2.061300e-03
4.328074e+00	-8.995058e+00	2.128500e+04	1.011445e-09	1.087661e-02	1.979348e-03
4.336000e+00	-9.012355e+00	2.167704e+04	9.719514e-10	1.107694e-02	1.902062e-03
4.344074e+00	-9.029975e+00	2.208379e+04	9.333090e-10	1.128479e-02	1.826440e-03
4.352000e+00	-9.047272e+00	2.249055e+04	8.968667e-10	1.149264e-02	1.755125e-03
4.360074e+00	-9.064891e+00	2.291256e+04	8.612095e-10	1.170829e-02	1.685345e-03
4.368000e+00	-9.082189e+00	2.333458e+04	8.275825e-10	1.192395e-02	1.619539e-03
4.376074e+00	-9.099808e+00	2.377244e+04	7.946799e-10	1.214769e-02	1.555150e-03
4.384000e+00	-9.117105e+00	2.421029e+04	7.636506e-10	1.237143e-02	1.494427e-03
4.392074e+00	-9.134724e+00	2.466458e+04	7.332897e-10	1.260357e-02	1.435012e-03
4.400000e+00	-9.152022e+00	2.511886e+04	7.046575e-10	1.283571e-02	1.378980e-03
4.408074e+00	-9.169641e+00	2.559020e+04	6.766420e-10	1.307656e-02	1.324156e-03
4.416000e+00	-9.186939e+00	2.606154e+04	6.502217e-10	1.331742e-02	1.272452e-03
4.424074e+00	-9.204558e+00	2.655056e+04	6.243705e-10	1.356731e-02	1.221863e-03
4.432000e+00	-9.221855e+00	2.703958e+04	5.999911e-10	1.381720e-02	1.174153e-03
4.440074e+00	-9.239474e+00	2.754696e+04	5.761370e-10	1.407647e-02	1.127472e-03
4.448000e+00	-9.256772e+00	2.805434e+04	5.536410e-10	1.433574e-02	1.083448e-03
4.456074e+00	-9.274391e+00	2.858075e+04	5.316295e-10	1.460473e-02	1.040373e-03
4.464000e+00	-9.291688e+00	2.910717e+04	5.108714e-10	1.487373e-02	9.997505e-04
4.472074e+00	-9.309308e+00	2.965334e+04	4.905604e-10	1.515283e-02	9.600028e-04
4.480000e+00	-9.326605e+00	3.019952e+04	4.714059e-10	1.543192e-02	9.225183e-04
4.488074e+00	-9.344224e+00	3.076619e+04	4.526639e-10	1.572149e-02	8.858413e-04
4.496000e+00	-9.361522e+00	3.133286e+04	4.349891e-10	1.601106e-02	8.512525e-04
4.504074e+00	-9.379141e+00	3.192079e+04	4.176950e-10	1.631149e-02	8.174087e-04
4.512000e+00	-9.396438e+00	3.250873e+04	4.013856e-10	1.661193e-02	7.854920e-04
4.520074e+00	-9.414057e+00	3.311873e+04	3.854274e-10	1.692364e-02	7.542628e-04
4.528000e+00	-9.431355e+00	3.372873e+04	3.703779e-10	1.723534e-02	7.248116e-04
4.536074e+00	-9.448974e+00	3.436162e+04	3.556526e-10	1.755875e-02	6.959949e-04
4.544000e+00	-9.466272e+00	3.499452e+04	3.417657e-10	1.788216e-02	6.688189e-04
4.552074e+00	-9.483891e+00	3.565116e+04	3.281780e-10	1.821770e-02	6.422283e-04
4.560000e+00	-9.501188e+00	3.630781e+04	3.153638e-10	1.855325e-02	6.171517e-04
4.568074e+00	-9.518807e+00	3.698909e+04	3.028257e-10	1.890139e-02	5.926152e-04
4.576000e+00	-9.536105e+00	3.767038e+04	2.910015e-10	1.924952e-02	5.694758e-04
4.584074e+00	-9.553724e+00	3.837723e+04	2.794320e-10	1.961073e-02	5.468349e-04
4.592000e+00	-9.571021e+00	3.908409e+04	2.685212e-10	1.997193e-02	5.254830e-04
4.600074e+00	-9.588640e+00	3.981747e+04	2.578455e-10	2.034668e-02	5.045911e-04
4.608000e+00	-9.605938e+00	4.055085e+04	2.477776e-10	2.072144e-02	4.848887e-04
4.616074e+00	-9.623557e+00	4.131176e+04	2.379266e-10	2.111026e-02	4.656107e-04
4.624000e+00	-9.640855e+00	4.207266e+04	2.286364e-10	2.149908e-02	4.474303e-04
4.632074e+00	-9.658474e+00	4.286212e+04	2.195464e-10	2.190250e-02	4.296416e-04
4.640000e+00	-9.675771e+00	4.365158e+04	2.109739e-10	2.230591e-02	4.128657e-04
4.648074e+00	-9.693390e+00	4.447067e+04	2.025861e-10	2.272446e-02	3.964512e-04
4.656000e+00	-9.710688e+00	4.528976e+04	1.946759e-10	2.314302e-02	3.809712e-04
4.664074e+00	-9.728307e+00	4.613958e+04	1.869361e-10	2.357728e-02	3.658248e-04
4.672000e+00	-9.745604e+00	4.698941e+04	1.796369e-10	2.401154e-02	3.515407e-04
4.680074e+00	-9.763224e+00	4.787113e+04	1.724950e-10	2.446210e-02	3.375643e-04
4.688000e+00	-9.780521e+00	4.875285e+04	1.657597e-10	2.491265e-02	3.243836e-04
4.696074e+00	-9.798140e+00	4.966766e+04	1.591695e-10	2.538012e-02	3.114870e-04
4.704000e+00	-9.815438e+00	5.058247e+04	1.529545e-10	2.584759e-02	2.993245e-04
4.712074e+00	-9.833057e+00	5.153161e+04	1.468734e-10	2.633259e-02	2.874241e-04
4.720000e+00	-9.850354e+00	5.248075e+04	1.411386e-10	2.681760e-02	2.762013e-04
4.728074e+00	-9.867973e+00	5.346551e+04	1.355272e-10	2.732082e-02	2.652202e-04
4.736000e+00	-9.885271e+00	5.445027e+04	1.302354e-10	2.782403e-02	2.548644e-04
4.744074e+00	-9.902890e+00	5.547198e+04	1.250576e-10	2.834612e-02	2.447316e-04
4.752000e+00	-9.920188e+00	5.649370e+04	1.201745e-10	2.886822e-02	2.351757e-04
4.760074e+00	-9.937807e+00	5.755376e+04	1.153967e-10	2.940991e-02	2.258257e-04
4.768000e+00	-9.955104e+00	5.861382e+04	1.108909e-10	2.995160e-02	2.170081e-04
4.776074e+00	-9.972723e+00	5.971366e+04	1.064821e-10	3.051361e-02	2.083804e-04
4.784000e+00	-9.990021e+00	6.081350e+04	1.023244e-10	3.107563e-02	2.002439e-04
4.792074e+00	-1.000764e+01	6.195462e+04	9.825624e-11	3.165874e-02	1.922827e-04
4.800000e+00	-1.002494e+01	6.309573e+04	9.441970e-11	3.224185e-02	1.847748e-04
4.808074e+00	-1.004256e+01	6.427968e+04	9.066580e-11	3.284684e-02	1.774286e-04
4.816000e+00	-1.005985e+01	6.546362e+04	8.712564e-11	3.345184e-02	1.705006e-04
4.824074e+00	-1.007747e+01	6.669199e+04	8.366174e-11	3.407953e-02	1.637220e-04
4.832000e+00	-1.009477e+01	6.792036e+04	8.039506e-11	3.470723e-02	1.573292e-04
4.840074e+00	-1.011239e+01	6.919484e+04	7.719875e-11	3.535849e-02	1.510742e-04
4.848000e+00	-1.012969e+01	7.046931e+04	7.418443e-11	3.600974e-02	1.451753e-04
4.856074e+00	-1.014731e+01	7.179161e+04	7.123504e-11	3.668543e-02	1.394035e-04
4.864000e+00	-1.016460e+01	7.311391e+04	6.845357e-11	3.736113e-02	1.339603e-04
4.872074e+00	-1.018222e+01	7.448583e+04	6.573203e-11	3.806218e-02	1.286344e-04
4.880000e+00	-1.019952e+01	7.585776e+04	6.316544e-11	3.876323e-02	1.236117e-04
4.888074e+00	-1.022718e+01	7.728117e+04	5.926740e-11	3.949059e-02	1.159834e-04
4.896000e+00	-1.025493e+01	7.870458e+04	5.559987e-11	4.021795e-02	1.088062e-04
4.904074e+00	-1.028318e+01	8.018141e+04	5.209738e-11	4.097261e-02	1.019520e-04
4.912000e+00	-1.031093e+01	8.165824e+04	4.887354e-11	4.172727e-02	9.564313e-05
4.920074e+00	-1.033918e+01	8.319049e+04	4.579477e-11	4.251025e-02	8.961814e-05
4.928000e+00	-1.036693e+01	8.472274e+04	4.296094e-11	4.329323e-02	8.407247e-05
4.936074e+00	-1.039518e+01	8.631250e+04	4.025463e-11	4.410559e-02	7.877636e-05
4.944000e+00	-1.042293e+01	8.790225e+04	3.776363e-11	4.491795e-02	7.390159e-05
4.952074e+00	-1.045118e+01	8.955167e+04	3.538473e-11	4.576080e-02	6.924620e-05
4.960000e+00	-1.047893e+01	9.120108e+04	3.319508e-11	4.660365e-02	6.496116e-05
4.968074e+00	-1.050718e+01	9.291240e+04	3.110397e-11	4.747814e-02	6.086896e-05
4.976000e+00	-1.053493e+01	9.462372e+04	2.917923e-11	4.835262e-02	5.710232e-05
4.984074e+00	-1.056318e+01	9.639926e+04	2.734109e-11	4.925991e-02	5.350519e-05
4.992000e+00	-1.059093e+01	9.817479e+04	2.564920e-11	5.016721e-02	5.019423e-05
5.000074e+00	-1.061918e+01	1.000170e+05	2.403344e-11	5.110856e-02	4.703227e-05
5.008000e+00	-1.064693e+01	1.018591e+05	2.254622e-11	5.204991e-02	4.412186e-05
5.016074e+00	-1.067518e+01	1.037704e+05	2.112593e-11	5.302658e-02	4.134242e-05
5.024000e+00	-1.070293e+01	1.056818e+05	1.981864e-11	5.400326e-02	3.878411e-05
5.032074e+00	-1.073118e+01	1.076648e+05	1.857017e-11	5.501659e-02	3.634092e-05
5.040000e+00	-1.075893e+01	1.096478e+05	1.742103e-11	5.602992e-02	3.409210e-05
5.048074e+00	-1.078718e+01	1.117053e+05	1.632360e-11	5.708127e-02	3.194449e-05
5.056000e+00	-1.081493e+01	1.137627e+05	1.531348e-11	5.813263e-02	2.996773e-05
5.064074e+00	-1.084318e+01	1.158974e+05	1.434881e-11	5.922344e-02	2.807992e-05
5.072000e+00	-1.087093e+01	1.180321e+05	1.346089e-11	6.031426e-02	2.634231e-05
5.080074e+00	-1.089918e+01	1.202468e+05	1.261293e-11	6.144601e-02	2.468288e-05
5.088000e+00	-1.092693e+01	1.224616e+05	1.183243e-11	6.257775e-02	2.315548e-05
5.096074e+00	-1.095518e+01	1.247595e+05	1.108705e-11	6.375198e-02	2.169681e-05
5.104000e+00	-1.098293e+01	1.270574e+05	1.040097e-11	6.492620e-02	2.035419e-05
5.112074e+00	-1.101118e+01	1.294415e+05	9.745764e-12	6.614449e-02	1.907199e-05
5.120000e+00	-1.103893e+01	1.318257e+05	9.142685e-12	6.736278e-02	1.789179e-05
5.128074e+00	-1.106718e+01	1.342993e+05	8.566746e-12	6.862678e-02	1.676470e-05
5.136000e+00	-1.109493e+01	1.367729e+05	8.036626e-12	6.989079e-02	1.572729e-05
5.144074e+00	-1.112318e+01	1.393393e+05	7.530363e-12	7.120224e-02	1.473655e-05
5.152000e+00	-1.115093e+01	1.419058e+05	7.064375e-12	7.251368e-02	1.382464e-05
5.160074e+00	-1.117918e+01	1.445685e+05	6.619358e-12	7.387435e-02	1.295376e-05
5.168000e+00	-1.120693e+01	1.472313e+05	6.209745e-12	7.523501e-02	1.215217e-05
5.176074e+00	-1.123518e+01	1.499939e+05	5.818565e-12	7.664673e-02	1.138665e-05
5.184000e+00	-1.126293e+01	1.527566e+05	5.458506e-12	7.805846e-02	1.068203e-05
5.192074e+00	-1.129118e+01	1.556230e+05	5.114650e-12	7.952316e-02	1.000912e-05
5.200000e+00	-1.131893e+01	1.584893e+05	4.798149e-12	8.098787e-02	9.389745e-06
5.208074e+00	-1.134718e+01	1.614632e+05	4.495892e-12	8.250754e-02	8.798242e-06
5.216000e+00	-1.137493e+01	1.644372e+05	4.217681e-12	8.402722e-02	8.253797e-06
5.224074e+00	-1.140318e+01	1.675227e+05	3.951990e-12	8.560392e-02	7.733853e-06
5.232000e+00	-1.143093e+01	1.706082e+05	3.707437e-12	8.718062e-02	7.255274e-06
5.240074e+00	-1.145918e+01	1.738096e+05	3.473889e-12	8.881650e-02	6.798231e-06
5.248000e+00	-1.148693e+01	1.770109e+05	3.258920e-12	9.045237e-02	6.377549e-06
5.256074e+00	-1.151518e+01	1.803324e+05	3.053626e-12	9.214964e-02	5.975798e-06
5.264000e+00	-1.154293e+01	1.836538e+05	2.864664e-12	9.384691e-02	5.606009e-06
5.272074e+00	-1.157118e+01	1.871000e+05	2.684206e-12	9.560787e-02	5.252861e-06
5.280000e+00	-1.159893e+01	1.905461e+05	2.518105e-12	9.736883e-02	4.927808e-06
5.288074e+00	-1.162718e+01	1.941215e+05	2.359478e-12	9.919588e-02	4.617383e-06
5.296000e+00	-1.165493e+01	1.976970e+05	2.213471e-12	1.010229e-01	4.331654e-06
5.304074e+00	-1.168318e+01	2.014066e+05	2.074034e-12	1.029185e-01	4.058784e-06
5.312000e+00	-1.171093e+01	2.051162e+05	1.945691e-12	1.048142e-01	3.807622e-06
5.320074e+00	-1.173918e+01	2.089651e+05	1.823123e-12	1.067809e-01	3.567762e-06
5.328000e+00	-1.176693e+01	2.128139e+05	1.710306e-12	1.087477e-01	3.346985e-06
5.336074e+00	-1.179518e+01	2.168072e+05	1.602566e-12	1.107882e-01	3.136143e-06
5.344000e+00	-1.182293e+01	2.208005e+05	1.503397e-12	1.128288e-01	2.942075e-06
5.352074e+00	-1.185118e+01	2.249436e+05	1.408691e-12	1.149459e-01	2.756741e-06
5.360000e+00	-1.187893e+01	2.290868e+05	1.321520e-12	1.170631e-01	2.586150e-06
5.368074e+00	-1.190718e+01	2.333854e+05	1.238272e-12	1.192597e-01	2.423237e-06
5.376000e+00	-1.193493e+01	2.376840e+05	1.161646e-12	1.214563e-01	2.273284e-06
5.384074e+00	-1.196318e+01	2.421440e+05	1.088469e-12	1.237353e-01	2.130080e-06
5.392000e+00	-1.199093e+01	2.466039e+05	1.021113e-12	1.260143e-01	1.998268e-06
5.400074e+00	-1.201918e+01	2.512313e+05	9.567884e-13	1.283789e-01	1.872388e-06
5.408000e+00	-1.204693e+01	2.558586e+05	8.975812e-13	1.307435e-01	1.756523e-06
5.416074e+00	-1.207518e+01	2.606596e+05	8.410385e-13	1.331968e-01	1.645871e-06
5.424000e+00	-1.210293e+01	2.654606e+05	7.889941e-13	1.356501e-01	1.544023e-06
5.432074e+00	-1.213118e+01	2.704417e+05	7.392918e-13	1.381954e-01	1.446758e-06
5.440000e+00	-1.215893e+01	2.754229e+05	6.935436e-13	1.407408e-01	1.357231e-06
5.448074e+00	-1.218718e+01	2.805910e+05	6.498541e-13	1.433817e-01	1.271733e-06
5.456000e+00	-1.221493e+01	2.857591e+05	6.096404e-13	1.460226e-01	1.193037e-06
5.464074e+00	-1.224318e+01	2.911211e+05	5.712364e-13	1.487626e-01	1.117882e-06
5.472000e+00	-1.227093e+01	2.964831e+05	5.358877e-13	1.515026e-01	1.048706e-06
5.480074e+00	-1.229918e+01	3.020464e+05	5.021297e-13	1.543454e-01	9.826433e-07
5.488000e+00	-1.232693e+01	3.076097e+05	4.710573e-13	1.571882e-01	9.218363e-07
5.496074e+00	-1.235518e+01	3.133817e+05	4.413833e-13	1.601377e-01	8.637656e-07
5.504000e+00	-1.238293e+01	3.191538e+05	4.140700e-13	1.630872e-01	8.103148e-07
5.512074e+00	-1.241118e+01	3.251425e+05	3.879859e-13	1.661474e-01	7.592694e-07
5.520000e+00	-1.243893e+01	3.311311e+05	3.639769e-13	1.692076e-01	7.122850e-07
5.528074e+00	-1.246718e+01	3.373445e+05	3.410483e-13	1.723827e-01	6.674149e-07
5.536000e+00	-1.249493e+01	3.435579e+05	3.199438e-13	1.755577e-01	6.261145e-07
5.544074e+00	-1.252318e+01	3.500045e+05	2.997891e-13	1.788519e-01	5.866727e-07
5.552000e+00	-1.255093e+01	3.564511e+05	2.812378e-13	1.821461e-01	5.503688e-07
5.560074e+00	-1.257918e+01	3.631397e+05	2.635214e-13	1.855640e-01	5.156986e-07
5.568000e+00	-1.260693e+01	3.698282e+05	2.472144e-13	1.889818e-01	4.837866e-07
5.576074e+00	-1.263518e+01	3.767677e+05	2.316412e-13	1.925279e-01	4.533106e-07
5.584000e+00	-1.266293e+01	3.837072e+05	2.173070e-13	1.960740e-01	4.252593e-07
5.592074e+00	-1.269118e+01	3.909072e+05	2.036179e-13	1.997532e-01	3.984703e-07
5.600000e+00	-1.271893e+01	3.981072e+05	1.910178e-13	2.034323e-01	3.738125e-07
5.608074e+00	-1.274718e+01	4.055773e+05	1.789847e-13	2.072496e-01	3.502643e-07
5.616000e+00	-1.277493e+01	4.130475e+05	1.679089e-13	2.110668e-01	3.285896e-07
5.624074e+00	-1.280318e+01	4.207980e+05	1.573316e-13	2.150273e-01	3.078902e-07
5.632000e+00	-1.283093e+01	4.285485e+05	1.475957e-13	2.189878e-01	2.888376e-07
5.640074e+00	-1.285918e+01	4.365899e+05	1.382980e-13	2.230970e-01	2.706424e-07
5.648000e+00	-1.288693e+01	4.446313e+05	1.297400e-13	2.272061e-01	2.538948e-07
5.656074e+00	-1.291518e+01	4.529744e+05	1.215671e-13	2.314694e-01	2.379008e-07
5.664000e+00	-1.294293e+01	4.613176e+05	1.140443e-13	2.357328e-01	2.231792e-07
5.672074e+00	-1.297118e+01	4.699738e+05	1.068602e-13	2.401561e-01	2.091202e-07
5.680000e+00	-1.299893e+01	4.786301e+05	1.002475e-13	2.445795e-01	1.961796e-07
5.688074e+00	-1.302718e+01	4.876112e+05	9.393250e-14	2.491688e-01	1.838213e-07
5.696000e+00	-1.305493e+01	4.965923e+05	8.811985e-14	2.537581e-01	1.724463e-07
5.704074e+00	-1.308318e+01	5.059105e+05	8.256878e-14	2.585197e-01	1.615831e-07
5.712000e+00	-1.311093e+01	5.152286e+05	7.745933e-14	2.632813e-01	1.515841e-07
5.720074e+00	-1.313918e+01	5.248965e+05	7.257982e-14	2.682215e-01	1.420352e-07
5.728000e+00	-1.316693e+01	5.345644e+05	6.808850e-14	2.731618e-01	1.332459e-07
5.736074e+00	-1.319518e+01	5.445950e+05	6.379930e-14	2.782875e-01	1.248521e-07
5.744000e+00	-1.322293e+01	5.546257e+05	5.985132e-14	2.834131e-01	1.171261e-07
5.752074e+00	-1.325118e+01	5.650328e+05	5.608102e-14	2.887312e-01	1.097478e-07
5.760000e+00	-1.327893e+01	5.754399e+05	5.261066e-14	2.940492e-01	1.029565e-07
5.768074e+00	-1.330718e+01	5.862376e+05	4.929648e-14	2.995668e-01	9.647081e-08
5.776000e+00	-1.333493e+01	5.970353e+05	4.624596e-14	3.050844e-01	9.050109e-08
5.784074e+00	-1.336318e+01	6.082382e+05	4.333271e-14	3.108090e-01	8.480001e-08
5.792000e+00	-1.339093e+01	6.194411e+05	4.065124e-14	3.165337e-01	7.955249e-08
5.800074e+00	-1.341918e+01	6.310644e+05	3.809043e-14	3.224732e-01	7.454112e-08
5.808000e+00	-1.344693e+01	6.426877e+05	3.573335e-14	3.284127e-01	6.992843e-08
5.816074e+00	-1.347518e+01	6.547472e+05	3.348235e-14	3.345751e-01	6.552332e-08
5.824000e+00	-1.350293e+01	6.668068e+05	3.141042e-14	3.407375e-01	6.146867e-08
5.832074e+00	-1.353118e+01	6.793189e+05	2.943174e-14	3.471312e-01	5.759648e-08
5.840000e+00	-1.355893e+01	6.918310e+05	2.761047e-14	3.535249e-01	5.403234e-08
5.848074e+00	-1.358718e+01	7.048126e+05	2.587116e-14	3.601585e-01	5.062860e-08
5.856000e+00	-1.361493e+01	7.177943e+05	2.427022e-14	3.667921e-01	4.749565e-08
5.864074e+00	-1.364318e+01	7.312631e+05	2.274133e-14	3.736747e-01	4.450368e-08
5.872000e+00	-1.367093e+01	7.447320e+05	2.133407e-14	3.805572e-01	4.174974e-08
5.880074e+00	-1.369918e+01	7.587063e+05	1.999014e-14	3.876981e-01	3.911974e-08
5.888000e+00	-1.372693e+01	7.726806e+05	1.875313e-14	3.948389e-01	3.669896e-08
5.896074e+00	-1.375518e+01	7.871793e+05	1.757179e-14	4.022478e-01	3.438713e-08
5.904000e+00	-1.378293e+01	8.016781e+05	1.648442e-14	4.096566e-01	3.225921e-08
5.912074e+00	-1.381118e+01	8.167209e+05	1.544599e-14	4.173435e-01	3.022706e-08
5.920000e+00	-1.383893e+01	8.317638e+05	1.449018e-14	4.250304e-01	2.835658e-08
5.928074e+00	-1.386718e+01	8.473712e+05	1.357738e-14	4.330057e-01	2.657027e-08
5.936000e+00	-1.389493e+01	8.629785e+05	1.273719e-14	4.409811e-01	2.492607e-08
5.944074e+00	-2.000000e+02	8.791717e+05	1.000000e-200	4.492558e-01	1.956951e-194
5.952000e+00	-2.000000e+02	8.953648e+05	1.000000e-200	4.575304e-01	1.956951e-194
5.960074e+00	-2.000000e+02	9.121656e+05	1.000000e-200	4.661156e-01	1.956951e-194
5.968000e+00	-2.000000e+02	9.289664e+05	1.000000e-200	4.747008e-01	1.956951e-194
5.976074e+00	-2.000000e+02	9.463977e+05	1.000000e-200	4.836082e-01	1.956951e-194
5.984000e+00	-2.000000e+02	9.638290e+05	1.000000e-200	4.925156e-01	1.956951e-194
5.992074e+00	-2.000000e+02	9.819145e+05	1.000000e-200	5.017572e-01	1.956951e-194
6.000000e+00	-2.000000e+02	1.000000e+06	1.000000e-200	5.109989e-01	1.956951e-194
6.008074e+00	-2.000000e+02	1.018764e+06	1.000000e-200	5.205874e-01	1.956951e-194
6.016000e+00	-2.000000e+02	1.037528e+06	1.000000e-200	5.301759e-01	1.956951e-194
6.024074e+00	-2.000000e+02	1.056997e+06	1.000000e-200	5.401242e-01	1.956951e-194
6.032000e+00	-2.000000e+02	1.076465e+06	1.000000e-200	5.500726e-01	1.956951e-194
6.040074e+00	-2.000000e+02	1.096664e+06	1.000000e-200	5.603942e-01	1.956951e-194
6.048000e+00	-2.000000e+02	1.116863e+06	1.000000e-200	5.707159e-01	1.956951e-194
6.056074e+00	-2.000000e+02	1.137820e+06	1.000000e-200	5.814249e-01	1.956951e-194
6.064000e+00	-2.000000e+02	1.158777e+06	1.000000e-200	5.921340e-01	1.956951e-194
6.072074e+00	-2.000000e+02	1.180521e+06	1.000000e-200	6.032449e-01	1.956951e-194
6.080000e+00	-2.000000e+02	1.202264e+06	1.000000e-200	6.143558e-01	1.956951e-194
6.088074e+00	-2.000000e+02	1.224824e+06	1.000000e-200	6.258837e-01	1.956951e-194
6.096000e+00	-2.000000e+02	1.247384e+06	1.000000e-200	6.374116e-01	1.956951e-194
6.104074e+00	-2.000000e+02	1.270790e+06	1.000000e-200	6.493721e-01	1.956951e-194
6.112000e+00	-2.000000e+02	1.294196e+06	1.000000e-200	6.613327e-01	1.956951e-194
6.120074e+00	-2.000000e+02	1.318480e+06	1.000000e-200	6.737420e-01	1.956951e-194
6.128000e+00	-2.000000e+02	1.342765e+06	1.000000e-200	6.861514e-01	1.956951e-194
6.136074e+00	-2.000000e+02	1.367961e+06	1.000000e-200	6.990265e-01	1.956951e-194
6.144000e+00	-2.000000e+02	1.393157e+06	1.000000e-200	7.119016e-01	1.956951e-194
6.152074e+00	-2.000000e+02	1.419298e+06	1.000000e-200	7.252599e-01	1.956951e-194
6.160000e+00	-2.000000e+02	1.445440e+06	1.000000e-200	7.386181e-01	1.956951e-194
6.168074e+00	-2.000000e+02	1.472562e+06	1.000000e-200	7.524777e-01	1.956951e-194
6.176000e+00	-2.000000e+02	1.499685e+06	1.000000e-200	7.663373e-01	1.956951e-194
6.184074e+00	-2.000000e+02	1.527825e+06	1.000000e-200	7.807170e-01	1.956951e-194
6.192000e+00	-2.000000e+02	1.555966e+06	1.000000e-200	7.950967e-01	1.956951e-194
6.200074e+00	-2.000000e+02	1.585162e+06	1.000000e-200	8.100161e-01	1.956951e-194
6.208000e+00	-2.000000e+02	1.614359e+06	1.000000e-200	8.249355e-01	1.956951e-194
6.216074e+00	-2.000000e+02	1.644651e+06	1.000000e-200	8.404147e-01	1.956951e-194
6.224000e+00	-2.000000e+02	1.674943e+06	1.000000e-200	8.558940e-01	1.956951e-194
6.232074e+00	-2.000000e+02	1.706372e+06	1.000000e-200	8.719542e-01	1.956951e-194
6.240000e+00	-2.000000e+02	1.737801e+06	1.000000e-200	8.880143e-01	1.956951e-194
6.248074e+00	-2.000000e+02	1.770409e+06	1.000000e-200	9.046772e-01	1.956951e-194
6.256000e+00	-2.000000e+02	1.803018e+06	1.000000e-200	9.213401e-01	1.956951e-194
6.264074e+00	-2.000000e+02	1.836850e+06	1.000000e-200	9.386283e-01	1.956951e-194
6.272000e+00	-2.000000e+02	1.870682e+06	1.000000e-200	9.559165e-01	1.956951e-194
6.280074e+00	-2.000000e+02	1.905784e+06	1.000000e-200	9.738536e-01	1.956951e-194
6.288000e+00	-2.000000e+02	1.940886e+06	1.000000e-200	9.917906e-01	1.956951e-194
6.296074e+00	-2.000000e+02	1.977305e+06	1.000000e-200	1.010401e+00	1.956951e-194
6.304000e+00	-2.000000e+02	2.013724e+06	1.000000e-200	1.029011e+00	1.956951e-194
6.312074e+00	-2.000000e+02	2.051510e+06	1.000000e-200	1.048319e+00	1.956951e-194
6.320000e+00	-2.000000e+02	2.089296e+06	1.000000e-200	1.067628e+00	1.956951e-194
6.328074e+00	-2.000000e+02	2.128500e+06	1.000000e-200	1.087661e+00	1.956951e-194
6.336000e+00	-2.000000e+02	2.167704e+06	1.000000e-200	1.107694e+00	1.956951e-194
6.344074e+00	-2.000000e+02	2.208379e+06	1.000000e-200	1.128479e+00	1.956951e-194
6.352000e+00	-2.000000e+02	2.249055e+06	1.000000e-200	1.149264e+00	1.956951e-194
6.360074e+00	-2.000000e+02	2.291256e+06	1.000000e-200	1.170829e+00	1.956951e-194
6.368000e+00	-2.000000e+02	2.333458e+06	1.000000e-200	1.192395e+00	1.956951e-194
6.376074e+00	-2.000000e+02	2.377244e+06	1.000000e-200	1.214769e+00	1.956951e-194
6.384000e+00	-2.000000e+02	2.421029e+06	1.000000e-200	1.237143e+00	1.956951e-194
6.392074e+00	-2.000000e+02	2.466458e+06	1.000000e-200	1.260357e+00	1.956951e-194
6.400000e+00	-2.000000e+02	2.511886e+06	1.000000e-200	1.283571e+00	1.956951e-194
6.408074e+00	-2.000000e+02	2.559020e+06	1.000000e-200	1.307656e+00	1.956951e-194
6.416000e+00	-2.000000e+02	2.606154e+06	1.000000e-200	1.331742e+00	1.956951e-194
6.424074e+00	-2.000000e+02	2.655056e+06	1.000000e-200	1.356731e+00	1.956951e-194
6.432000e+00	-2.000000e+02	2.703958e+06	1.000000e-200	1.381720e+00	1.956951e-194
6.440074e+00	-2.000000e+02	2.754696e+06	1.000000e-200	1.407647e+00	1.956951e-194
6.448000e+00	-2.000000e+02	2.805434e+06	1.000000e-200	1.433574e+00	1.956951e-194
6.456074e+00	-2.000000e+02	2.858075e+06	1.000000e-200	1.460473e+00	1.956951e-194
6.464000e+00	-2.000000e+02	2.910717e+06	1.000000e-200	1.487373e+00	1.956951e-194
6.472074e+00	-2.000000e+02	2.965334e+06	1.000000e-200	1.515283e+00	1.956951e-194
6.480000e+00	-2.000000e+02	3.019952e+06	1.000000e-200	1.543192e+00	1.956951e-194
6.488074e+00	-2.000000e+02	3.076619e+06	1.000000e-200	1.572149e+00	1.956951e-194
6.496000e+00	-2.000000e+02	3.133286e+06	1.000000e-200	1.601106e+00	1.956951e-194
6.504074e+00	-2.000000e+02	3.192079e+06	1.000000e-200	1.631149e+00	1.956951e-194
6.512000e+00	-2.000000e+02	3.250873e+06	1.000000e-200	1.661193e+00	1.956951e-194
6.520074e+00	-2.000000e+02	3.311873e+06	1.000000e-200	1.692364e+00	1.956951e-194
6.528000e+00	-2.000000e+02	3.372873e+06	1.000000e-200	1.723534e+00	1.956951e-194
6.536074e+00	-2.000000e+02	3.436162e+06	1.000000e-200	1.755875e+00	1.956951e-194
6.544000e+00	-2.000000e+02	3.499452e+06	1.000000e-200	1.788216e+00	1.956951e-194
6.552074e+00	-2.000000e+02	3.565116e+06	1.000000e-200	1.821770e+00	1.956951e-194
6.560000e+00	-2.000000e+02	3.630781e+06	1.000000e-200	1.855325e+00	1.956951e-194
6.568074e+00	-2.000000e+02	3.698909e+06	1.000000e-200	1.890139e+00	1.956951e-194
6.576000e+00	-2.000000e+02	3.767038e+06	1.000000e-200	1.924952e+00	1.956951e-194
6.584074e+00	-2.000000e+02	3.837723e+06	1.000000e-200	1.961073e+00	1.956951e-194
6.592000e+00	-2.000000e+02	3.908409e+06	1.000000e-200	1.997193e+00	1.956951e-194
6.600074e+00	-2.000000e+02	3.981747e+06	1.000000e-200	2.034668e+00	1.956951e-194
6.608000e+00	-2.000000e+02	4.055085e+06	1.000000e-200	2.072144e+00	1.956951e-194
6.616074e+00	-2.000000e+02	4.131176e+06	1.000000e-200	2.111026e+00	1.956951e-194
6.624000e+00	-2.000000e+02	4.207266e+06	1.000000e-200	2.149908e+00	1.956951e-194
6.632074e+00	-2.000000e+02	4.286212e+06	1.000000e-200	2.190250e+00	1.956951e-194
6.640000e+00	-2.000000e+02	4.365158e+06	1.000000e-200	2.230591e+00	1.956951e-194
6.648074e+00	-2.000000e+02	4.447067e+06	1.000000e-200	2.272446e+00	1.956951e-194
6.656000e+00	-2.000000e+02	4.528976e+06	1.000000e-200	2.314302e+00	1.956951e-194
6.664074e+00	-2.000000e+02	4.613958e+06	1.000000e-200	2.357728e+00	1.956951e-194
6.672000e+00	-2.000000e+02	4.698941e+06	1.000000e-200	2.401154e+00	1.956951e-194
6.680074e+00	-2.000000e+02	4.787113e+06	1.000000e-200	2.446210e+00	1.956951e-194
6.688000e+00	-2.000000e+02	4.875285e+06	1.000000e-200	2.491265e+00	1.956951e-194
6.696074e+00	-2.000000e+02	4.966766e+06	1.000000e-200	2.538012e+00	1.956951e-194
6.704000e+00	-2.000000e+02	5.058247e+06	1.000000e-200	2.584759e+00	1.956951e-194
6.712074e+00	-2.000000e+02	5.153161e+06	1.000000e-200	2.633259e+00	1.956951e-194
6.720000e+00	-2.000000e+02	5.248075e+06	1.000000e-200	2.681760e+00	1.956951e-194
6.728074e+00	-2.000000e+02	5.346551e+06	1.000000e-200	2.732082e+00	1.956951e-194
6.736000e+00	-2.000000e+02	5.445027e+06	1.000000e-200	2.782403e+00	1.956951e-194
6.744074e+00	-2.000000e+02	5.547198e+06	1.000000e-200	2.834612e+00	1.956951e-194
6.752000e+00	-2.000000e+02	5.649370e+06	1.000000e-200	2.886822e+00	1.956951e-194
6.760074e+00	-2.000000e+02	5.755376e+06	1.000000e-200	2.940991e+00	1.956951e-194
6.768000e+00	-2.000000e+02	5.861382e+06	1.000000e-200	2.995160e+00	1.956951e-194
6.776074e+00	-2.000000e+02	5.971366e+06	1.000000e-200	3.051361e+00	1.956951e-194
6.784000e+00	-2.000000e+02	6.081350e+06	1.000000e-200	3.107563e+00	1.956951e-194
6.792074e+00	-2.000000e+02	6.195462e+06	1.000000e-200	3.165874e+00	1.956951e-194
6.800000e+00	-2.000000e+02	6.309573e+06	1.000000e-200	3.224185e+00	1.956951e-194
6.808074e+00	-2.000000e+02	6.427968e+06	1.000000e-200	3.284684e+00	1.956951e-194
6.816000e+00	-2.000000e+02	6.546362e+06	1.000000e-200	3.345184e+00	1.956951e-194
6.824074e+00	-2.000000e+02	6.669199e+06	1.000000e-200	3.407953e+00	1.956951e-194
6.832000e+00	-2.000000e+02	6.792036e+06	1.000000e-200	3.470723e+00	1.956951e-194
6.840074e+00	-2.000000e+02	6.919484e+06	1.000000e-200	3.535849e+00	1.956951e-194
6.848000e+00	-2.000000e+02	7.046931e+06	1.000000e-200	3.600974e+00	1.956951e-194
6.856074e+00	-2.000000e+02	7.179161e+06	1.000000e-200	3.668543e+00	1.956951e-194
6.864000e+00	-2.000000e+02	7.311391e+06	1.000000e-200	3.736113e+00	1.956951e-194
6.872074e+00	-2.000000e+02	7.448583e+06	1.000000e-200	3.806218e+00	1.956951e-194
6.880000e+00	-2.000000e+02	7.585776e+06	1.000000e-200	3.876323e+00	1.956951e-194
6.888074e+00	-2.000000e+02	7.728117e+06	1.000000e-200	3.949059e+00	1.956951e-194
6.896000e+00	-2.000000e+02	7.870458e+06	1.000000e-200	4.021795e+00	1.956951e-194
6.904074e+00	-2.000000e+02	8.018141e+06	1.000000e-200	4.097261e+00	1.956951e-194
6.912000e+00	-2.000000e+02	8.165824e+06	1.000000e-200	4.172727e+00	1.956951e-194
6.920074e+00	-2.000000e+02	8.319049e+06	1.000000e-200	4.251025e+00	1.956951e-194
6.928000e+00	-2.000000e+02	8.472274e+06	1.000000e-200	4.329323e+00	1.956951e-194
6.936074e+00	-2.000000e+02	8.631250e+06	1.000000e-200	4.410559e+00	1.956951e-194
6.944000e+00	-2.000000e+02	8.790225e+06	1.000000e-200	4.491795e+00	1.956951e-194
6.952074e+00	-2.000000e+02	8.955167e+06	1.000000e-200	4.576080e+00	1.956951e-194
6.960000e+00	-2.000000e+02	9.120108e+06	1.000000e-200	4.660365e+00	1.956951e-194
6.968074e+00	-2.000000e+02	9.291240e+06	1.000000e-200	4.747814e+00	1.956951e-194
6.976000e+00	-2.000000e+02	9.462372e+06	1.000000e-200	4.835262e+00	1.956951e-194
6.984074e+00	-2.000000e+02	9.639926e+06	1.000000e-200	4.925991e+00	1.956951e-194
6.992000e+00	-2.000000e+02	9.817479e+06	1.000000e-200	5.016721e+00	1.956951e-194
7.000074e+00	-2.000000e+02	1.000170e+07	1.000000e-200	5.110856e+00	1.956951e-194
7.008000e+00	-2.000000e+02	1.018591e+07	1.000000e-200	5.204991e+00	1.956951e-194
7.016074e+00	-2.000000e+02	1.037704e+07	1.000000e-200	5.302658e+00	1.956951e-194
7.024000e+00	-2.000000e+02	1.056818e+07	1.000000e-200	5.400326e+00	1.956951e-194
7.032074e+00	-2.000000e+02	1.076648e+07	1.000000e-200	5.501659e+00	1.956951e-194
7.040000e+00	-2.000000e+02	1.096478e+07	1.000000e-200	5.602992e+00	1.956951e-194
7.048074e+00	-2.000000e+02	1.117053e+07	1.000000e-200	5.708127e+00	1.956951e-194
7.056000e+00	-2.000000e+02	1.137627e+07	1.000000e-200	5.813263e+00	1.956951e-194
7.064074e+00	-2.000000e+02	1.158974e+07	1.000000e-200	5.922344e+00	1.956951e-194
7.072000e+00	-2.000000e+02	1.180321e+07	1.000000e-200	6.031426e+00	1.956951e-194
7.080074e+00	-2.000000e+02	1.202468e+07	1.000000e-200	6.144601e+00	1.956951e-194
7.088000e+00	-2.000000e+02	1.224616e+07	1.000000e-200	6.257775e+00	1.956951e-194
7.096074e+00	-2.000000e+02	1.247595e+07	1.000000e-200	6.375198e+00	1.956951e-194
7.104000e+00	-2.000000e+02	1.270574e+07	1.000000e-200	6.492620e+00	1.956951e-194
7.112074e+00	-2.000000e+02	1.294415e+07	1.000000e-200	6.614449e+00	1.956951e-194
7.120000e+00	-2.000000e+02	1.318257e+07	1.000000e-200	6.736278e+00	1.956951e-194
7.128074e+00	-2.000000e+02	1.342993e+07	1.000000e-200	6.862678e+00	1.956951e-194
7.136000e+00	-2.000000e+02	1.367729e+07	1.000000e-200	6.989079e+00	1.956951e-194
7.144074e+00	-2.000000e+02	1.393393e+07	1.000000e-200	7.120224e+00	1.956951e-194
7.152000e+00	-2.000000e+02	1.419058e+07	1.000000e-200	7.251368e+00	1.956951e-194
7.160074e+00	-2.000000e+02	1.445685e+07	1.000000e-200	7.387435e+00	1.956951e-194
7.168000e+00	-2.000000e+02	1.472313e+07	1.000000e-200	7.523501e+00	1.956951e-194
7.176074e+00	-2.000000e+02	1.499939e+07	1.000000e-200	7.664673e+00	1.956951e-194
7.184000e+00	-2.000000e+02	1.527566e+07	1.000000e-200	7.805846e+00	1.956951e-194
7.192074e+00	-2.000000e+02	1.556230e+07	1.000000e-200	7.952316e+00	1.956951e-194
7.200000e+00	-2.000000e+02	1.584893e+07	1.000000e-200	8.098787e+00	1.956951e-194
7.208074e+00	-2.000000e+02	1.614632e+07	1.000000e-200	8.250754e+00	1.956951e-194
7.216000e+00	-2.000000e+02	1.644372e+07	1.000000e-200	8.402722e+00	1.956951e-194
7.224074e+00	-2.000000e+02	1.675227e+07	1.000000e-200	8.560392e+00	1.956951e-194
7.232000e+00	-2.000000e+02	1.706082e+07	1.000000e-200	8.718062e+00	1.956951e-194
7.240074e+00	-2.000000e+02	1.738096e+07	1.000000e-200	8.881650e+00	1.956951e-194
7.248000e+00	-2.000000e+02	1.770109e+07	1.000000e-200	9.045237e+00	1.956951e-194
7.256074e+00	-2.000000e+02	1.803324e+07	1.000000e-200	9.214964e+00	1.956951e-194
7.264000e+00	-2.000000e+02	1.836538e+07	1.000000e-200	9.384691e+00	1.956951e-194
7.272074e+00	-2.000000e+02	1.871000e+07	1.000000e-200	9.560787e+00	1.956951e-194
7.280000e+00	-2.000000e+02	1.905461e+07	1.000000e-200	9.736883e+00	1.956951e-194
7.288074e+00	-2.000000e+02	1.941215e+07	1.000000e-200	9.919588e+00	1.956951e-194
7.296000e+00	-2.000000e+02	1.976970e+07	1.000000e-200	1.010229e+01	1.956951e-194
7.304074e+00	-2.000000e+02	2.014066e+07	1.000000e-200	1.029185e+01	1.956951e-194
7.312000e+00	-2.000000e+02	2.051162e+07	1.000000e-200	1.048142e+01	1.956951e-194
7.320074e+00	-2.000000e+02	2.089651e+07	1.000000e-200	1.067809e+01	1.956951e-194
7.328000e+00	-2.000000e+02	2.128139e+07	1.000000e-200	1.087477e+01	1.956951e-194
7.336074e+00	-2.000000e+02	2.168072e+07	1.000000e-200	1.107882e+01	1.956951e-194
7.344000e+00	-2.000000e+02	2.208005e+07	1.000000e-200	1.128288e+01	1.956951e-194
7.352074e+00	-2.000000e+02	2.249436e+07	1.000000e-200	1.149459e+01	1.956951e-194
7.360000e+00	-2.000000e+02	2.290868e+07	1.000000e-200	1.170631e+01	1.956951e-194
7.368074e+00	-2.000000e+02	2.333854e+07	1.000000e-200	1.192597e+01	1.956951e-194
7.376000e+00	-2.000000e+02	2.376840e+07	1.000000e-200	1.214563e+01	1.956951e-194
7.384074e+00	-2.000000e+02	2.421440e+07	1.000000e-200	1.237353e+01	1.956951e-194
7.392000e+00	-2.000000e+02	2.466039e+07	1.000000e-200	1.260143e+01	1.956951e-194
7.400074e+00	-2.000000e+02	2.512313e+07	1.000000e-200	1.283789e+01	1.956951e-194
7.408000e+00	-2.000000e+02	2.558586e+07	1.000000e-200	1.307435e+01	1.956951e-194
7.416074e+00	-2.000000e+02	2.606596e+07	1.000000e-200	1.331968e+01	1.956951e-194
7.424000e+00	-2.000000e+02	2.654606e+07	1.000000e-200	1.356501e+01	1.956951e-194
7.432074e+00	-2.000000e+02	2.704417e+07	1.000000e-200	1.381954e+01	1.956951e-194
7.440000e+00	-2.000000e+02	2.754229e+07	1.000000e-200	1.407408e+01	1.956951e-194
7.448074e+00	-2.000000e+02	2.805910e+07	1.000000e-200	1.433817e+01	1.956951e-194
7.456000e+00	-2.000000e+02	2.857591e+07	1.000000e-200	1.460226e+01	1.956951e-194
7.464074e+00	-2.000000e+02	2.911211e+07	1.000000e-200	1.487626e+01	1.956951e-194
7.472000e+00	-2.000000e+02	2.964831e+07	1.000000e-200	1.515026e+01	1.956951e-194
7.480074e+00	-2.000000e+02	3.020464e+07	1.000000e-200	1.543454e+01	1.956951e-194
7.488000e+00	-2.000000e+02	3.076097e+07	1.000000e-200	1.571882e+01	1.956951e-194
7.496074e+00	-2.000000e+02	3.133817e+07	1.000000e-200	1.601377e+01	1.956951e-194
7.504000e+00	-2.000000e+02	3.191538e+07	1.000000e-200	1.630872e+01	1.956951e-194
7.512074e+00	-2.000000e+02	3.251425e+07	1.000000e-200	1.661474e+01	1.956951e-194
7.520000e+00	-2.000000e+02	3.311311e+07	1.000000e-200	1.692076e+01	1.956951e-194
7.528074e+00	-2.000000e+02	3.373445e+07	1.000000e-200	1.723827e+01	1.956951e-194
7.536000e+00	-2.000000e+02	3.435579e+07	1.000000e-200	1.755577e+01	1.956951e-194
7.544074e+00	-2.000000e+02	3.500045e+07	1.000000e-200	1.788519e+01	1.956951e-194
7.552000e+00	-2.000000e+02	3.564511e+07	1.000000e-200	1.821461e+01	1.956951e-194
7.560074e+00	-2.000000e+02	3.631397e+07	1.000000e-200	1.855640e+01	1.956951e-194
7.568000e+00	-2.000000e+02	3.698282e+07	1.000000e-200	1.889818e+01	1.956951e-194
7.576074e+00	-2.000000e+02	3.767677e+07	1.000000e-200	1.925279e+01	1.956951e-194
7.584000e+00	-2.000000e+02	3.837072e+07	1.000000e-200	1.960740e+01	1.956951e-194
7.592074e+00	-2.000000e+02	3.909072e+07	1.000000e-200	1.997532e+01	1.956951e-194
7.600000e+00	-2.000000e+02	3.981072e+07	1.000000e-200	2.034323e+01	1.956951e-194
7.608074e+00	-2.000000e+02	4.055773e+07	1.000000e-200	2.072496e+01	1.956951e-194
7.616000e+00	-2.000000e+02	4.130475e+07	1.000000e-200	2.110668e+01	1.956951e-194
7.624074e+00	-2.000000e+02	4.207980e+07	1.000000e-200	2.150273e+01	1.956951e-194
7.632000e+00	-2.000000e+02	4.285485e+07	1.000000e-200	2.189878e+01	1.956951e-194
7.640074e+00	-2.000000e+02	4.365899e+07	1.000000e-200	2.230970e+01	1.956951e-194
7.648000e+00	-2.000000e+02	4.446313e+07	1.000000e-200	2.272061e+01	1.956951e-194
7.656074e+00	-2.000000e+02	4.529744e+07	1.000000e-200	2.314694e+01	1.956951e-194
7.664000e+00	-2.000000e+02	4.613176e+07	1.000000e-200	2.357328e+01	1.956951e-194
7.672074e+00	-2.000000e+02	4.699738e+07	1.000000e-200	2.401561e+01	1.956951e-194
7.680000e+00	-2.000000e+02	4.786301e+07	1.000000e-200	2.445795e+01	1.956951e-194
7.688074e+00	-2.000000e+02	4.876112e+07	1.000000e-200	2.491688e+01	1.956951e-194
7.696000e+00	-2.000000e+02	4.965923e+07	1.000000e-200	2.537581e+01	1.956951e-194
7.704074e+00	-2.000000e+02	5.059105e+07	1.000000e-200	2.585197e+01	1.956951e-194
7.712000e+00	-2.000000e+02	5.152286e+07	1.000000e-200	2.632813e+01	1.956951e-194
7.720074e+00	-2.000000e+02	5.248965e+07	1.000000e-200	2.682215e+01	1.956951e-194
7.728000e+00	-2.000000e+02	5.345644e+07	1.000000e-200	2.731618e+01	1.956951e-194
7.736074e+00	-2.000000e+02	5.445950e+07	1.000000e-200	2.782875e+01	1.956951e-194
7.744000e+00	-2.000000e+02	5.546257e+07	1.000000e-200	2.834131e+01	1.956951e-194
7.752074e+00	-2.000000e+02	5.650328e+07	1.000000e-200	2.887312e+01	1.956951e-194
7.760000e+00	-2.000000e+02	5.754399e+07	1.000000e-200	2.940492e+01	1.956951e-194
7.768074e+00	-2.000000e+02	5.862376e+07	1.000000e-200	2.995668e+01	1.956951e-194
7.776000e+00	-2.000000e+02	5.970353e+07	1.000000e-200	3.050844e+01	1.956951e-194
7.784074e+00	-2.000000e+02	6.082382e+07	1.000000e-200	3.108090e+01	1.956951e-194
7.792000e+00	-2.000000e+02	6.194411e+07	1.000000e-200	3.165337e+01	1.956951e-194
7.800074e+00	-2.000000e+02	6.310644e+07	1.000000e-200	3.224732e+01	1.956951e-194
7.808000e+00	-2.000000e+02	6.426877e+07	1.000000e-200	3.284127e+01	1.956951e-194
7.816074e+00	-2.000000e+02	6.547472e+07	1.000000e-200	3.345751e+01	1.956951e-194
7.824000e+00	-2.000000e+02	6.668068e+07	1.000000e-200	3.407375e+01	1.956951e-194
7.832074e+00	-2.000000e+02	6.793189e+07	1.000000e-200	3.471312e+01	1.956951e-194
7.840000e+00	-2.000000e+02	6.918310e+07	1.000000e-200	3.535249e+01	1.956951e-194
7.848074e+00	-2.000000e+02	7.048126e+07	1.000000e-200	3.601585e+01	1.956951e-194
7.856000e+00	-2.000000e+02	7.177943e+07	1.000000e-200	3.667921e+01	1.956951e-194
7.864074e+00	-2.000000e+02	7.312631e+07	1.000000e-200	3.736747e+01	1.956951e-194
7.872000e+00	-2.000000e+02	7.447320e+07	1.000000e-200	3.805572e+01	1.956951e-194
7.880074e+00	-2.000000e+02	7.587063e+07	1.000000e-200	3.876981e+01	1.956951e-194
7.888000e+00	-2.000000e+02	7.726806e+07	1.000000e-200	3.948389e+01	1.956951e-194
7.896074e+00	-2.000000e+02	7.871793e+07	1.000000e-200	4.022478e+01	1.956951e-194
7.904000e+00	-2.000000e+02	8.016781e+07	1.000000e-200	4.096566e+01	1.956951e-194
7.912074e+00	-2.000000e+02	8.167209e+07	1.000000e-200	4.173435e+01	1.956951e-194
7.920000e+00	-2.000000e+02	8.317638e+07	1.000000e-200	4.250304e+01	1.956951e-194
7.928074e+00	-2.000000e+02	8.473712e+07	1.000000e-200	4.330057e+01	1.956951e-194
7.936000e+00	-2.000000e+02	8.629785e+07	1.000000e-200	4.409811e+01	1.956951e-194
7.944074e+00	-2.000000e+02	8.791717e+07	1.000000e-200	4.492558e+01	1.956951e-194
7.952000e+00	-2.000000e+02	8.953648e+07	1.000000e-200	4.575304e+01	1.956951e-194
7.960074e+00	-2.000000e+02	9.121656e+07	1.000000e-200	4.661156e+01	1.956951e-194
7.968000e+00	-2.000000e+02	9.289664e+07	1.000000e-200	4.747008e+01	1.956951e-194
7.976074e+00	-2.000000e+02	9.463977e+07	1.000000e-200	4.836082e+01	1.956951e-194
7.984000e+00	-2.000000e+02	9.638290e+07	1.000000e-200	4.925156e+01	1.956951e-194
7.992074e+00	-2.000000e+02	9.819145e+07	1.000000e-200	5.017572e+01	1.956951e-194
8.000000e+00	-2.000000e+02	1.000000e+08	1.000000e-200	5.109989e+01	1.956951e-194
