#################################################################
# log(gamma)     log(N(gamma))   gamma     N(gamma)  TeV N(TeV) # 
#################################################################
0.000000e+00	-2.000000e+02	1.000000e+00	1.000000e-200	5.109989e-07	1.956951e-194
8.073679e-03	-2.000000e+02	1.018764e+00	1.000000e-200	5.205874e-07	1.956951e-194
1.600000e-02	-2.000000e+02	1.037528e+00	1.000000e-200	5.301759e-07	1.956951e-194
2.407368e-02	-2.000000e+02	1.056997e+00	1.000000e-200	5.401242e-07	1.956951e-194
3.200000e-02	-2.000000e+02	1.076465e+00	1.000000e-200	5.500726e-07	1.956951e-194
4.007368e-02	-2.000000e+02	1.096664e+00	1.000000e-200	5.603942e-07	1.956951e-194
4.800000e-02	-2.000000e+02	1.116863e+00	1.000000e-200	5.707159e-07	1.956951e-194
5.607368e-02	-2.000000e+02	1.137820e+00	1.000000e-200	5.814249e-07	1.956951e-194
6.400000e-02	-2.000000e+02	1.158777e+00	1.000000e-200	5.921340e-07	1.956951e-194
7.207368e-02	-2.000000e+02	1.180521e+00	1.000000e-200	6.032449e-07	1.956951e-194
8.000000e-02	-2.000000e+02	1.202264e+00	1.000000e-200	6.143558e-07	1.956951e-194
8.807368e-02	-2.000000e+02	1.224824e+00	1.000000e-200	6.258837e-07	1.956951e-194
9.600000e-02	-2.000000e+02	1.247384e+00	1.000000e-200	6.374116e-07	1.956951e-194
1.040737e-01	-2.000000e+02	1.270790e+00	1.000000e-200	6.493721e-07	1.956951e-194
1.120000e-01	-2.000000e+02	1.294196e+00	1.000000e-200	6.613327e-07	1.956951e-194
1.200737e-01	-2.000000e+02	1.318480e+00	1.000000e-200	6.737420e-07	1.956951e-194
1.280000e-01	-2.000000e+02	1.342765e+00	1.000000e-200	6.861514e-07	1.956951e-194
1.360737e-01	-2.000000e+02	1.367961e+00	1.000000e-200	6.990265e-07	1.956951e-194
1.440000e-01	-2.000000e+02	1.393157e+00	1.000000e-200	7.119016e-07	1.956951e-194
1.520737e-01	-2.000000e+02	1.419298e+00	1.000000e-200	7.252599e-07	1.956951e-194
1.600000e-01	-2.000000e+02	1.445440e+00	1.000000e-200	7.386181e-07	1.956951e-194
1.680737e-01	-2.000000e+02	1.472562e+00	1.000000e-200	7.524777e-07	1.956951e-194
1.760000e-01	-2.000000e+02	1.499685e+00	1.000000e-200	7.663373e-07	1.956951e-194
1.840737e-01	-2.000000e+02	1.527825e+00	1.000000e-200	7.807170e-07	1.956951e-194
1.920000e-01	-2.000000e+02	1.555966e+00	1.000000e-200	7.950967e-07	1.956951e-194
2.000737e-01	-2.000000e+02	1.585162e+00	1.000000e-200	8.100161e-07	1.956951e-194
2.080000e-01	-2.000000e+02	1.614359e+00	1.000000e-200	8.249355e-07	1.956951e-194
2.160737e-01	-2.000000e+02	1.644651e+00	1.000000e-200	8.404147e-07	1.956951e-194
2.240000e-01	-2.000000e+02	1.674943e+00	1.000000e-200	8.558940e-07	1.956951e-194
2.320737e-01	-2.000000e+02	1.706372e+00	1.000000e-200	8.719542e-07	1.956951e-194
2.400000e-01	-2.000000e+02	1.737801e+00	1.000000e-200	8.880143e-07	1.956951e-194
2.480737e-01	-2.000000e+02	1.770409e+00	1.000000e-200	9.046772e-07	1.956951e-194
2.560000e-01	-2.000000e+02	1.803018e+00	1.000000e-200	9.213401e-07	1.956951e-194
2.640737e-01	-2.000000e+02	1.836850e+00	1.000000e-200	9.386283e-07	1.956951e-194
2.720000e-01	-2.000000e+02	1.870682e+00	1.000000e-200	9.559165e-07	1.956951e-194
2.800737e-01	-2.000000e+02	1.905784e+00	1.000000e-200	9.738536e-07	1.956951e-194
2.880000e-01	-2.000000e+02	1.940886e+00	1.000000e-200	9.917906e-07	1.956951e-194
2.960737e-01	-2.000000e+02	1.977305e+00	1.000000e-200	1.010401e-06	1.956951e-194
3.040000e-01	-2.000000e+02	2.013724e+00	1.000000e-200	1.029011e-06	1.956951e-194
3.120737e-01	-2.000000e+02	2.051510e+00	1.000000e-200	1.048319e-06	1.956951e-194
3.200000e-01	-2.000000e+02	2.089296e+00	1.000000e-200	1.067628e-06	1.956951e-194
3.280737e-01	-2.000000e+02	2.128500e+00	1.000000e-200	1.087661e-06	1.956951e-194
3.360000e-01	-2.000000e+02	2.167704e+00	1.000000e-200	1.107694e-06	1.956951e-194
3.440737e-01	-2.000000e+02	2.208379e+00	1.000000e-200	1.128479e-06	1.956951e-194
3.520000e-01	-2.000000e+02	2.249055e+00	1.000000e-200	1.149264e-06	1.956951e-194
3.600737e-01	-2.000000e+02	2.291256e+00	1.000000e-200	1.170829e-06	1.956951e-194
3.680000e-01	-2.000000e+02	2.333458e+00	1.000000e-200	1.192395e-06	1.956951e-194
3.760737e-01	-2.000000e+02	2.377244e+00	1.000000e-200	1.214769e-06	1.956951e-194
3.840000e-01	-2.000000e+02	2.421029e+00	1.000000e-200	1.237143e-06	1.956951e-194
3.920737e-01	-2.000000e+02	2.466458e+00	1.000000e-200	1.260357e-06	1.956951e-194
4.000000e-01	-2.000000e+02	2.511886e+00	1.000000e-200	1.283571e-06	1.956951e-194
4.080737e-01	-2.000000e+02	2.559020e+00	1.000000e-200	1.307656e-06	1.956951e-194
4.160000e-01	-2.000000e+02	2.606154e+00	1.000000e-200	1.331742e-06	1.956951e-194
4.240737e-01	-2.000000e+02	2.655056e+00	1.000000e-200	1.356731e-06	1.956951e-194
4.320000e-01	-2.000000e+02	2.703958e+00	1.000000e-200	1.381720e-06	1.956951e-194
4.400737e-01	-2.000000e+02	2.754696e+00	1.000000e-200	1.407647e-06	1.956951e-194
4.480000e-01	-2.000000e+02	2.805434e+00	1.000000e-200	1.433574e-06	1.956951e-194
4.560737e-01	-2.000000e+02	2.858075e+00	1.000000e-200	1.460473e-06	1.956951e-194
4.640000e-01	-2.000000e+02	2.910717e+00	1.000000e-200	1.487373e-06	1.956951e-194
4.720737e-01	-2.000000e+02	2.965334e+00	1.000000e-200	1.515283e-06	1.956951e-194
4.800000e-01	-2.000000e+02	3.019952e+00	1.000000e-200	1.543192e-06	1.956951e-194
4.880737e-01	-2.000000e+02	3.076619e+00	1.000000e-200	1.572149e-06	1.956951e-194
4.960000e-01	-2.000000e+02	3.133286e+00	1.000000e-200	1.601106e-06	1.956951e-194
5.040737e-01	-2.000000e+02	3.192079e+00	1.000000e-200	1.631149e-06	1.956951e-194
5.120000e-01	-2.000000e+02	3.250873e+00	1.000000e-200	1.661193e-06	1.956951e-194
5.200737e-01	-2.000000e+02	3.311873e+00	1.000000e-200	1.692364e-06	1.956951e-194
5.280000e-01	-2.000000e+02	3.372873e+00	1.000000e-200	1.723534e-06	1.956951e-194
5.360737e-01	-2.000000e+02	3.436162e+00	1.000000e-200	1.755875e-06	1.956951e-194
5.440000e-01	-2.000000e+02	3.499452e+00	1.000000e-200	1.788216e-06	1.956951e-194
5.520737e-01	-2.000000e+02	3.565116e+00	1.000000e-200	1.821770e-06	1.956951e-194
5.600000e-01	-2.000000e+02	3.630781e+00	1.000000e-200	1.855325e-06	1.956951e-194
5.680737e-01	-2.000000e+02	3.698909e+00	1.000000e-200	1.890139e-06	1.956951e-194
5.760000e-01	-2.000000e+02	3.767038e+00	1.000000e-200	1.924952e-06	1.956951e-194
5.840737e-01	-2.000000e+02	3.837723e+00	1.000000e-200	1.961073e-06	1.956951e-194
5.920000e-01	-2.000000e+02	3.908409e+00	1.000000e-200	1.997193e-06	1.956951e-194
6.000737e-01	-2.000000e+02	3.981747e+00	1.000000e-200	2.034668e-06	1.956951e-194
6.080000e-01	-2.000000e+02	4.055085e+00	1.000000e-200	2.072144e-06	1.956951e-194
6.160737e-01	-2.000000e+02	4.131176e+00	1.000000e-200	2.111026e-06	1.956951e-194
6.240000e-01	-2.000000e+02	4.207266e+00	1.000000e-200	2.149908e-06	1.956951e-194
6.320737e-01	-2.000000e+02	4.286212e+00	1.000000e-200	2.190250e-06	1.956951e-194
6.400000e-01	-2.000000e+02	4.365158e+00	1.000000e-200	2.230591e-06	1.956951e-194
6.480737e-01	-2.000000e+02	4.447067e+00	1.000000e-200	2.272446e-06	1.956951e-194
6.560000e-01	-2.000000e+02	4.528976e+00	1.000000e-200	2.314302e-06	1.956951e-194
6.640737e-01	-2.000000e+02	4.613958e+00	1.000000e-200	2.357728e-06	1.956951e-194
6.720000e-01	-2.000000e+02	4.698941e+00	1.000000e-200	2.401154e-06	1.956951e-194
6.800737e-01	-2.000000e+02	4.787113e+00	1.000000e-200	2.446210e-06	1.956951e-194
6.880000e-01	-2.000000e+02	4.875285e+00	1.000000e-200	2.491265e-06	1.956951e-194
6.960737e-01	-2.000000e+02	4.966766e+00	1.000000e-200	2.538012e-06	1.956951e-194
7.040000e-01	-2.000000e+02	5.058247e+00	1.000000e-200	2.584759e-06	1.956951e-194
7.120737e-01	-2.000000e+02	5.153161e+00	1.000000e-200	2.633259e-06	1.956951e-194
7.200000e-01	-2.000000e+02	5.248075e+00	1.000000e-200	2.681760e-06	1.956951e-194
7.280737e-01	-2.000000e+02	5.346551e+00	1.000000e-200	2.732082e-06	1.956951e-194
7.360000e-01	-2.000000e+02	5.445027e+00	1.000000e-200	2.782403e-06	1.956951e-194
7.440737e-01	-2.000000e+02	5.547198e+00	1.000000e-200	2.834612e-06	1.956951e-194
7.520000e-01	-2.000000e+02	5.649370e+00	1.000000e-200	2.886822e-06	1.956951e-194
7.600737e-01	-2.000000e+02	5.755376e+00	1.000000e-200	2.940991e-06	1.956951e-194
7.680000e-01	-2.000000e+02	5.861382e+00	1.000000e-200	2.995160e-06	1.956951e-194
7.760737e-01	-2.000000e+02	5.971366e+00	1.000000e-200	3.051361e-06	1.956951e-194
7.840000e-01	-2.000000e+02	6.081350e+00	1.000000e-200	3.107563e-06	1.956951e-194
7.920737e-01	-2.000000e+02	6.195462e+00	1.000000e-200	3.165874e-06	1.956951e-194
8.000000e-01	-2.000000e+02	6.309573e+00	1.000000e-200	3.224185e-06	1.956951e-194
8.080737e-01	-2.000000e+02	6.427968e+00	1.000000e-200	3.284684e-06	1.956951e-194
8.160000e-01	-2.000000e+02	6.546362e+00	1.000000e-200	3.345184e-06	1.956951e-194
8.240737e-01	-2.000000e+02	6.669199e+00	1.000000e-200	3.407953e-06	1.956951e-194
8.320000e-01	-2.000000e+02	6.792036e+00	1.000000e-200	3.470723e-06	1.956951e-194
8.400737e-01	-2.000000e+02	6.919484e+00	1.000000e-200	3.535849e-06	1.956951e-194
8.480000e-01	-2.000000e+02	7.046931e+00	1.000000e-200	3.600974e-06	1.956951e-194
8.560737e-01	-2.000000e+02	7.179161e+00	1.000000e-200	3.668543e-06	1.956951e-194
8.640000e-01	-2.000000e+02	7.311391e+00	1.000000e-200	3.736113e-06	1.956951e-194
8.720737e-01	-2.000000e+02	7.448583e+00	1.000000e-200	3.806218e-06	1.956951e-194
8.800000e-01	-2.000000e+02	7.585776e+00	1.000000e-200	3.876323e-06	1.956951e-194
8.880737e-01	-2.000000e+02	7.728117e+00	1.000000e-200	3.949059e-06	1.956951e-194
8.960000e-01	-2.000000e+02	7.870458e+00	1.000000e-200	4.021795e-06	1.956951e-194
9.040737e-01	-2.000000e+02	8.018141e+00	1.000000e-200	4.097261e-06	1.956951e-194
9.120000e-01	-2.000000e+02	8.165824e+00	1.000000e-200	4.172727e-06	1.956951e-194
9.200737e-01	-2.000000e+02	8.319049e+00	1.000000e-200	4.251025e-06	1.956951e-194
9.280000e-01	-2.000000e+02	8.472274e+00	1.000000e-200	4.329323e-06	1.956951e-194
9.360737e-01	-2.000000e+02	8.631250e+00	1.000000e-200	4.410559e-06	1.956951e-194
9.440000e-01	-2.000000e+02	8.790225e+00	1.000000e-200	4.491795e-06	1.956951e-194
9.520737e-01	-2.000000e+02	8.955167e+00	1.000000e-200	4.576080e-06	1.956951e-194
9.600000e-01	-2.000000e+02	9.120108e+00	1.000000e-200	4.660365e-06	1.956951e-194
9.680737e-01	-2.000000e+02	9.291240e+00	1.000000e-200	4.747814e-06	1.956951e-194
9.760000e-01	-2.000000e+02	9.462372e+00	1.000000e-200	4.835262e-06	1.956951e-194
9.840737e-01	-2.000000e+02	9.639926e+00	1.000000e-200	4.925991e-06	1.956951e-194
9.920000e-01	-2.000000e+02	9.817479e+00	1.000000e-200	5.016721e-06	1.956951e-194
1.000074e+00	-2.000000e+02	1.000170e+01	1.000000e-200	5.110856e-06	1.956951e-194
1.008000e+00	-2.000000e+02	1.018591e+01	1.000000e-200	5.204991e-06	1.956951e-194
1.016074e+00	-2.000000e+02	1.037704e+01	1.000000e-200	5.302658e-06	1.956951e-194
1.024000e+00	-2.000000e+02	1.056818e+01	1.000000e-200	5.400326e-06	1.956951e-194
1.032074e+00	-2.000000e+02	1.076648e+01	1.000000e-200	5.501659e-06	1.956951e-194
1.040000e+00	-2.000000e+02	1.096478e+01	1.000000e-200	5.602992e-06	1.956951e-194
1.048074e+00	-2.000000e+02	1.117053e+01	1.000000e-200	5.708127e-06	1.956951e-194
1.056000e+00	-2.000000e+02	1.137627e+01	1.000000e-200	5.813263e-06	1.956951e-194
1.064074e+00	-2.000000e+02	1.158974e+01	1.000000e-200	5.922344e-06	1.956951e-194
1.072000e+00	-2.000000e+02	1.180321e+01	1.000000e-200	6.031426e-06	1.956951e-194
1.080074e+00	-2.000000e+02	1.202468e+01	1.000000e-200	6.144601e-06	1.956951e-194
1.088000e+00	-2.000000e+02	1.224616e+01	1.000000e-200	6.257775e-06	1.956951e-194
1.096074e+00	-2.000000e+02	1.247595e+01	1.000000e-200	6.375198e-06	1.956951e-194
1.104000e+00	-2.000000e+02	1.270574e+01	1.000000e-200	6.492620e-06	1.956951e-194
1.112074e+00	-2.000000e+02	1.294415e+01	1.000000e-200	6.614449e-06	1.956951e-194
1.120000e+00	-2.000000e+02	1.318257e+01	1.000000e-200	6.736278e-06	1.956951e-194
1.128074e+00	-2.000000e+02	1.342993e+01	1.000000e-200	6.862678e-06	1.956951e-194
1.136000e+00	-2.000000e+02	1.367729e+01	1.000000e-200	6.989079e-06	1.956951e-194
1.144074e+00	-2.000000e+02	1.393393e+01	1.000000e-200	7.120224e-06	1.956951e-194
1.152000e+00	-2.000000e+02	1.419058e+01	1.000000e-200	7.251368e-06	1.956951e-194
1.160074e+00	-2.000000e+02	1.445685e+01	1.000000e-200	7.387435e-06	1.956951e-194
1.168000e+00	-2.000000e+02	1.472313e+01	1.000000e-200	7.523501e-06	1.956951e-194
1.176074e+00	-2.000000e+02	1.499939e+01	1.000000e-200	7.664673e-06	1.956951e-194
1.184000e+00	-2.000000e+02	1.527566e+01	1.000000e-200	7.805846e-06	1.956951e-194
1.192074e+00	-2.000000e+02	1.556230e+01	1.000000e-200	7.952316e-06	1.956951e-194
1.200000e+00	-2.000000e+02	1.584893e+01	1.000000e-200	8.098787e-06	1.956951e-194
1.208074e+00	-2.000000e+02	1.614632e+01	1.000000e-200	8.250754e-06	1.956951e-194
1.216000e+00	-2.000000e+02	1.644372e+01	1.000000e-200	8.402722e-06	1.956951e-194
1.224074e+00	-2.000000e+02	1.675227e+01	1.000000e-200	8.560392e-06	1.956951e-194
1.232000e+00	-2.000000e+02	1.706082e+01	1.000000e-200	8.718062e-06	1.956951e-194
1.240074e+00	-2.000000e+02	1.738096e+01	1.000000e-200	8.881650e-06	1.956951e-194
1.248000e+00	-2.000000e+02	1.770109e+01	1.000000e-200	9.045237e-06	1.956951e-194
1.256074e+00	-2.000000e+02	1.803324e+01	1.000000e-200	9.214964e-06	1.956951e-194
1.264000e+00	-2.000000e+02	1.836538e+01	1.000000e-200	9.384691e-06	1.956951e-194
1.272074e+00	-2.000000e+02	1.871000e+01	1.000000e-200	9.560787e-06	1.956951e-194
1.280000e+00	-2.000000e+02	1.905461e+01	1.000000e-200	9.736883e-06	1.956951e-194
1.288074e+00	-2.000000e+02	1.941215e+01	1.000000e-200	9.919588e-06	1.956951e-194
1.296000e+00	-2.000000e+02	1.976970e+01	1.000000e-200	1.010229e-05	1.956951e-194
1.304074e+00	-2.000000e+02	2.014066e+01	1.000000e-200	1.029185e-05	1.956951e-194
1.312000e+00	-2.000000e+02	2.051162e+01	1.000000e-200	1.048142e-05	1.956951e-194
1.320074e+00	-2.000000e+02	2.089651e+01	1.000000e-200	1.067809e-05	1.956951e-194
1.328000e+00	-2.000000e+02	2.128139e+01	1.000000e-200	1.087477e-05	1.956951e-194
1.336074e+00	-2.000000e+02	2.168072e+01	1.000000e-200	1.107882e-05	1.956951e-194
1.344000e+00	-2.000000e+02	2.208005e+01	1.000000e-200	1.128288e-05	1.956951e-194
1.352074e+00	-2.000000e+02	2.249436e+01	1.000000e-200	1.149459e-05	1.956951e-194
1.360000e+00	-2.000000e+02	2.290868e+01	1.000000e-200	1.170631e-05	1.956951e-194
1.368074e+00	-2.000000e+02	2.333854e+01	1.000000e-200	1.192597e-05	1.956951e-194
1.376000e+00	-2.000000e+02	2.376840e+01	1.000000e-200	1.214563e-05	1.956951e-194
1.384074e+00	-2.000000e+02	2.421440e+01	1.000000e-200	1.237353e-05	1.956951e-194
1.392000e+00	-2.000000e+02	2.466039e+01	1.000000e-200	1.260143e-05	1.956951e-194
1.400074e+00	-2.000000e+02	2.512313e+01	1.000000e-200	1.283789e-05	1.956951e-194
1.408000e+00	-2.000000e+02	2.558586e+01	1.000000e-200	1.307435e-05	1.956951e-194
1.416074e+00	-2.000000e+02	2.606596e+01	1.000000e-200	1.331968e-05	1.956951e-194
1.424000e+00	-2.000000e+02	2.654606e+01	1.000000e-200	1.356501e-05	1.956951e-194
1.432074e+00	-2.000000e+02	2.704417e+01	1.000000e-200	1.381954e-05	1.956951e-194
1.440000e+00	-2.000000e+02	2.754229e+01	1.000000e-200	1.407408e-05	1.956951e-194
1.448074e+00	-2.000000e+02	2.805910e+01	1.000000e-200	1.433817e-05	1.956951e-194
1.456000e+00	-2.000000e+02	2.857591e+01	1.000000e-200	1.460226e-05	1.956951e-194
1.464074e+00	-2.000000e+02	2.911211e+01	1.000000e-200	1.487626e-05	1.956951e-194
1.472000e+00	-2.000000e+02	2.964831e+01	1.000000e-200	1.515026e-05	1.956951e-194
1.480074e+00	-2.000000e+02	3.020464e+01	1.000000e-200	1.543454e-05	1.956951e-194
1.488000e+00	-2.000000e+02	3.076097e+01	1.000000e-200	1.571882e-05	1.956951e-194
1.496074e+00	-2.000000e+02	3.133817e+01	1.000000e-200	1.601377e-05	1.956951e-194
1.504000e+00	-2.000000e+02	3.191538e+01	1.000000e-200	1.630872e-05	1.956951e-194
1.512074e+00	-2.000000e+02	3.251425e+01	1.000000e-200	1.661474e-05	1.956951e-194
1.520000e+00	-2.000000e+02	3.311311e+01	1.000000e-200	1.692076e-05	1.956951e-194
1.528074e+00	-2.000000e+02	3.373445e+01	1.000000e-200	1.723827e-05	1.956951e-194
1.536000e+00	-2.000000e+02	3.435579e+01	1.000000e-200	1.755577e-05	1.956951e-194
1.544074e+00	-2.000000e+02	3.500045e+01	1.000000e-200	1.788519e-05	1.956951e-194
1.552000e+00	-2.000000e+02	3.564511e+01	1.000000e-200	1.821461e-05	1.956951e-194
1.560074e+00	-2.000000e+02	3.631397e+01	1.000000e-200	1.855640e-05	1.956951e-194
1.568000e+00	-2.000000e+02	3.698282e+01	1.000000e-200	1.889818e-05	1.956951e-194
1.576074e+00	-2.000000e+02	3.767677e+01	1.000000e-200	1.925279e-05	1.956951e-194
1.584000e+00	-2.000000e+02	3.837072e+01	1.000000e-200	1.960740e-05	1.956951e-194
1.592074e+00	-2.000000e+02	3.909072e+01	1.000000e-200	1.997532e-05	1.956951e-194
1.600000e+00	-2.000000e+02	3.981072e+01	1.000000e-200	2.034323e-05	1.956951e-194
1.608074e+00	-2.000000e+02	4.055773e+01	1.000000e-200	2.072496e-05	1.956951e-194
1.616000e+00	-2.000000e+02	4.130475e+01	1.000000e-200	2.110668e-05	1.956951e-194
1.624074e+00	-2.000000e+02	4.207980e+01	1.000000e-200	2.150273e-05	1.956951e-194
1.632000e+00	-2.000000e+02	4.285485e+01	1.000000e-200	2.189878e-05	1.956951e-194
1.640074e+00	-2.000000e+02	4.365899e+01	1.000000e-200	2.230970e-05	1.956951e-194
1.648000e+00	-2.000000e+02	4.446313e+01	1.000000e-200	2.272061e-05	1.956951e-194
1.656074e+00	-2.000000e+02	4.529744e+01	1.000000e-200	2.314694e-05	1.956951e-194
1.664000e+00	-2.000000e+02	4.613176e+01	1.000000e-200	2.357328e-05	1.956951e-194
1.672074e+00	-2.000000e+02	4.699738e+01	1.000000e-200	2.401561e-05	1.956951e-194
1.680000e+00	-2.000000e+02	4.786301e+01	1.000000e-200	2.445795e-05	1.956951e-194
1.688074e+00	-2.000000e+02	4.876112e+01	1.000000e-200	2.491688e-05	1.956951e-194
1.696000e+00	-2.000000e+02	4.965923e+01	1.000000e-200	2.537581e-05	1.956951e-194
1.704074e+00	-2.000000e+02	5.059105e+01	1.000000e-200	2.585197e-05	1.956951e-194
1.712000e+00	-2.000000e+02	5.152286e+01	1.000000e-200	2.632813e-05	1.956951e-194
1.720074e+00	-2.000000e+02	5.248965e+01	1.000000e-200	2.682215e-05	1.956951e-194
1.728000e+00	-2.000000e+02	5.345644e+01	1.000000e-200	2.731618e-05	1.956951e-194
1.736074e+00	-2.000000e+02	5.445950e+01	1.000000e-200	2.782875e-05	1.956951e-194
1.744000e+00	-2.000000e+02	5.546257e+01	1.000000e-200	2.834131e-05	1.956951e-194
1.752074e+00	-2.000000e+02	5.650328e+01	1.000000e-200	2.887312e-05	1.956951e-194
1.760000e+00	-2.000000e+02	5.754399e+01	1.000000e-200	2.940492e-05	1.956951e-194
1.768074e+00	-2.000000e+02	5.862376e+01	1.000000e-200	2.995668e-05	1.956951e-194
1.776000e+00	-2.000000e+02	5.970353e+01	1.000000e-200	3.050844e-05	1.956951e-194
1.784074e+00	-2.000000e+02	6.082382e+01	1.000000e-200	3.108090e-05	1.956951e-194
1.792000e+00	-2.000000e+02	6.194411e+01	1.000000e-200	3.165337e-05	1.956951e-194
1.800074e+00	-2.000000e+02	6.310644e+01	1.000000e-200	3.224732e-05	1.956951e-194
1.808000e+00	-2.000000e+02	6.426877e+01	1.000000e-200	3.284127e-05	1.956951e-194
1.816074e+00	-2.000000e+02	6.547472e+01	1.000000e-200	3.345751e-05	1.956951e-194
1.824000e+00	-2.000000e+02	6.668068e+01	1.000000e-200	3.407375e-05	1.956951e-194
1.832074e+00	-2.000000e+02	6.793189e+01	1.000000e-200	3.471312e-05	1.956951e-194
1.840000e+00	-2.000000e+02	6.918310e+01	1.000000e-200	3.535249e-05	1.956951e-194
1.848074e+00	-2.000000e+02	7.048126e+01	1.000000e-200	3.601585e-05	1.956951e-194
1.856000e+00	-2.000000e+02	7.177943e+01	1.000000e-200	3.667921e-05	1.956951e-194
1.864074e+00	-2.000000e+02	7.312631e+01	1.000000e-200	3.736747e-05	1.956951e-194
1.872000e+00	-2.000000e+02	7.447320e+01	1.000000e-200	3.805572e-05	1.956951e-194
1.880074e+00	-2.000000e+02	7.587063e+01	1.000000e-200	3.876981e-05	1.956951e-194
1.888000e+00	-2.000000e+02	7.726806e+01	1.000000e-200	3.948389e-05	1.956951e-194
1.896074e+00	-2.000000e+02	7.871793e+01	1.000000e-200	4.022478e-05	1.956951e-194
1.904000e+00	-2.000000e+02	8.016781e+01	1.000000e-200	4.096566e-05	1.956951e-194
1.912074e+00	-2.000000e+02	8.167209e+01	1.000000e-200	4.173435e-05	1.956951e-194
1.920000e+00	-2.000000e+02	8.317638e+01	1.000000e-200	4.250304e-05	1.956951e-194
1.928074e+00	-2.000000e+02	8.473712e+01	1.000000e-200	4.330057e-05	1.956951e-194
1.936000e+00	-2.000000e+02	8.629785e+01	1.000000e-200	4.409811e-05	1.956951e-194
1.944074e+00	-2.000000e+02	8.791717e+01	1.000000e-200	4.492558e-05	1.956951e-194
1.952000e+00	-2.000000e+02	8.953648e+01	1.000000e-200	4.575304e-05	1.956951e-194
1.960074e+00	-2.000000e+02	9.121656e+01	1.000000e-200	4.661156e-05	1.956951e-194
1.968000e+00	-2.000000e+02	9.289664e+01	1.000000e-200	4.747008e-05	1.956951e-194
1.976074e+00	-2.000000e+02	9.463977e+01	1.000000e-200	4.836082e-05	1.956951e-194
1.984000e+00	-2.000000e+02	9.638290e+01	1.000000e-200	4.925156e-05	1.956951e-194
1.992074e+00	-2.000000e+02	9.819145e+01	1.000000e-200	5.017572e-05	1.956951e-194
2.000000e+00	-2.000000e+02	1.000000e+02	1.000000e-200	5.109989e-05	1.956951e-194
2.008074e+00	-2.000000e+02	1.018764e+02	1.000000e-200	5.205874e-05	1.956951e-194
2.016000e+00	-2.000000e+02	1.037528e+02	1.000000e-200	5.301759e-05	1.956951e-194
2.024074e+00	-2.000000e+02	1.056997e+02	1.000000e-200	5.401242e-05	1.956951e-194
2.032000e+00	-2.000000e+02	1.076465e+02	1.000000e-200	5.500726e-05	1.956951e-194
2.040074e+00	-2.000000e+02	1.096664e+02	1.000000e-200	5.603942e-05	1.956951e-194
2.048000e+00	-2.000000e+02	1.116863e+02	1.000000e-200	5.707159e-05	1.956951e-194
2.056074e+00	-2.000000e+02	1.137820e+02	1.000000e-200	5.814249e-05	1.956951e-194
2.064000e+00	-2.000000e+02	1.158777e+02	1.000000e-200	5.921340e-05	1.956951e-194
2.072074e+00	-2.000000e+02	1.180521e+02	1.000000e-200	6.032449e-05	1.956951e-194
2.080000e+00	-2.000000e+02	1.202264e+02	1.000000e-200	6.143558e-05	1.956951e-194
2.088074e+00	-2.000000e+02	1.224824e+02	1.000000e-200	6.258837e-05	1.956951e-194
2.096000e+00	-2.000000e+02	1.247384e+02	1.000000e-200	6.374116e-05	1.956951e-194
2.104074e+00	-2.000000e+02	1.270790e+02	1.000000e-200	6.493721e-05	1.956951e-194
2.112000e+00	-2.000000e+02	1.294196e+02	1.000000e-200	6.613327e-05	1.956951e-194
2.120074e+00	-2.000000e+02	1.318480e+02	1.000000e-200	6.737420e-05	1.956951e-194
2.128000e+00	-2.000000e+02	1.342765e+02	1.000000e-200	6.861514e-05	1.956951e-194
2.136074e+00	-2.000000e+02	1.367961e+02	1.000000e-200	6.990265e-05	1.956951e-194
2.144000e+00	-2.000000e+02	1.393157e+02	1.000000e-200	7.119016e-05	1.956951e-194
2.152074e+00	-2.000000e+02	1.419298e+02	1.000000e-200	7.252599e-05	1.956951e-194
2.160000e+00	-2.000000e+02	1.445440e+02	1.000000e-200	7.386181e-05	1.956951e-194
2.168074e+00	-2.000000e+02	1.472562e+02	1.000000e-200	7.524777e-05	1.956951e-194
2.176000e+00	-2.000000e+02	1.499685e+02	1.000000e-200	7.663373e-05	1.956951e-194
2.184074e+00	-2.000000e+02	1.527825e+02	1.000000e-200	7.807170e-05	1.956951e-194
2.192000e+00	-2.000000e+02	1.555966e+02	1.000000e-200	7.950967e-05	1.956951e-194
2.200074e+00	-2.000000e+02	1.585162e+02	1.000000e-200	8.100161e-05	1.956951e-194
2.208000e+00	-2.000000e+02	1.614359e+02	1.000000e-200	8.249355e-05	1.956951e-194
2.216074e+00	-2.000000e+02	1.644651e+02	1.000000e-200	8.404147e-05	1.956951e-194
2.224000e+00	-2.000000e+02	1.674943e+02	1.000000e-200	8.558940e-05	1.956951e-194
2.232074e+00	-2.000000e+02	1.706372e+02	1.000000e-200	8.719542e-05	1.956951e-194
2.240000e+00	-2.000000e+02	1.737801e+02	1.000000e-200	8.880143e-05	1.956951e-194
2.248074e+00	-2.000000e+02	1.770409e+02	1.000000e-200	9.046772e-05	1.956951e-194
2.256000e+00	-2.000000e+02	1.803018e+02	1.000000e-200	9.213401e-05	1.956951e-194
2.264074e+00	-2.000000e+02	1.836850e+02	1.000000e-200	9.386283e-05	1.956951e-194
2.272000e+00	-2.000000e+02	1.870682e+02	1.000000e-200	9.559165e-05	1.956951e-194
2.280074e+00	-2.000000e+02	1.905784e+02	1.000000e-200	9.738536e-05	1.956951e-194
2.288000e+00	-2.000000e+02	1.940886e+02	1.000000e-200	9.917906e-05	1.956951e-194
2.296074e+00	-2.000000e+02	1.977305e+02	1.000000e-200	1.010401e-04	1.956951e-194
2.304000e+00	-2.000000e+02	2.013724e+02	1.000000e-200	1.029011e-04	1.956951e-194
2.312074e+00	-2.000000e+02	2.051510e+02	1.000000e-200	1.048319e-04	1.956951e-194
2.320000e+00	-2.000000e+02	2.089296e+02	1.000000e-200	1.067628e-04	1.956951e-194
2.328074e+00	-2.000000e+02	2.128500e+02	1.000000e-200	1.087661e-04	1.956951e-194
2.336000e+00	-2.000000e+02	2.167704e+02	1.000000e-200	1.107694e-04	1.956951e-194
2.344074e+00	-2.000000e+02	2.208379e+02	1.000000e-200	1.128479e-04	1.956951e-194
2.352000e+00	-2.000000e+02	2.249055e+02	1.000000e-200	1.149264e-04	1.956951e-194
2.360074e+00	-2.000000e+02	2.291256e+02	1.000000e-200	1.170829e-04	1.956951e-194
2.368000e+00	-2.000000e+02	2.333458e+02	1.000000e-200	1.192395e-04	1.956951e-194
2.376074e+00	-2.000000e+02	2.377244e+02	1.000000e-200	1.214769e-04	1.956951e-194
2.384000e+00	-2.000000e+02	2.421029e+02	1.000000e-200	1.237143e-04	1.956951e-194
2.392074e+00	-2.000000e+02	2.466458e+02	1.000000e-200	1.260357e-04	1.956951e-194
2.400000e+00	-2.000000e+02	2.511886e+02	1.000000e-200	1.283571e-04	1.956951e-194
2.408074e+00	-2.000000e+02	2.559020e+02	1.000000e-200	1.307656e-04	1.956951e-194
2.416000e+00	-2.000000e+02	2.606154e+02	1.000000e-200	1.331742e-04	1.956951e-194
2.424074e+00	-2.000000e+02	2.655056e+02	1.000000e-200	1.356731e-04	1.956951e-194
2.432000e+00	-2.000000e+02	2.703958e+02	1.000000e-200	1.381720e-04	1.956951e-194
2.440074e+00	-2.000000e+02	2.754696e+02	1.000000e-200	1.407647e-04	1.956951e-194
2.448000e+00	-2.000000e+02	2.805434e+02	1.000000e-200	1.433574e-04	1.956951e-194
2.456074e+00	-2.000000e+02	2.858075e+02	1.000000e-200	1.460473e-04	1.956951e-194
2.464000e+00	-2.000000e+02	2.910717e+02	1.000000e-200	1.487373e-04	1.956951e-194
2.472074e+00	-2.000000e+02	2.965334e+02	1.000000e-200	1.515283e-04	1.956951e-194
2.480000e+00	-2.000000e+02	3.019952e+02	1.000000e-200	1.543192e-04	1.956951e-194
2.488074e+00	-2.000000e+02	3.076619e+02	1.000000e-200	1.572149e-04	1.956951e-194
2.496000e+00	-2.000000e+02	3.133286e+02	1.000000e-200	1.601106e-04	1.956951e-194
2.504074e+00	-2.000000e+02	3.192079e+02	1.000000e-200	1.631149e-04	1.956951e-194
2.512000e+00	-2.000000e+02	3.250873e+02	1.000000e-200	1.661193e-04	1.956951e-194
2.520074e+00	-2.000000e+02	3.311873e+02	1.000000e-200	1.692364e-04	1.956951e-194
2.528000e+00	-2.000000e+02	3.372873e+02	1.000000e-200	1.723534e-04	1.956951e-194
2.536074e+00	-2.000000e+02	3.436162e+02	1.000000e-200	1.755875e-04	1.956951e-194
2.544000e+00	-2.000000e+02	3.499452e+02	1.000000e-200	1.788216e-04	1.956951e-194
2.552074e+00	-2.000000e+02	3.565116e+02	1.000000e-200	1.821770e-04	1.956951e-194
2.560000e+00	-2.000000e+02	3.630781e+02	1.000000e-200	1.855325e-04	1.956951e-194
2.568074e+00	-2.000000e+02	3.698909e+02	1.000000e-200	1.890139e-04	1.956951e-194
2.576000e+00	-2.000000e+02	3.767038e+02	1.000000e-200	1.924952e-04	1.956951e-194
2.584074e+00	-2.000000e+02	3.837723e+02	1.000000e-200	1.961073e-04	1.956951e-194
2.592000e+00	-2.000000e+02	3.908409e+02	1.000000e-200	1.997193e-04	1.956951e-194
2.600074e+00	-2.000000e+02	3.981747e+02	1.000000e-200	2.034668e-04	1.956951e-194
2.608000e+00	-2.000000e+02	4.055085e+02	1.000000e-200	2.072144e-04	1.956951e-194
2.616074e+00	-2.000000e+02	4.131176e+02	1.000000e-200	2.111026e-04	1.956951e-194
2.624000e+00	-2.000000e+02	4.207266e+02	1.000000e-200	2.149908e-04	1.956951e-194
2.632074e+00	-2.000000e+02	4.286212e+02	1.000000e-200	2.190250e-04	1.956951e-194
2.640000e+00	-2.000000e+02	4.365158e+02	1.000000e-200	2.230591e-04	1.956951e-194
2.648074e+00	-2.000000e+02	4.447067e+02	1.000000e-200	2.272446e-04	1.956951e-194
2.656000e+00	-2.000000e+02	4.528976e+02	1.000000e-200	2.314302e-04	1.956951e-194
2.664074e+00	-2.000000e+02	4.613958e+02	1.000000e-200	2.357728e-04	1.956951e-194
2.672000e+00	-2.000000e+02	4.698941e+02	1.000000e-200	2.401154e-04	1.956951e-194
2.680074e+00	-2.000000e+02	4.787113e+02	1.000000e-200	2.446210e-04	1.956951e-194
2.688000e+00	-2.000000e+02	4.875285e+02	1.000000e-200	2.491265e-04	1.956951e-194
2.696074e+00	-2.000000e+02	4.966766e+02	1.000000e-200	2.538012e-04	1.956951e-194
2.704000e+00	-2.000000e+02	5.058247e+02	1.000000e-200	2.584759e-04	1.956951e-194
2.712074e+00	-2.000000e+02	5.153161e+02	1.000000e-200	2.633259e-04	1.956951e-194
2.720000e+00	-2.000000e+02	5.248075e+02	1.000000e-200	2.681760e-04	1.956951e-194
2.728074e+00	-2.000000e+02	5.346551e+02	1.000000e-200	2.732082e-04	1.956951e-194
2.736000e+00	-2.000000e+02	5.445027e+02	1.000000e-200	2.782403e-04	1.956951e-194
2.744074e+00	-2.000000e+02	5.547198e+02	1.000000e-200	2.834612e-04	1.956951e-194
2.752000e+00	-2.000000e+02	5.649370e+02	1.000000e-200	2.886822e-04	1.956951e-194
2.760074e+00	-2.000000e+02	5.755376e+02	1.000000e-200	2.940991e-04	1.956951e-194
2.768000e+00	-2.000000e+02	5.861382e+02	1.000000e-200	2.995160e-04	1.956951e-194
2.776074e+00	-2.000000e+02	5.971366e+02	1.000000e-200	3.051361e-04	1.956951e-194
2.784000e+00	-2.000000e+02	6.081350e+02	1.000000e-200	3.107563e-04	1.956951e-194
2.792074e+00	-2.000000e+02	6.195462e+02	1.000000e-200	3.165874e-04	1.956951e-194
2.800000e+00	-2.000000e+02	6.309573e+02	1.000000e-200	3.224185e-04	1.956951e-194
2.808074e+00	-2.000000e+02	6.427968e+02	1.000000e-200	3.284684e-04	1.956951e-194
2.816000e+00	-2.000000e+02	6.546362e+02	1.000000e-200	3.345184e-04	1.956951e-194
2.824074e+00	-2.000000e+02	6.669199e+02	1.000000e-200	3.407953e-04	1.956951e-194
2.832000e+00	-2.000000e+02	6.792036e+02	1.000000e-200	3.470723e-04	1.956951e-194
2.840074e+00	-2.000000e+02	6.919484e+02	1.000000e-200	3.535849e-04	1.956951e-194
2.848000e+00	-2.000000e+02	7.046931e+02	1.000000e-200	3.600974e-04	1.956951e-194
2.856074e+00	-2.000000e+02	7.179161e+02	1.000000e-200	3.668543e-04	1.956951e-194
2.864000e+00	-2.000000e+02	7.311391e+02	1.000000e-200	3.736113e-04	1.956951e-194
2.872074e+00	-2.000000e+02	7.448583e+02	1.000000e-200	3.806218e-04	1.956951e-194
2.880000e+00	-2.000000e+02	7.585776e+02	1.000000e-200	3.876323e-04	1.956951e-194
2.888074e+00	-2.000000e+02	7.728117e+02	1.000000e-200	3.949059e-04	1.956951e-194
2.896000e+00	-2.000000e+02	7.870458e+02	1.000000e-200	4.021795e-04	1.956951e-194
2.904074e+00	-2.000000e+02	8.018141e+02	1.000000e-200	4.097261e-04	1.956951e-194
2.912000e+00	-2.000000e+02	8.165824e+02	1.000000e-200	4.172727e-04	1.956951e-194
2.920074e+00	-2.000000e+02	8.319049e+02	1.000000e-200	4.251025e-04	1.956951e-194
2.928000e+00	-2.000000e+02	8.472274e+02	1.000000e-200	4.329323e-04	1.956951e-194
2.936074e+00	-2.000000e+02	8.631250e+02	1.000000e-200	4.410559e-04	1.956951e-194
2.944000e+00	-2.000000e+02	8.790225e+02	1.000000e-200	4.491795e-04	1.956951e-194
2.952074e+00	-2.000000e+02	8.955167e+02	1.000000e-200	4.576080e-04	1.956951e-194
2.960000e+00	-2.000000e+02	9.120108e+02	1.000000e-200	4.660365e-04	1.956951e-194
2.968074e+00	-2.000000e+02	9.291240e+02	1.000000e-200	4.747814e-04	1.956951e-194
2.976000e+00	-2.000000e+02	9.462372e+02	1.000000e-200	4.835262e-04	1.956951e-194
2.984074e+00	-2.000000e+02	9.639926e+02	1.000000e-200	4.925991e-04	1.956951e-194
2.992000e+00	-2.000000e+02	9.817479e+02	1.000000e-200	5.016721e-04	1.956951e-194
3.000074e+00	-2.000000e+02	1.000170e+03	1.000000e-200	5.110856e-04	1.956951e-194
3.008000e+00	-2.000000e+02	1.018591e+03	1.000000e-200	5.204991e-04	1.956951e-194
3.016074e+00	-2.000000e+02	1.037704e+03	1.000000e-200	5.302658e-04	1.956951e-194
3.024000e+00	-2.000000e+02	1.056818e+03	1.000000e-200	5.400326e-04	1.956951e-194
3.032074e+00	-2.000000e+02	1.076648e+03	1.000000e-200	5.501659e-04	1.956951e-194
3.040000e+00	-2.000000e+02	1.096478e+03	1.000000e-200	5.602992e-04	1.956951e-194
3.048074e+00	-2.000000e+02	1.117053e+03	1.000000e-200	5.708127e-04	1.956951e-194
3.056000e+00	-2.000000e+02	1.137627e+03	1.000000e-200	5.813263e-04	1.956951e-194
3.064074e+00	-2.000000e+02	1.158974e+03	1.000000e-200	5.922344e-04	1.956951e-194
3.072000e+00	-2.000000e+02	1.180321e+03	1.000000e-200	6.031426e-04	1.956951e-194
3.080074e+00	-2.000000e+02	1.202468e+03	1.000000e-200	6.144601e-04	1.956951e-194
3.088000e+00	-2.000000e+02	1.224616e+03	1.000000e-200	6.257775e-04	1.956951e-194
3.096074e+00	-2.000000e+02	1.247595e+03	1.000000e-200	6.375198e-04	1.956951e-194
3.104000e+00	-2.000000e+02	1.270574e+03	1.000000e-200	6.492620e-04	1.956951e-194
3.112074e+00	-2.000000e+02	1.294415e+03	1.000000e-200	6.614449e-04	1.956951e-194
3.120000e+00	-2.000000e+02	1.318257e+03	1.000000e-200	6.736278e-04	1.956951e-194
3.128074e+00	-2.000000e+02	1.342993e+03	1.000000e-200	6.862678e-04	1.956951e-194
3.136000e+00	-7.123466e+00	1.367729e+03	7.525481e-08	6.989079e-04	1.472700e-01
3.144074e+00	-7.141085e+00	1.393393e+03	7.226286e-08	7.120224e-04	1.414149e-01
3.152000e+00	-7.158382e+00	1.419058e+03	6.944127e-08	7.251368e-04	1.358932e-01
3.160074e+00	-7.176001e+00	1.445685e+03	6.668045e-08	7.387435e-04	1.304904e-01
3.168000e+00	-7.193299e+00	1.472313e+03	6.407683e-08	7.523501e-04	1.253952e-01
3.176074e+00	-7.210918e+00	1.499939e+03	6.152929e-08	7.664673e-04	1.204098e-01
3.184000e+00	-7.228216e+00	1.527566e+03	5.912680e-08	7.805846e-04	1.157083e-01
3.192074e+00	-7.245835e+00	1.556230e+03	5.677607e-08	7.952316e-04	1.111080e-01
3.200000e+00	-7.263132e+00	1.584893e+03	5.455917e-08	8.098787e-04	1.067696e-01
3.208074e+00	-7.280751e+00	1.614632e+03	5.239003e-08	8.250754e-04	1.025247e-01
3.216000e+00	-7.298049e+00	1.644372e+03	5.034440e-08	8.402722e-04	9.852154e-02
3.224074e+00	-7.315668e+00	1.675227e+03	4.834283e-08	8.560392e-04	9.460456e-02
3.232000e+00	-7.332965e+00	1.706082e+03	4.645522e-08	8.718062e-04	9.091061e-02
3.240074e+00	-7.350585e+00	1.738096e+03	4.460828e-08	8.881650e-04	8.729623e-02
3.248000e+00	-7.367882e+00	1.770109e+03	4.286649e-08	9.045237e-04	8.388763e-02
3.256074e+00	-7.385501e+00	1.803324e+03	4.116222e-08	9.214964e-04	8.055247e-02
3.264000e+00	-7.402799e+00	1.836538e+03	3.955499e-08	9.384691e-04	7.740719e-02
3.272074e+00	-7.420418e+00	1.871000e+03	3.798238e-08	9.560787e-04	7.432967e-02
3.280000e+00	-7.437715e+00	1.905461e+03	3.649931e-08	9.736883e-04	7.142738e-02
3.288074e+00	-7.455334e+00	1.941215e+03	3.504819e-08	9.919588e-04	6.858760e-02
3.296000e+00	-7.472632e+00	1.976970e+03	3.367969e-08	1.010229e-03	6.590951e-02
3.304074e+00	-7.490251e+00	2.014066e+03	3.234067e-08	1.029185e-03	6.328911e-02
3.312000e+00	-7.507549e+00	2.051162e+03	3.107788e-08	1.048142e-03	6.081791e-02
3.320074e+00	-7.525168e+00	2.089651e+03	2.984230e-08	1.067809e-03	5.839994e-02
3.328000e+00	-7.542465e+00	2.128139e+03	2.867707e-08	1.087477e-03	5.611964e-02
3.336074e+00	-7.560084e+00	2.168072e+03	2.753694e-08	1.107882e-03	5.388846e-02
3.344000e+00	-7.577382e+00	2.208005e+03	2.646173e-08	1.128288e-03	5.178432e-02
3.352074e+00	-7.595001e+00	2.249436e+03	2.540968e-08	1.149459e-03	4.972550e-02
3.360000e+00	-7.612298e+00	2.290868e+03	2.441752e-08	1.170631e-03	4.778390e-02
3.368074e+00	-7.629918e+00	2.333854e+03	2.344674e-08	1.192597e-03	4.588413e-02
3.376000e+00	-7.647215e+00	2.376840e+03	2.253123e-08	1.214563e-03	4.409253e-02
3.384074e+00	-7.664834e+00	2.421440e+03	2.163545e-08	1.237353e-03	4.233952e-02
3.392000e+00	-7.682132e+00	2.466039e+03	2.079066e-08	1.260143e-03	4.068632e-02
3.400074e+00	-7.699751e+00	2.512313e+03	1.996408e-08	1.283789e-03	3.906873e-02
3.408000e+00	-7.717048e+00	2.558586e+03	1.918456e-08	1.307435e-03	3.754324e-02
3.416074e+00	-7.734667e+00	2.606596e+03	1.842182e-08	1.331968e-03	3.605061e-02
3.424000e+00	-7.751965e+00	2.654606e+03	1.770252e-08	1.356501e-03	3.464297e-02
3.432074e+00	-7.769584e+00	2.704417e+03	1.699871e-08	1.381954e-03	3.326565e-02
3.440000e+00	-7.786882e+00	2.754229e+03	1.633498e-08	1.407408e-03	3.196675e-02
3.448074e+00	-7.804501e+00	2.805910e+03	1.568554e-08	1.433817e-03	3.069583e-02
3.456000e+00	-7.821798e+00	2.857591e+03	1.507308e-08	1.460226e-03	2.949728e-02
3.464074e+00	-7.839417e+00	2.911211e+03	1.447381e-08	1.487626e-03	2.832454e-02
3.472000e+00	-7.856715e+00	2.964831e+03	1.390866e-08	1.515026e-03	2.721857e-02
3.480074e+00	-7.874334e+00	3.020464e+03	1.335568e-08	1.543454e-03	2.613643e-02
3.488000e+00	-7.891631e+00	3.076097e+03	1.283420e-08	1.571882e-03	2.511590e-02
3.496074e+00	-7.909250e+00	3.133817e+03	1.232394e-08	1.601377e-03	2.411735e-02
3.504000e+00	-7.926548e+00	3.191538e+03	1.184274e-08	1.630872e-03	2.317566e-02
3.512074e+00	-7.944167e+00	3.251425e+03	1.137190e-08	1.661474e-03	2.225425e-02
3.520000e+00	-7.961465e+00	3.311311e+03	1.092787e-08	1.692076e-03	2.138530e-02
3.528074e+00	-7.979084e+00	3.373445e+03	1.049340e-08	1.723827e-03	2.053508e-02
3.536000e+00	-7.996381e+00	3.435579e+03	1.008367e-08	1.755577e-03	1.973326e-02
3.544074e+00	-8.014000e+00	3.500045e+03	9.682772e-09	1.788519e-03	1.894871e-02
3.552000e+00	-8.031298e+00	3.564511e+03	9.304696e-09	1.821461e-03	1.820884e-02
3.560074e+00	-8.048917e+00	3.631397e+03	8.934764e-09	1.855640e-03	1.748490e-02
3.568000e+00	-8.066214e+00	3.698282e+03	8.585895e-09	1.889818e-03	1.680218e-02
3.576074e+00	-8.083834e+00	3.767677e+03	8.244540e-09	1.925279e-03	1.613416e-02
3.584000e+00	-8.101131e+00	3.837072e+03	7.922622e-09	1.960740e-03	1.550419e-02
3.592074e+00	-8.118750e+00	3.909072e+03	7.607638e-09	1.997532e-03	1.488778e-02
3.600000e+00	-8.136048e+00	3.981072e+03	7.310588e-09	2.034323e-03	1.430647e-02
3.608074e+00	-8.153667e+00	4.055773e+03	7.019937e-09	2.072496e-03	1.373768e-02
3.616000e+00	-8.170964e+00	4.130475e+03	6.745835e-09	2.110668e-03	1.320127e-02
3.624074e+00	-8.188583e+00	4.207980e+03	6.477637e-09	2.150273e-03	1.267642e-02
3.632000e+00	-8.205881e+00	4.285485e+03	6.224709e-09	2.189878e-03	1.218145e-02
3.640074e+00	-8.223500e+00	4.365899e+03	5.977230e-09	2.230970e-03	1.169715e-02
3.648000e+00	-8.240798e+00	4.446313e+03	5.743842e-09	2.272061e-03	1.124042e-02
3.656074e+00	-8.258417e+00	4.529744e+03	5.515481e-09	2.314694e-03	1.079353e-02
3.664000e+00	-8.275714e+00	4.613176e+03	5.300122e-09	2.357328e-03	1.037208e-02
3.672074e+00	-8.293333e+00	4.699738e+03	5.089402e-09	2.401561e-03	9.959712e-03
3.680000e+00	-8.310631e+00	4.786301e+03	4.890680e-09	2.445795e-03	9.570822e-03
3.688074e+00	-8.328250e+00	4.876112e+03	4.696238e-09	2.491688e-03	9.190310e-03
3.696000e+00	-8.345547e+00	4.965923e+03	4.512868e-09	2.537581e-03	8.831462e-03
3.704074e+00	-8.363166e+00	5.059105e+03	4.333447e-09	2.585197e-03	8.480345e-03
3.712000e+00	-8.380464e+00	5.152286e+03	4.164242e-09	2.632813e-03	8.149219e-03
3.720074e+00	-8.398083e+00	5.248965e+03	3.998682e-09	2.682215e-03	7.825226e-03
3.728000e+00	-8.415381e+00	5.345644e+03	3.842549e-09	2.731618e-03	7.519681e-03
3.736074e+00	-8.433000e+00	5.445950e+03	3.689778e-09	2.782875e-03	7.220716e-03
3.744000e+00	-8.450297e+00	5.546257e+03	3.545706e-09	2.834131e-03	6.938774e-03
3.752074e+00	-8.467916e+00	5.650328e+03	3.404738e-09	2.887312e-03	6.662906e-03
3.760000e+00	-8.485214e+00	5.754399e+03	3.271795e-09	2.940492e-03	6.402744e-03
3.768074e+00	-8.502833e+00	5.862376e+03	3.141717e-09	2.995668e-03	6.148187e-03
3.776000e+00	-8.520130e+00	5.970353e+03	3.019044e-09	3.050844e-03	5.908123e-03
3.784074e+00	-8.537750e+00	6.082382e+03	2.899015e-09	3.108090e-03	5.673231e-03
3.792000e+00	-8.555047e+00	6.194411e+03	2.785819e-09	3.165337e-03	5.451712e-03
3.800074e+00	-8.572666e+00	6.310644e+03	2.675062e-09	3.224732e-03	5.234965e-03
3.808000e+00	-8.589964e+00	6.426877e+03	2.570610e-09	3.284127e-03	5.030560e-03
3.816074e+00	-8.607583e+00	6.547472e+03	2.468409e-09	3.345751e-03	4.830557e-03
3.824000e+00	-8.624880e+00	6.668068e+03	2.372027e-09	3.407375e-03	4.641942e-03
3.832074e+00	-8.642499e+00	6.793189e+03	2.277721e-09	3.471312e-03	4.457389e-03
3.840000e+00	-8.659797e+00	6.918310e+03	2.188785e-09	3.535249e-03	4.283345e-03
3.848074e+00	-8.677416e+00	7.048126e+03	2.101764e-09	3.601585e-03	4.113050e-03
3.856000e+00	-8.694714e+00	7.177943e+03	2.019698e-09	3.667921e-03	3.952451e-03
3.864074e+00	-8.712333e+00	7.312631e+03	1.939400e-09	3.736747e-03	3.795311e-03
3.872000e+00	-8.729630e+00	7.447320e+03	1.863673e-09	3.805572e-03	3.647118e-03
3.880074e+00	-8.747249e+00	7.587063e+03	1.789578e-09	3.876981e-03	3.502118e-03
3.888000e+00	-8.764547e+00	7.726806e+03	1.719702e-09	3.948389e-03	3.365373e-03
3.896074e+00	-8.782166e+00	7.871793e+03	1.651331e-09	4.022478e-03	3.231574e-03
3.904000e+00	-8.799463e+00	8.016781e+03	1.586852e-09	4.096566e-03	3.105393e-03
3.912074e+00	-8.817083e+00	8.167209e+03	1.523763e-09	4.173435e-03	2.981930e-03
3.920000e+00	-8.834380e+00	8.317638e+03	1.464266e-09	4.250304e-03	2.865497e-03
3.928074e+00	-8.851999e+00	8.473712e+03	1.406050e-09	4.330057e-03	2.751572e-03
3.936000e+00	-8.869297e+00	8.629785e+03	1.351149e-09	4.409811e-03	2.644133e-03
3.944074e+00	-8.886916e+00	8.791717e+03	1.297431e-09	4.492558e-03	2.539009e-03
3.952000e+00	-8.904213e+00	8.953648e+03	1.246771e-09	4.575304e-03	2.439870e-03
3.960074e+00	-8.921832e+00	9.121656e+03	1.197202e-09	4.661156e-03	2.342867e-03
3.968000e+00	-8.939130e+00	9.289664e+03	1.150456e-09	4.747008e-03	2.251387e-03
3.976074e+00	-8.956749e+00	9.463977e+03	1.104717e-09	4.836082e-03	2.161877e-03
3.984000e+00	-8.974047e+00	9.638290e+03	1.061582e-09	4.925156e-03	2.077464e-03
3.992074e+00	-8.991666e+00	9.819145e+03	1.019376e-09	5.017572e-03	1.994869e-03
4.000000e+00	-9.008963e+00	1.000000e+04	9.795731e-10	5.109989e-03	1.916977e-03
4.008074e+00	-9.026582e+00	1.018764e+04	9.406277e-10	5.205874e-03	1.840763e-03
4.016000e+00	-9.043880e+00	1.037528e+04	9.038997e-10	5.301759e-03	1.768888e-03
4.024074e+00	-9.061499e+00	1.056997e+04	8.679628e-10	5.401242e-03	1.698561e-03
4.032000e+00	-9.078796e+00	1.076465e+04	8.340721e-10	5.500726e-03	1.632239e-03
4.040074e+00	-9.096415e+00	1.096664e+04	8.009115e-10	5.603942e-03	1.567345e-03
4.048000e+00	-9.113713e+00	1.116863e+04	7.696389e-10	5.707159e-03	1.506146e-03
4.056074e+00	-9.131332e+00	1.137820e+04	7.390399e-10	5.814249e-03	1.446265e-03
4.064000e+00	-9.148630e+00	1.158777e+04	7.101832e-10	5.921340e-03	1.389794e-03
4.072074e+00	-9.166249e+00	1.180521e+04	6.819480e-10	6.032449e-03	1.334539e-03
4.080000e+00	-9.183546e+00	1.202264e+04	6.553205e-10	6.143558e-03	1.282430e-03
4.088074e+00	-9.201165e+00	1.224824e+04	6.292666e-10	6.258837e-03	1.231444e-03
4.096000e+00	-9.218463e+00	1.247384e+04	6.046961e-10	6.374116e-03	1.183361e-03
4.104074e+00	-9.236082e+00	1.270790e+04	5.806548e-10	6.493721e-03	1.136313e-03
4.112000e+00	-9.253379e+00	1.294196e+04	5.579824e-10	6.613327e-03	1.091944e-03
4.120074e+00	-9.270999e+00	1.318480e+04	5.357984e-10	6.737420e-03	1.048531e-03
4.128000e+00	-9.288296e+00	1.342765e+04	5.148775e-10	6.861514e-03	1.007590e-03
4.136074e+00	-9.305915e+00	1.367961e+04	4.944072e-10	6.990265e-03	9.675309e-04
4.144000e+00	-9.323213e+00	1.393157e+04	4.751025e-10	7.119016e-03	9.297524e-04
4.152074e+00	-9.340832e+00	1.419298e+04	4.562136e-10	7.252599e-03	8.927877e-04
4.160000e+00	-9.358129e+00	1.445440e+04	4.384001e-10	7.386181e-03	8.579277e-04
4.168074e+00	-9.375748e+00	1.472562e+04	4.209704e-10	7.524777e-03	8.238186e-04
4.176000e+00	-9.393046e+00	1.499685e+04	4.045331e-10	7.663373e-03	7.916516e-04
4.184074e+00	-9.410665e+00	1.527825e+04	3.884498e-10	7.807170e-03	7.601774e-04
4.192000e+00	-9.427963e+00	1.555966e+04	3.732823e-10	7.950967e-03	7.304953e-04
4.200074e+00	-9.445582e+00	1.585162e+04	3.584415e-10	8.100161e-03	7.014526e-04
4.208000e+00	-9.462879e+00	1.614359e+04	3.444457e-10	8.249355e-03	6.740635e-04
4.216074e+00	-9.480498e+00	1.644651e+04	3.307514e-10	8.404147e-03	6.472644e-04
4.224000e+00	-9.497796e+00	1.674943e+04	3.178368e-10	8.558940e-03	6.219912e-04
4.232074e+00	-9.515415e+00	1.706372e+04	3.052004e-10	8.719542e-03	5.972623e-04
4.240000e+00	-9.532712e+00	1.737801e+04	2.932835e-10	8.880143e-03	5.739415e-04
4.248074e+00	-9.550332e+00	1.770409e+04	2.816232e-10	9.046772e-03	5.511229e-04
4.256000e+00	-9.567629e+00	1.803018e+04	2.706269e-10	9.213401e-03	5.296037e-04
4.264074e+00	-9.585248e+00	1.836850e+04	2.598674e-10	9.386283e-03	5.085479e-04
4.272000e+00	-9.602546e+00	1.870682e+04	2.497206e-10	9.559165e-03	4.886910e-04
4.280074e+00	-9.620165e+00	1.905784e+04	2.397923e-10	9.738536e-03	4.692619e-04
4.288000e+00	-9.637462e+00	1.940886e+04	2.304293e-10	9.917906e-03	4.509389e-04
4.296074e+00	-9.655081e+00	1.977305e+04	2.212680e-10	1.010401e-02	4.330107e-04
4.304000e+00	-9.672379e+00	2.013724e+04	2.126283e-10	1.029011e-02	4.161033e-04
4.312074e+00	-9.689998e+00	2.051510e+04	2.041747e-10	1.048319e-02	3.995600e-04
4.320000e+00	-9.707296e+00	2.089296e+04	1.962025e-10	1.067628e-02	3.839587e-04
4.328074e+00	-9.724915e+00	2.128500e+04	1.884019e-10	1.087661e-02	3.686934e-04
4.336000e+00	-9.742212e+00	2.167704e+04	1.810456e-10	1.107694e-02	3.542973e-04
4.344074e+00	-9.759831e+00	2.208379e+04	1.738476e-10	1.128479e-02	3.402113e-04
4.352000e+00	-9.777129e+00	2.249055e+04	1.670595e-10	1.149264e-02	3.269274e-04
4.360074e+00	-9.794748e+00	2.291256e+04	1.604176e-10	1.170829e-02	3.139295e-04
4.368000e+00	-9.812045e+00	2.333458e+04	1.541539e-10	1.192395e-02	3.016718e-04
4.376074e+00	-9.829664e+00	2.377244e+04	1.480252e-10	1.214769e-02	2.896780e-04
4.384000e+00	-9.846962e+00	2.421029e+04	1.422453e-10	1.237143e-02	2.783672e-04
4.392074e+00	-9.864581e+00	2.466458e+04	1.365900e-10	1.260357e-02	2.673000e-04
4.400000e+00	-9.881879e+00	2.511886e+04	1.312567e-10	1.283571e-02	2.568629e-04
4.408074e+00	-9.899498e+00	2.559020e+04	1.260382e-10	1.307656e-02	2.466507e-04
4.416000e+00	-9.916795e+00	2.606154e+04	1.211169e-10	1.331742e-02	2.370199e-04
4.424074e+00	-9.934414e+00	2.655056e+04	1.163016e-10	1.356731e-02	2.275966e-04
4.432000e+00	-9.951712e+00	2.703958e+04	1.117605e-10	1.381720e-02	2.187098e-04
4.440074e+00	-9.969331e+00	2.754696e+04	1.073171e-10	1.407647e-02	2.100144e-04
4.448000e+00	-9.986628e+00	2.805434e+04	1.031268e-10	1.433574e-02	2.018141e-04
4.456074e+00	-1.000425e+01	2.858075e+04	9.902673e-11	1.460473e-02	1.937905e-04
4.464000e+00	-1.002155e+01	2.910717e+04	9.516010e-11	1.487373e-02	1.862237e-04
4.472074e+00	-1.003916e+01	2.965334e+04	9.137677e-11	1.515283e-02	1.788199e-04
4.480000e+00	-1.005646e+01	3.019952e+04	8.780885e-11	1.543192e-02	1.718376e-04
4.488074e+00	-1.007408e+01	3.076619e+04	8.431779e-11	1.572149e-02	1.650058e-04
4.496000e+00	-1.009138e+01	3.133286e+04	8.102549e-11	1.601106e-02	1.585629e-04
4.504074e+00	-1.010900e+01	3.192079e+04	7.780412e-11	1.631149e-02	1.522589e-04
4.512000e+00	-1.012629e+01	3.250873e+04	7.476616e-11	1.661193e-02	1.463137e-04
4.520074e+00	-1.014391e+01	3.311873e+04	7.179364e-11	1.692364e-02	1.404967e-04
4.528000e+00	-1.016121e+01	3.372873e+04	6.899036e-11	1.723534e-02	1.350108e-04
4.536074e+00	-1.017883e+01	3.436162e+04	6.624748e-11	1.755875e-02	1.296431e-04
4.544000e+00	-1.019613e+01	3.499452e+04	6.366076e-11	1.788216e-02	1.245810e-04
4.552074e+00	-1.021375e+01	3.565116e+04	6.112976e-11	1.821770e-02	1.196280e-04
4.560000e+00	-1.023104e+01	3.630781e+04	5.874287e-11	1.855325e-02	1.149569e-04
4.568074e+00	-1.024866e+01	3.698909e+04	5.640740e-11	1.890139e-02	1.103865e-04
4.576000e+00	-1.026596e+01	3.767038e+04	5.420490e-11	1.924952e-02	1.060764e-04
4.584074e+00	-1.028358e+01	3.837723e+04	5.204985e-11	1.961073e-02	1.018590e-04
4.592000e+00	-1.030088e+01	3.908409e+04	5.001750e-11	1.997193e-02	9.788181e-05
4.600074e+00	-1.031850e+01	3.981747e+04	4.802892e-11	2.034668e-02	9.399027e-05
4.608000e+00	-1.033579e+01	4.055085e+04	4.615357e-11	2.072144e-02	9.032030e-05
4.616074e+00	-1.035341e+01	4.131176e+04	4.431862e-11	2.111026e-02	8.672939e-05
4.624000e+00	-1.037071e+01	4.207266e+04	4.258814e-11	2.149908e-02	8.334293e-05
4.632074e+00	-1.038833e+01	4.286212e+04	4.089494e-11	2.190250e-02	8.002942e-05
4.640000e+00	-1.040563e+01	4.365158e+04	3.929815e-11	2.230591e-02	7.690457e-05
4.648074e+00	-1.042325e+01	4.447067e+04	3.773575e-11	2.272446e-02	7.384703e-05
4.656000e+00	-1.044054e+01	4.528976e+04	3.626231e-11	2.314302e-02	7.096358e-05
4.664074e+00	-1.045816e+01	4.613958e+04	3.482061e-11	2.357728e-02	6.814224e-05
4.672000e+00	-1.047546e+01	4.698941e+04	3.346100e-11	2.401154e-02	6.548154e-05
4.680074e+00	-1.049308e+01	4.787113e+04	3.213067e-11	2.446210e-02	6.287816e-05
4.688000e+00	-1.051038e+01	4.875285e+04	3.087609e-11	2.491265e-02	6.042300e-05
4.696074e+00	-1.052800e+01	4.966766e+04	2.964853e-11	2.538012e-02	5.802073e-05
4.704000e+00	-1.054529e+01	5.058247e+04	2.849086e-11	2.584759e-02	5.575524e-05
4.712074e+00	-1.056291e+01	5.153161e+04	2.735814e-11	2.633259e-02	5.353854e-05
4.720000e+00	-1.058021e+01	5.248075e+04	2.628990e-11	2.681760e-02	5.144806e-05
4.728074e+00	-1.059783e+01	5.346551e+04	2.524468e-11	2.732082e-02	4.940261e-05
4.736000e+00	-1.061513e+01	5.445027e+04	2.425897e-11	2.782403e-02	4.747363e-05
4.744074e+00	-1.063275e+01	5.547198e+04	2.329449e-11	2.834612e-02	4.558619e-05
4.752000e+00	-1.065004e+01	5.649370e+04	2.238493e-11	2.886822e-02	4.380622e-05
4.760074e+00	-1.066766e+01	5.755376e+04	2.149496e-11	2.940991e-02	4.206459e-05
4.768000e+00	-1.068496e+01	5.861382e+04	2.065566e-11	2.995160e-02	4.042213e-05
4.776074e+00	-1.070258e+01	5.971366e+04	1.983445e-11	3.051361e-02	3.881504e-05
4.784000e+00	-1.071988e+01	6.081350e+04	1.905998e-11	3.107563e-02	3.729946e-05
4.792074e+00	-1.073750e+01	6.195462e+04	1.830221e-11	3.165874e-02	3.581653e-05
4.800000e+00	-1.075479e+01	6.309573e+04	1.758757e-11	3.224185e-02	3.441802e-05
4.808074e+00	-1.077241e+01	6.427968e+04	1.688833e-11	3.284684e-02	3.304965e-05
4.816000e+00	-1.078971e+01	6.546362e+04	1.622891e-11	3.345184e-02	3.175918e-05
4.824074e+00	-1.080733e+01	6.669199e+04	1.558369e-11	3.407953e-02	3.049652e-05
4.832000e+00	-1.082463e+01	6.792036e+04	1.497520e-11	3.470723e-02	2.930574e-05
4.840074e+00	-1.084225e+01	6.919484e+04	1.437982e-11	3.535849e-02	2.814062e-05
4.848000e+00	-1.085954e+01	7.046931e+04	1.381835e-11	3.600974e-02	2.704183e-05
4.856074e+00	-1.087716e+01	7.179161e+04	1.326896e-11	3.668543e-02	2.596671e-05
4.864000e+00	-1.089446e+01	7.311391e+04	1.275086e-11	3.736113e-02	2.495281e-05
4.872074e+00	-1.091208e+01	7.448583e+04	1.224392e-11	3.806218e-02	2.396075e-05
4.880000e+00	-1.092938e+01	7.585776e+04	1.176584e-11	3.876323e-02	2.302517e-05
4.888074e+00	-1.094700e+01	7.728117e+04	1.129806e-11	3.949059e-02	2.210975e-05
4.896000e+00	-1.096429e+01	7.870458e+04	1.085691e-11	4.021795e-02	2.124644e-05
4.904074e+00	-1.098191e+01	8.018141e+04	1.042527e-11	4.097261e-02	2.040174e-05
4.912000e+00	-1.099921e+01	8.165824e+04	1.001820e-11	4.172727e-02	1.960512e-05
4.920074e+00	-1.101683e+01	8.319049e+04	9.619898e-12	4.251025e-02	1.882567e-05
4.928000e+00	-1.103413e+01	8.472274e+04	9.244277e-12	4.329323e-02	1.809060e-05
4.936074e+00	-1.105175e+01	8.631250e+04	8.876748e-12	4.410559e-02	1.737136e-05
4.944000e+00	-1.106904e+01	8.790225e+04	8.530144e-12	4.491795e-02	1.669308e-05
4.952074e+00	-1.108666e+01	8.955167e+04	8.191006e-12	4.576080e-02	1.602940e-05
4.960000e+00	-1.110396e+01	9.120108e+04	7.871178e-12	4.660365e-02	1.540351e-05
4.968074e+00	-1.112158e+01	9.291240e+04	7.558239e-12	4.747814e-02	1.479111e-05
4.976000e+00	-1.113888e+01	9.462372e+04	7.263118e-12	4.835262e-02	1.421357e-05
4.984074e+00	-1.115650e+01	9.639926e+04	6.974354e-12	4.925991e-02	1.364847e-05
4.992000e+00	-1.117379e+01	9.817479e+04	6.702032e-12	5.016721e-02	1.311555e-05
5.000074e+00	-1.119141e+01	1.000170e+05	6.435576e-12	5.110856e-02	1.259411e-05
5.008000e+00	-1.120871e+01	1.018591e+05	6.184290e-12	5.204991e-02	1.210236e-05
5.016074e+00	-1.122769e+01	1.037704e+05	5.919826e-12	5.302658e-02	1.158481e-05
5.024000e+00	-1.125543e+01	1.056818e+05	5.553500e-12	5.400326e-02	1.086793e-05
5.032074e+00	-1.128369e+01	1.076648e+05	5.203660e-12	5.501659e-02	1.018331e-05
5.040000e+00	-1.131143e+01	1.096478e+05	4.881652e-12	5.602992e-02	9.553155e-06
5.048074e+00	-1.133969e+01	1.117053e+05	4.574134e-12	5.708127e-02	8.951359e-06
5.056000e+00	-1.136743e+01	1.137627e+05	4.291082e-12	5.813263e-02	8.397438e-06
5.064074e+00	-1.139569e+01	1.158974e+05	4.020767e-12	5.922344e-02	7.868446e-06
5.072000e+00	-1.142343e+01	1.180321e+05	3.771958e-12	6.031426e-02	7.381537e-06
5.080074e+00	-1.145169e+01	1.202468e+05	3.534345e-12	6.144601e-02	6.916541e-06
5.088000e+00	-1.147943e+01	1.224616e+05	3.315636e-12	6.257775e-02	6.488538e-06
5.096074e+00	-1.150769e+01	1.247595e+05	3.106769e-12	6.375198e-02	6.079795e-06
5.104000e+00	-1.153543e+01	1.270574e+05	2.914518e-12	6.492620e-02	5.703571e-06
5.112074e+00	-1.156369e+01	1.294415e+05	2.730920e-12	6.614449e-02	5.344277e-06
5.120000e+00	-1.159143e+01	1.318257e+05	2.561927e-12	6.736278e-02	5.013567e-06
5.128074e+00	-1.161969e+01	1.342993e+05	2.400540e-12	6.862678e-02	4.697740e-06
5.136000e+00	-1.164743e+01	1.367729e+05	2.251992e-12	6.989079e-02	4.407038e-06
5.144074e+00	-1.167569e+01	1.393393e+05	2.110129e-12	7.120224e-02	4.129419e-06
5.152000e+00	-1.170343e+01	1.419058e+05	1.979551e-12	7.251368e-02	3.873886e-06
5.160074e+00	-1.173169e+01	1.445685e+05	1.854851e-12	7.387435e-02	3.629852e-06
5.168000e+00	-1.175943e+01	1.472313e+05	1.740070e-12	7.523501e-02	3.405233e-06
5.176074e+00	-1.178769e+01	1.499939e+05	1.630455e-12	7.664673e-02	3.190722e-06
5.184000e+00	-1.181543e+01	1.527566e+05	1.529561e-12	7.805846e-02	2.993276e-06
5.192074e+00	-1.184369e+01	1.556230e+05	1.433207e-12	7.952316e-02	2.804716e-06
5.200000e+00	-1.187143e+01	1.584893e+05	1.344519e-12	8.098787e-02	2.631157e-06
5.208074e+00	-1.189969e+01	1.614632e+05	1.259821e-12	8.250754e-02	2.465409e-06
5.216000e+00	-1.192743e+01	1.644372e+05	1.181862e-12	8.402722e-02	2.312847e-06
5.224074e+00	-1.195569e+01	1.675227e+05	1.107411e-12	8.560392e-02	2.167150e-06
5.232000e+00	-1.198343e+01	1.706082e+05	1.038883e-12	8.718062e-02	2.033044e-06
5.240074e+00	-1.201169e+01	1.738096e+05	9.734394e-13	8.881650e-02	1.904974e-06
5.248000e+00	-1.203943e+01	1.770109e+05	9.132019e-13	9.045237e-02	1.787092e-06
5.256074e+00	-1.206769e+01	1.803324e+05	8.556752e-13	9.214964e-02	1.674515e-06
5.264000e+00	-1.209543e+01	1.836538e+05	8.027250e-13	9.384691e-02	1.570894e-06
5.272074e+00	-1.212369e+01	1.871000e+05	7.521577e-13	9.560787e-02	1.471936e-06
5.280000e+00	-1.215143e+01	1.905461e+05	7.056134e-13	9.736883e-02	1.380851e-06
5.288074e+00	-1.217969e+01	1.941215e+05	6.611636e-13	9.919588e-02	1.293865e-06
5.296000e+00	-1.220743e+01	1.976970e+05	6.202500e-13	1.010229e-01	1.213799e-06
5.304074e+00	-1.223569e+01	2.014066e+05	5.811777e-13	1.029185e-01	1.137336e-06
5.312000e+00	-1.226343e+01	2.051162e+05	5.452138e-13	1.048142e-01	1.066957e-06
5.320074e+00	-1.229169e+01	2.089651e+05	5.108683e-13	1.067809e-01	9.997443e-07
5.328000e+00	-1.231943e+01	2.128139e+05	4.792552e-13	1.087477e-01	9.378790e-07
5.336074e+00	-1.234769e+01	2.168072e+05	4.490647e-13	1.107882e-01	8.787978e-07
5.344000e+00	-1.237543e+01	2.208005e+05	4.212761e-13	1.128288e-01	8.244168e-07
5.352074e+00	-1.240369e+01	2.249436e+05	3.947380e-13	1.149459e-01	7.724830e-07
5.360000e+00	-1.243143e+01	2.290868e+05	3.703112e-13	1.170631e-01	7.246809e-07
5.368074e+00	-1.245969e+01	2.333854e+05	3.469836e-13	1.192597e-01	6.790300e-07
5.376000e+00	-1.248743e+01	2.376840e+05	3.255118e-13	1.214563e-01	6.370108e-07
5.384074e+00	-1.251569e+01	2.421440e+05	3.050064e-13	1.237353e-01	5.968826e-07
5.392000e+00	-1.254343e+01	2.466039e+05	2.861322e-13	1.260143e-01	5.599469e-07
5.400074e+00	-1.257169e+01	2.512313e+05	2.681075e-13	1.283789e-01	5.246733e-07
5.408000e+00	-1.259943e+01	2.558586e+05	2.515167e-13	1.307435e-01	4.922059e-07
5.416074e+00	-1.262769e+01	2.606596e+05	2.356725e-13	1.331968e-01	4.611996e-07
5.424000e+00	-1.265543e+01	2.654606e+05	2.210888e-13	1.356501e-01	4.326601e-07
5.432074e+00	-1.268369e+01	2.704417e+05	2.071614e-13	1.381954e-01	4.054049e-07
5.440000e+00	-1.271143e+01	2.754229e+05	1.943421e-13	1.407408e-01	3.803180e-07
5.448074e+00	-1.273969e+01	2.805910e+05	1.820996e-13	1.433817e-01	3.563600e-07
5.456000e+00	-1.276743e+01	2.857591e+05	1.708310e-13	1.460226e-01	3.343080e-07
5.464074e+00	-1.279569e+01	2.911211e+05	1.600696e-13	1.487626e-01	3.132485e-07
5.472000e+00	-1.282343e+01	2.964831e+05	1.501643e-13	1.515026e-01	2.938643e-07
5.480074e+00	-1.285169e+01	3.020464e+05	1.407048e-13	1.543454e-01	2.753525e-07
5.488000e+00	-1.287943e+01	3.076097e+05	1.319978e-13	1.571882e-01	2.583133e-07
5.496074e+00	-1.290769e+01	3.133817e+05	1.236827e-13	1.601377e-01	2.420410e-07
5.504000e+00	-1.293543e+01	3.191538e+05	1.160291e-13	1.630872e-01	2.270632e-07
5.512074e+00	-1.296369e+01	3.251425e+05	1.087199e-13	1.661474e-01	2.127595e-07
5.520000e+00	-1.299143e+01	3.311311e+05	1.019922e-13	1.692076e-01	1.995937e-07
5.528074e+00	-1.301969e+01	3.373445e+05	9.556721e-14	1.723827e-01	1.870204e-07
5.536000e+00	-1.304743e+01	3.435579e+05	8.965341e-14	1.755577e-01	1.754474e-07
5.544074e+00	-1.307569e+01	3.500045e+05	8.400573e-14	1.788519e-01	1.643951e-07
5.552000e+00	-1.310343e+01	3.564511e+05	7.880736e-14	1.821461e-01	1.542222e-07
5.560074e+00	-1.313169e+01	3.631397e+05	7.384293e-14	1.855640e-01	1.445070e-07
5.568000e+00	-1.315943e+01	3.698282e+05	6.927345e-14	1.889818e-01	1.355648e-07
5.576074e+00	-1.318769e+01	3.767677e+05	6.490960e-14	1.925279e-01	1.270249e-07
5.584000e+00	-1.321543e+01	3.837072e+05	6.089292e-14	1.960740e-01	1.191645e-07
5.592074e+00	-1.324369e+01	3.909072e+05	5.705700e-14	1.997532e-01	1.116578e-07
5.600000e+00	-1.327143e+01	3.981072e+05	5.352625e-14	2.034323e-01	1.047483e-07
5.608074e+00	-1.329969e+01	4.055773e+05	5.015439e-14	2.072496e-01	9.814969e-08
5.616000e+00	-1.332743e+01	4.130475e+05	4.705078e-14	2.110668e-01	9.207608e-08
5.624074e+00	-1.335569e+01	4.207980e+05	4.408684e-14	2.150273e-01	8.627579e-08
5.632000e+00	-1.338343e+01	4.285485e+05	4.135869e-14	2.189878e-01	8.093695e-08
5.640074e+00	-1.341169e+01	4.365899e+05	3.875332e-14	2.230970e-01	7.583836e-08
5.648000e+00	-1.343943e+01	4.446313e+05	3.635522e-14	2.272061e-01	7.114540e-08
5.656074e+00	-1.346769e+01	4.529744e+05	3.406504e-14	2.314694e-01	6.666363e-08
5.664000e+00	-1.349543e+01	4.613176e+05	3.195706e-14	2.357328e-01	6.253841e-08
5.672074e+00	-1.352369e+01	4.699738e+05	2.994394e-14	2.401561e-01	5.859883e-08
5.680000e+00	-1.355143e+01	4.786301e+05	2.809097e-14	2.445795e-01	5.497267e-08
5.688074e+00	-1.357969e+01	4.876112e+05	2.632140e-14	2.491688e-01	5.150969e-08
5.696000e+00	-1.360743e+01	4.965923e+05	2.469260e-14	2.537581e-01	4.832221e-08
5.704074e+00	-1.363569e+01	5.059105e+05	2.313710e-14	2.585197e-01	4.527818e-08
5.712000e+00	-1.366343e+01	5.152286e+05	2.170535e-14	2.632813e-01	4.247631e-08
5.720074e+00	-1.369169e+01	5.248965e+05	2.033803e-14	2.682215e-01	3.980054e-08
5.728000e+00	-1.371943e+01	5.345644e+05	1.907949e-14	2.731618e-01	3.733764e-08
5.736074e+00	-1.374769e+01	5.445950e+05	1.787759e-14	2.782875e-01	3.498557e-08
5.744000e+00	-1.377543e+01	5.546257e+05	1.677130e-14	2.834131e-01	3.282062e-08
5.752074e+00	-1.380369e+01	5.650328e+05	1.571480e-14	2.887312e-01	3.075310e-08
5.760000e+00	-1.383143e+01	5.754399e+05	1.474235e-14	2.940492e-01	2.885007e-08
5.768074e+00	-1.385969e+01	5.862376e+05	1.381367e-14	2.995668e-01	2.703267e-08
5.776000e+00	-1.388743e+01	5.970353e+05	1.295886e-14	3.050844e-01	2.535986e-08
5.784074e+00	-1.391569e+01	6.082382e+05	1.214252e-14	3.108090e-01	2.376233e-08
5.792000e+00	-1.394343e+01	6.194411e+05	1.139113e-14	3.165337e-01	2.229189e-08
5.800074e+00	-1.397169e+01	6.310644e+05	1.067355e-14	3.224732e-01	2.088762e-08
5.808000e+00	-1.399943e+01	6.426877e+05	1.001306e-14	3.284127e-01	1.959507e-08
5.816074e+00	-1.402769e+01	6.547472e+05	9.382292e-15	3.345751e-01	1.836069e-08
5.824000e+00	-1.405543e+01	6.668068e+05	8.801705e-15	3.407375e-01	1.722451e-08
5.832074e+00	-1.408369e+01	6.793189e+05	8.247246e-15	3.471312e-01	1.613946e-08
5.840000e+00	-1.411143e+01	6.918310e+05	7.736897e-15	3.535249e-01	1.514073e-08
5.848074e+00	-1.413969e+01	7.048126e+05	7.249515e-15	3.601585e-01	1.418695e-08
5.856000e+00	-1.416743e+01	7.177943e+05	6.800906e-15	3.667921e-01	1.330904e-08
5.864074e+00	-1.419569e+01	7.312631e+05	6.372487e-15	3.736747e-01	1.247065e-08
5.872000e+00	-1.422343e+01	7.447320e+05	5.978150e-15	3.805572e-01	1.169895e-08
5.880074e+00	-1.425169e+01	7.587063e+05	5.601559e-15	3.876981e-01	1.096198e-08
5.888000e+00	-1.427943e+01	7.726806e+05	5.254928e-15	3.948389e-01	1.028364e-08
5.896074e+00	-1.430769e+01	7.871793e+05	4.923897e-15	4.022478e-01	9.635826e-09
5.904000e+00	-1.433543e+01	8.016781e+05	4.619200e-15	4.096566e-01	9.039550e-09
5.912074e+00	-1.436369e+01	8.167209e+05	4.328216e-15	4.173435e-01	8.470108e-09
5.920000e+00	-1.439143e+01	8.317638e+05	4.060381e-15	4.250304e-01	7.945968e-09
5.928074e+00	-1.441969e+01	8.473712e+05	3.804599e-15	4.330057e-01	7.445416e-09
5.936000e+00	-1.444743e+01	8.629785e+05	3.569166e-15	4.409811e-01	6.984685e-09
5.944074e+00	-1.447569e+01	8.791717e+05	3.344328e-15	4.492558e-01	6.544688e-09
5.952000e+00	-2.000000e+02	8.953648e+05	1.000000e-200	4.575304e-01	1.956951e-194
5.960074e+00	-2.000000e+02	9.121656e+05	1.000000e-200	4.661156e-01	1.956951e-194
5.968000e+00	-2.000000e+02	9.289664e+05	1.000000e-200	4.747008e-01	1.956951e-194
5.976074e+00	-2.000000e+02	9.463977e+05	1.000000e-200	4.836082e-01	1.956951e-194
5.984000e+00	-2.000000e+02	9.638290e+05	1.000000e-200	4.925156e-01	1.956951e-194
5.992074e+00	-2.000000e+02	9.819145e+05	1.000000e-200	5.017572e-01	1.956951e-194
6.000000e+00	-2.000000e+02	1.000000e+06	1.000000e-200	5.109989e-01	1.956951e-194
6.008074e+00	-2.000000e+02	1.018764e+06	1.000000e-200	5.205874e-01	1.956951e-194
6.016000e+00	-2.000000e+02	1.037528e+06	1.000000e-200	5.301759e-01	1.956951e-194
6.024074e+00	-2.000000e+02	1.056997e+06	1.000000e-200	5.401242e-01	1.956951e-194
6.032000e+00	-2.000000e+02	1.076465e+06	1.000000e-200	5.500726e-01	1.956951e-194
6.040074e+00	-2.000000e+02	1.096664e+06	1.000000e-200	5.603942e-01	1.956951e-194
6.048000e+00	-2.000000e+02	1.116863e+06	1.000000e-200	5.707159e-01	1.956951e-194
6.056074e+00	-2.000000e+02	1.137820e+06	1.000000e-200	5.814249e-01	1.956951e-194
6.064000e+00	-2.000000e+02	1.158777e+06	1.000000e-200	5.921340e-01	1.956951e-194
6.072074e+00	-2.000000e+02	1.180521e+06	1.000000e-200	6.032449e-01	1.956951e-194
6.080000e+00	-2.000000e+02	1.202264e+06	1.000000e-200	6.143558e-01	1.956951e-194
6.088074e+00	-2.000000e+02	1.224824e+06	1.000000e-200	6.258837e-01	1.956951e-194
6.096000e+00	-2.000000e+02	1.247384e+06	1.000000e-200	6.374116e-01	1.956951e-194
6.104074e+00	-2.000000e+02	1.270790e+06	1.000000e-200	6.493721e-01	1.956951e-194
6.112000e+00	-2.000000e+02	1.294196e+06	1.000000e-200	6.613327e-01	1.956951e-194
6.120074e+00	-2.000000e+02	1.318480e+06	1.000000e-200	6.737420e-01	1.956951e-194
6.128000e+00	-2.000000e+02	1.342765e+06	1.000000e-200	6.861514e-01	1.956951e-194
6.136074e+00	-2.000000e+02	1.367961e+06	1.000000e-200	6.990265e-01	1.956951e-194
6.144000e+00	-2.000000e+02	1.393157e+06	1.000000e-200	7.119016e-01	1.956951e-194
6.152074e+00	-2.000000e+02	1.419298e+06	1.000000e-200	7.252599e-01	1.956951e-194
6.160000e+00	-2.000000e+02	1.445440e+06	1.000000e-200	7.386181e-01	1.956951e-194
6.168074e+00	-2.000000e+02	1.472562e+06	1.000000e-200	7.524777e-01	1.956951e-194
6.176000e+00	-2.000000e+02	1.499685e+06	1.000000e-200	7.663373e-01	1.956951e-194
6.184074e+00	-2.000000e+02	1.527825e+06	1.000000e-200	7.807170e-01	1.956951e-194
6.192000e+00	-2.000000e+02	1.555966e+06	1.000000e-200	7.950967e-01	1.956951e-194
6.200074e+00	-2.000000e+02	1.585162e+06	1.000000e-200	8.100161e-01	1.956951e-194
6.208000e+00	-2.000000e+02	1.614359e+06	1.000000e-200	8.249355e-01	1.956951e-194
6.216074e+00	-2.000000e+02	1.644651e+06	1.000000e-200	8.404147e-01	1.956951e-194
6.224000e+00	-2.000000e+02	1.674943e+06	1.000000e-200	8.558940e-01	1.956951e-194
6.232074e+00	-2.000000e+02	1.706372e+06	1.000000e-200	8.719542e-01	1.956951e-194
6.240000e+00	-2.000000e+02	1.737801e+06	1.000000e-200	8.880143e-01	1.956951e-194
6.248074e+00	-2.000000e+02	1.770409e+06	1.000000e-200	9.046772e-01	1.956951e-194
6.256000e+00	-2.000000e+02	1.803018e+06	1.000000e-200	9.213401e-01	1.956951e-194
6.264074e+00	-2.000000e+02	1.836850e+06	1.000000e-200	9.386283e-01	1.956951e-194
6.272000e+00	-2.000000e+02	1.870682e+06	1.000000e-200	9.559165e-01	1.956951e-194
6.280074e+00	-2.000000e+02	1.905784e+06	1.000000e-200	9.738536e-01	1.956951e-194
6.288000e+00	-2.000000e+02	1.940886e+06	1.000000e-200	9.917906e-01	1.956951e-194
6.296074e+00	-2.000000e+02	1.977305e+06	1.000000e-200	1.010401e+00	1.956951e-194
6.304000e+00	-2.000000e+02	2.013724e+06	1.000000e-200	1.029011e+00	1.956951e-194
6.312074e+00	-2.000000e+02	2.051510e+06	1.000000e-200	1.048319e+00	1.956951e-194
6.320000e+00	-2.000000e+02	2.089296e+06	1.000000e-200	1.067628e+00	1.956951e-194
6.328074e+00	-2.000000e+02	2.128500e+06	1.000000e-200	1.087661e+00	1.956951e-194
6.336000e+00	-2.000000e+02	2.167704e+06	1.000000e-200	1.107694e+00	1.956951e-194
6.344074e+00	-2.000000e+02	2.208379e+06	1.000000e-200	1.128479e+00	1.956951e-194
6.352000e+00	-2.000000e+02	2.249055e+06	1.000000e-200	1.149264e+00	1.956951e-194
6.360074e+00	-2.000000e+02	2.291256e+06	1.000000e-200	1.170829e+00	1.956951e-194
6.368000e+00	-2.000000e+02	2.333458e+06	1.000000e-200	1.192395e+00	1.956951e-194
6.376074e+00	-2.000000e+02	2.377244e+06	1.000000e-200	1.214769e+00	1.956951e-194
6.384000e+00	-2.000000e+02	2.421029e+06	1.000000e-200	1.237143e+00	1.956951e-194
6.392074e+00	-2.000000e+02	2.466458e+06	1.000000e-200	1.260357e+00	1.956951e-194
6.400000e+00	-2.000000e+02	2.511886e+06	1.000000e-200	1.283571e+00	1.956951e-194
6.408074e+00	-2.000000e+02	2.559020e+06	1.000000e-200	1.307656e+00	1.956951e-194
6.416000e+00	-2.000000e+02	2.606154e+06	1.000000e-200	1.331742e+00	1.956951e-194
6.424074e+00	-2.000000e+02	2.655056e+06	1.000000e-200	1.356731e+00	1.956951e-194
6.432000e+00	-2.000000e+02	2.703958e+06	1.000000e-200	1.381720e+00	1.956951e-194
6.440074e+00	-2.000000e+02	2.754696e+06	1.000000e-200	1.407647e+00	1.956951e-194
6.448000e+00	-2.000000e+02	2.805434e+06	1.000000e-200	1.433574e+00	1.956951e-194
6.456074e+00	-2.000000e+02	2.858075e+06	1.000000e-200	1.460473e+00	1.956951e-194
6.464000e+00	-2.000000e+02	2.910717e+06	1.000000e-200	1.487373e+00	1.956951e-194
6.472074e+00	-2.000000e+02	2.965334e+06	1.000000e-200	1.515283e+00	1.956951e-194
6.480000e+00	-2.000000e+02	3.019952e+06	1.000000e-200	1.543192e+00	1.956951e-194
6.488074e+00	-2.000000e+02	3.076619e+06	1.000000e-200	1.572149e+00	1.956951e-194
6.496000e+00	-2.000000e+02	3.133286e+06	1.000000e-200	1.601106e+00	1.956951e-194
6.504074e+00	-2.000000e+02	3.192079e+06	1.000000e-200	1.631149e+00	1.956951e-194
6.512000e+00	-2.000000e+02	3.250873e+06	1.000000e-200	1.661193e+00	1.956951e-194
6.520074e+00	-2.000000e+02	3.311873e+06	1.000000e-200	1.692364e+00	1.956951e-194
6.528000e+00	-2.000000e+02	3.372873e+06	1.000000e-200	1.723534e+00	1.956951e-194
6.536074e+00	-2.000000e+02	3.436162e+06	1.000000e-200	1.755875e+00	1.956951e-194
6.544000e+00	-2.000000e+02	3.499452e+06	1.000000e-200	1.788216e+00	1.956951e-194
6.552074e+00	-2.000000e+02	3.565116e+06	1.000000e-200	1.821770e+00	1.956951e-194
6.560000e+00	-2.000000e+02	3.630781e+06	1.000000e-200	1.855325e+00	1.956951e-194
6.568074e+00	-2.000000e+02	3.698909e+06	1.000000e-200	1.890139e+00	1.956951e-194
6.576000e+00	-2.000000e+02	3.767038e+06	1.000000e-200	1.924952e+00	1.956951e-194
6.584074e+00	-2.000000e+02	3.837723e+06	1.000000e-200	1.961073e+00	1.956951e-194
6.592000e+00	-2.000000e+02	3.908409e+06	1.000000e-200	1.997193e+00	1.956951e-194
6.600074e+00	-2.000000e+02	3.981747e+06	1.000000e-200	2.034668e+00	1.956951e-194
6.608000e+00	-2.000000e+02	4.055085e+06	1.000000e-200	2.072144e+00	1.956951e-194
6.616074e+00	-2.000000e+02	4.131176e+06	1.000000e-200	2.111026e+00	1.956951e-194
6.624000e+00	-2.000000e+02	4.207266e+06	1.000000e-200	2.149908e+00	1.956951e-194
6.632074e+00	-2.000000e+02	4.286212e+06	1.000000e-200	2.190250e+00	1.956951e-194
6.640000e+00	-2.000000e+02	4.365158e+06	1.000000e-200	2.230591e+00	1.956951e-194
6.648074e+00	-2.000000e+02	4.447067e+06	1.000000e-200	2.272446e+00	1.956951e-194
6.656000e+00	-2.000000e+02	4.528976e+06	1.000000e-200	2.314302e+00	1.956951e-194
6.664074e+00	-2.000000e+02	4.613958e+06	1.000000e-200	2.357728e+00	1.956951e-194
6.672000e+00	-2.000000e+02	4.698941e+06	1.000000e-200	2.401154e+00	1.956951e-194
6.680074e+00	-2.000000e+02	4.787113e+06	1.000000e-200	2.446210e+00	1.956951e-194
6.688000e+00	-2.000000e+02	4.875285e+06	1.000000e-200	2.491265e+00	1.956951e-194
6.696074e+00	-2.000000e+02	4.966766e+06	1.000000e-200	2.538012e+00	1.956951e-194
6.704000e+00	-2.000000e+02	5.058247e+06	1.000000e-200	2.584759e+00	1.956951e-194
6.712074e+00	-2.000000e+02	5.153161e+06	1.000000e-200	2.633259e+00	1.956951e-194
6.720000e+00	-2.000000e+02	5.248075e+06	1.000000e-200	2.681760e+00	1.956951e-194
6.728074e+00	-2.000000e+02	5.346551e+06	1.000000e-200	2.732082e+00	1.956951e-194
6.736000e+00	-2.000000e+02	5.445027e+06	1.000000e-200	2.782403e+00	1.956951e-194
6.744074e+00	-2.000000e+02	5.547198e+06	1.000000e-200	2.834612e+00	1.956951e-194
6.752000e+00	-2.000000e+02	5.649370e+06	1.000000e-200	2.886822e+00	1.956951e-194
6.760074e+00	-2.000000e+02	5.755376e+06	1.000000e-200	2.940991e+00	1.956951e-194
6.768000e+00	-2.000000e+02	5.861382e+06	1.000000e-200	2.995160e+00	1.956951e-194
6.776074e+00	-2.000000e+02	5.971366e+06	1.000000e-200	3.051361e+00	1.956951e-194
6.784000e+00	-2.000000e+02	6.081350e+06	1.000000e-200	3.107563e+00	1.956951e-194
6.792074e+00	-2.000000e+02	6.195462e+06	1.000000e-200	3.165874e+00	1.956951e-194
6.800000e+00	-2.000000e+02	6.309573e+06	1.000000e-200	3.224185e+00	1.956951e-194
6.808074e+00	-2.000000e+02	6.427968e+06	1.000000e-200	3.284684e+00	1.956951e-194
6.816000e+00	-2.000000e+02	6.546362e+06	1.000000e-200	3.345184e+00	1.956951e-194
6.824074e+00	-2.000000e+02	6.669199e+06	1.000000e-200	3.407953e+00	1.956951e-194
6.832000e+00	-2.000000e+02	6.792036e+06	1.000000e-200	3.470723e+00	1.956951e-194
6.840074e+00	-2.000000e+02	6.919484e+06	1.000000e-200	3.535849e+00	1.956951e-194
6.848000e+00	-2.000000e+02	7.046931e+06	1.000000e-200	3.600974e+00	1.956951e-194
6.856074e+00	-2.000000e+02	7.179161e+06	1.000000e-200	3.668543e+00	1.956951e-194
6.864000e+00	-2.000000e+02	7.311391e+06	1.000000e-200	3.736113e+00	1.956951e-194
6.872074e+00	-2.000000e+02	7.448583e+06	1.000000e-200	3.806218e+00	1.956951e-194
6.880000e+00	-2.000000e+02	7.585776e+06	1.000000e-200	3.876323e+00	1.956951e-194
6.888074e+00	-2.000000e+02	7.728117e+06	1.000000e-200	3.949059e+00	1.956951e-194
6.896000e+00	-2.000000e+02	7.870458e+06	1.000000e-200	4.021795e+00	1.956951e-194
6.904074e+00	-2.000000e+02	8.018141e+06	1.000000e-200	4.097261e+00	1.956951e-194
6.912000e+00	-2.000000e+02	8.165824e+06	1.000000e-200	4.172727e+00	1.956951e-194
6.920074e+00	-2.000000e+02	8.319049e+06	1.000000e-200	4.251025e+00	1.956951e-194
6.928000e+00	-2.000000e+02	8.472274e+06	1.000000e-200	4.329323e+00	1.956951e-194
6.936074e+00	-2.000000e+02	8.631250e+06	1.000000e-200	4.410559e+00	1.956951e-194
6.944000e+00	-2.000000e+02	8.790225e+06	1.000000e-200	4.491795e+00	1.956951e-194
6.952074e+00	-2.000000e+02	8.955167e+06	1.000000e-200	4.576080e+00	1.956951e-194
6.960000e+00	-2.000000e+02	9.120108e+06	1.000000e-200	4.660365e+00	1.956951e-194
6.968074e+00	-2.000000e+02	9.291240e+06	1.000000e-200	4.747814e+00	1.956951e-194
6.976000e+00	-2.000000e+02	9.462372e+06	1.000000e-200	4.835262e+00	1.956951e-194
6.984074e+00	-2.000000e+02	9.639926e+06	1.000000e-200	4.925991e+00	1.956951e-194
6.992000e+00	-2.000000e+02	9.817479e+06	1.000000e-200	5.016721e+00	1.956951e-194
7.000074e+00	-2.000000e+02	1.000170e+07	1.000000e-200	5.110856e+00	1.956951e-194
7.008000e+00	-2.000000e+02	1.018591e+07	1.000000e-200	5.204991e+00	1.956951e-194
7.016074e+00	-2.000000e+02	1.037704e+07	1.000000e-200	5.302658e+00	1.956951e-194
7.024000e+00	-2.000000e+02	1.056818e+07	1.000000e-200	5.400326e+00	1.956951e-194
7.032074e+00	-2.000000e+02	1.076648e+07	1.000000e-200	5.501659e+00	1.956951e-194
7.040000e+00	-2.000000e+02	1.096478e+07	1.000000e-200	5.602992e+00	1.956951e-194
7.048074e+00	-2.000000e+02	1.117053e+07	1.000000e-200	5.708127e+00	1.956951e-194
7.056000e+00	-2.000000e+02	1.137627e+07	1.000000e-200	5.813263e+00	1.956951e-194
7.064074e+00	-2.000000e+02	1.158974e+07	1.000000e-200	5.922344e+00	1.956951e-194
7.072000e+00	-2.000000e+02	1.180321e+07	1.000000e-200	6.031426e+00	1.956951e-194
7.080074e+00	-2.000000e+02	1.202468e+07	1.000000e-200	6.144601e+00	1.956951e-194
7.088000e+00	-2.000000e+02	1.224616e+07	1.000000e-200	6.257775e+00	1.956951e-194
7.096074e+00	-2.000000e+02	1.247595e+07	1.000000e-200	6.375198e+00	1.956951e-194
7.104000e+00	-2.000000e+02	1.270574e+07	1.000000e-200	6.492620e+00	1.956951e-194
7.112074e+00	-2.000000e+02	1.294415e+07	1.000000e-200	6.614449e+00	1.956951e-194
7.120000e+00	-2.000000e+02	1.318257e+07	1.000000e-200	6.736278e+00	1.956951e-194
7.128074e+00	-2.000000e+02	1.342993e+07	1.000000e-200	6.862678e+00	1.956951e-194
7.136000e+00	-2.000000e+02	1.367729e+07	1.000000e-200	6.989079e+00	1.956951e-194
7.144074e+00	-2.000000e+02	1.393393e+07	1.000000e-200	7.120224e+00	1.956951e-194
7.152000e+00	-2.000000e+02	1.419058e+07	1.000000e-200	7.251368e+00	1.956951e-194
7.160074e+00	-2.000000e+02	1.445685e+07	1.000000e-200	7.387435e+00	1.956951e-194
7.168000e+00	-2.000000e+02	1.472313e+07	1.000000e-200	7.523501e+00	1.956951e-194
7.176074e+00	-2.000000e+02	1.499939e+07	1.000000e-200	7.664673e+00	1.956951e-194
7.184000e+00	-2.000000e+02	1.527566e+07	1.000000e-200	7.805846e+00	1.956951e-194
7.192074e+00	-2.000000e+02	1.556230e+07	1.000000e-200	7.952316e+00	1.956951e-194
7.200000e+00	-2.000000e+02	1.584893e+07	1.000000e-200	8.098787e+00	1.956951e-194
7.208074e+00	-2.000000e+02	1.614632e+07	1.000000e-200	8.250754e+00	1.956951e-194
7.216000e+00	-2.000000e+02	1.644372e+07	1.000000e-200	8.402722e+00	1.956951e-194
7.224074e+00	-2.000000e+02	1.675227e+07	1.000000e-200	8.560392e+00	1.956951e-194
7.232000e+00	-2.000000e+02	1.706082e+07	1.000000e-200	8.718062e+00	1.956951e-194
7.240074e+00	-2.000000e+02	1.738096e+07	1.000000e-200	8.881650e+00	1.956951e-194
7.248000e+00	-2.000000e+02	1.770109e+07	1.000000e-200	9.045237e+00	1.956951e-194
7.256074e+00	-2.000000e+02	1.803324e+07	1.000000e-200	9.214964e+00	1.956951e-194
7.264000e+00	-2.000000e+02	1.836538e+07	1.000000e-200	9.384691e+00	1.956951e-194
7.272074e+00	-2.000000e+02	1.871000e+07	1.000000e-200	9.560787e+00	1.956951e-194
7.280000e+00	-2.000000e+02	1.905461e+07	1.000000e-200	9.736883e+00	1.956951e-194
7.288074e+00	-2.000000e+02	1.941215e+07	1.000000e-200	9.919588e+00	1.956951e-194
7.296000e+00	-2.000000e+02	1.976970e+07	1.000000e-200	1.010229e+01	1.956951e-194
7.304074e+00	-2.000000e+02	2.014066e+07	1.000000e-200	1.029185e+01	1.956951e-194
7.312000e+00	-2.000000e+02	2.051162e+07	1.000000e-200	1.048142e+01	1.956951e-194
7.320074e+00	-2.000000e+02	2.089651e+07	1.000000e-200	1.067809e+01	1.956951e-194
7.328000e+00	-2.000000e+02	2.128139e+07	1.000000e-200	1.087477e+01	1.956951e-194
7.336074e+00	-2.000000e+02	2.168072e+07	1.000000e-200	1.107882e+01	1.956951e-194
7.344000e+00	-2.000000e+02	2.208005e+07	1.000000e-200	1.128288e+01	1.956951e-194
7.352074e+00	-2.000000e+02	2.249436e+07	1.000000e-200	1.149459e+01	1.956951e-194
7.360000e+00	-2.000000e+02	2.290868e+07	1.000000e-200	1.170631e+01	1.956951e-194
7.368074e+00	-2.000000e+02	2.333854e+07	1.000000e-200	1.192597e+01	1.956951e-194
7.376000e+00	-2.000000e+02	2.376840e+07	1.000000e-200	1.214563e+01	1.956951e-194
7.384074e+00	-2.000000e+02	2.421440e+07	1.000000e-200	1.237353e+01	1.956951e-194
7.392000e+00	-2.000000e+02	2.466039e+07	1.000000e-200	1.260143e+01	1.956951e-194
7.400074e+00	-2.000000e+02	2.512313e+07	1.000000e-200	1.283789e+01	1.956951e-194
7.408000e+00	-2.000000e+02	2.558586e+07	1.000000e-200	1.307435e+01	1.956951e-194
7.416074e+00	-2.000000e+02	2.606596e+07	1.000000e-200	1.331968e+01	1.956951e-194
7.424000e+00	-2.000000e+02	2.654606e+07	1.000000e-200	1.356501e+01	1.956951e-194
7.432074e+00	-2.000000e+02	2.704417e+07	1.000000e-200	1.381954e+01	1.956951e-194
7.440000e+00	-2.000000e+02	2.754229e+07	1.000000e-200	1.407408e+01	1.956951e-194
7.448074e+00	-2.000000e+02	2.805910e+07	1.000000e-200	1.433817e+01	1.956951e-194
7.456000e+00	-2.000000e+02	2.857591e+07	1.000000e-200	1.460226e+01	1.956951e-194
7.464074e+00	-2.000000e+02	2.911211e+07	1.000000e-200	1.487626e+01	1.956951e-194
7.472000e+00	-2.000000e+02	2.964831e+07	1.000000e-200	1.515026e+01	1.956951e-194
7.480074e+00	-2.000000e+02	3.020464e+07	1.000000e-200	1.543454e+01	1.956951e-194
7.488000e+00	-2.000000e+02	3.076097e+07	1.000000e-200	1.571882e+01	1.956951e-194
7.496074e+00	-2.000000e+02	3.133817e+07	1.000000e-200	1.601377e+01	1.956951e-194
7.504000e+00	-2.000000e+02	3.191538e+07	1.000000e-200	1.630872e+01	1.956951e-194
7.512074e+00	-2.000000e+02	3.251425e+07	1.000000e-200	1.661474e+01	1.956951e-194
7.520000e+00	-2.000000e+02	3.311311e+07	1.000000e-200	1.692076e+01	1.956951e-194
7.528074e+00	-2.000000e+02	3.373445e+07	1.000000e-200	1.723827e+01	1.956951e-194
7.536000e+00	-2.000000e+02	3.435579e+07	1.000000e-200	1.755577e+01	1.956951e-194
7.544074e+00	-2.000000e+02	3.500045e+07	1.000000e-200	1.788519e+01	1.956951e-194
7.552000e+00	-2.000000e+02	3.564511e+07	1.000000e-200	1.821461e+01	1.956951e-194
7.560074e+00	-2.000000e+02	3.631397e+07	1.000000e-200	1.855640e+01	1.956951e-194
7.568000e+00	-2.000000e+02	3.698282e+07	1.000000e-200	1.889818e+01	1.956951e-194
7.576074e+00	-2.000000e+02	3.767677e+07	1.000000e-200	1.925279e+01	1.956951e-194
7.584000e+00	-2.000000e+02	3.837072e+07	1.000000e-200	1.960740e+01	1.956951e-194
7.592074e+00	-2.000000e+02	3.909072e+07	1.000000e-200	1.997532e+01	1.956951e-194
7.600000e+00	-2.000000e+02	3.981072e+07	1.000000e-200	2.034323e+01	1.956951e-194
7.608074e+00	-2.000000e+02	4.055773e+07	1.000000e-200	2.072496e+01	1.956951e-194
7.616000e+00	-2.000000e+02	4.130475e+07	1.000000e-200	2.110668e+01	1.956951e-194
7.624074e+00	-2.000000e+02	4.207980e+07	1.000000e-200	2.150273e+01	1.956951e-194
7.632000e+00	-2.000000e+02	4.285485e+07	1.000000e-200	2.189878e+01	1.956951e-194
7.640074e+00	-2.000000e+02	4.365899e+07	1.000000e-200	2.230970e+01	1.956951e-194
7.648000e+00	-2.000000e+02	4.446313e+07	1.000000e-200	2.272061e+01	1.956951e-194
7.656074e+00	-2.000000e+02	4.529744e+07	1.000000e-200	2.314694e+01	1.956951e-194
7.664000e+00	-2.000000e+02	4.613176e+07	1.000000e-200	2.357328e+01	1.956951e-194
7.672074e+00	-2.000000e+02	4.699738e+07	1.000000e-200	2.401561e+01	1.956951e-194
7.680000e+00	-2.000000e+02	4.786301e+07	1.000000e-200	2.445795e+01	1.956951e-194
7.688074e+00	-2.000000e+02	4.876112e+07	1.000000e-200	2.491688e+01	1.956951e-194
7.696000e+00	-2.000000e+02	4.965923e+07	1.000000e-200	2.537581e+01	1.956951e-194
7.704074e+00	-2.000000e+02	5.059105e+07	1.000000e-200	2.585197e+01	1.956951e-194
7.712000e+00	-2.000000e+02	5.152286e+07	1.000000e-200	2.632813e+01	1.956951e-194
7.720074e+00	-2.000000e+02	5.248965e+07	1.000000e-200	2.682215e+01	1.956951e-194
7.728000e+00	-2.000000e+02	5.345644e+07	1.000000e-200	2.731618e+01	1.956951e-194
7.736074e+00	-2.000000e+02	5.445950e+07	1.000000e-200	2.782875e+01	1.956951e-194
7.744000e+00	-2.000000e+02	5.546257e+07	1.000000e-200	2.834131e+01	1.956951e-194
7.752074e+00	-2.000000e+02	5.650328e+07	1.000000e-200	2.887312e+01	1.956951e-194
7.760000e+00	-2.000000e+02	5.754399e+07	1.000000e-200	2.940492e+01	1.956951e-194
7.768074e+00	-2.000000e+02	5.862376e+07	1.000000e-200	2.995668e+01	1.956951e-194
7.776000e+00	-2.000000e+02	5.970353e+07	1.000000e-200	3.050844e+01	1.956951e-194
7.784074e+00	-2.000000e+02	6.082382e+07	1.000000e-200	3.108090e+01	1.956951e-194
7.792000e+00	-2.000000e+02	6.194411e+07	1.000000e-200	3.165337e+01	1.956951e-194
7.800074e+00	-2.000000e+02	6.310644e+07	1.000000e-200	3.224732e+01	1.956951e-194
7.808000e+00	-2.000000e+02	6.426877e+07	1.000000e-200	3.284127e+01	1.956951e-194
7.816074e+00	-2.000000e+02	6.547472e+07	1.000000e-200	3.345751e+01	1.956951e-194
7.824000e+00	-2.000000e+02	6.668068e+07	1.000000e-200	3.407375e+01	1.956951e-194
7.832074e+00	-2.000000e+02	6.793189e+07	1.000000e-200	3.471312e+01	1.956951e-194
7.840000e+00	-2.000000e+02	6.918310e+07	1.000000e-200	3.535249e+01	1.956951e-194
7.848074e+00	-2.000000e+02	7.048126e+07	1.000000e-200	3.601585e+01	1.956951e-194
7.856000e+00	-2.000000e+02	7.177943e+07	1.000000e-200	3.667921e+01	1.956951e-194
7.864074e+00	-2.000000e+02	7.312631e+07	1.000000e-200	3.736747e+01	1.956951e-194
7.872000e+00	-2.000000e+02	7.447320e+07	1.000000e-200	3.805572e+01	1.956951e-194
7.880074e+00	-2.000000e+02	7.587063e+07	1.000000e-200	3.876981e+01	1.956951e-194
7.888000e+00	-2.000000e+02	7.726806e+07	1.000000e-200	3.948389e+01	1.956951e-194
7.896074e+00	-2.000000e+02	7.871793e+07	1.000000e-200	4.022478e+01	1.956951e-194
7.904000e+00	-2.000000e+02	8.016781e+07	1.000000e-200	4.096566e+01	1.956951e-194
7.912074e+00	-2.000000e+02	8.167209e+07	1.000000e-200	4.173435e+01	1.956951e-194
7.920000e+00	-2.000000e+02	8.317638e+07	1.000000e-200	4.250304e+01	1.956951e-194
7.928074e+00	-2.000000e+02	8.473712e+07	1.000000e-200	4.330057e+01	1.956951e-194
7.936000e+00	-2.000000e+02	8.629785e+07	1.000000e-200	4.409811e+01	1.956951e-194
7.944074e+00	-2.000000e+02	8.791717e+07	1.000000e-200	4.492558e+01	1.956951e-194
7.952000e+00	-2.000000e+02	8.953648e+07	1.000000e-200	4.575304e+01	1.956951e-194
7.960074e+00	-2.000000e+02	9.121656e+07	1.000000e-200	4.661156e+01	1.956951e-194
7.968000e+00	-2.000000e+02	9.289664e+07	1.000000e-200	4.747008e+01	1.956951e-194
7.976074e+00	-2.000000e+02	9.463977e+07	1.000000e-200	4.836082e+01	1.956951e-194
7.984000e+00	-2.000000e+02	9.638290e+07	1.000000e-200	4.925156e+01	1.956951e-194
7.992074e+00	-2.000000e+02	9.819145e+07	1.000000e-200	5.017572e+01	1.956951e-194
8.000000e+00	-2.000000e+02	1.000000e+08	1.000000e-200	5.109989e+01	1.956951e-194
