#################################################################
# log(gamma)     log(N(gamma))   gamma     N(gamma)  TeV N(TeV) # 
#################################################################
0.000000e+00	-2.000000e+02	1.000000e+00	1.000000e-200	5.109989e-07	1.956951e-194
8.073679e-03	-2.000000e+02	1.018764e+00	1.000000e-200	5.205874e-07	1.956951e-194
1.600000e-02	-2.000000e+02	1.037528e+00	1.000000e-200	5.301759e-07	1.956951e-194
2.407368e-02	-2.000000e+02	1.056997e+00	1.000000e-200	5.401242e-07	1.956951e-194
3.200000e-02	-2.000000e+02	1.076465e+00	1.000000e-200	5.500726e-07	1.956951e-194
4.007368e-02	-2.000000e+02	1.096664e+00	1.000000e-200	5.603942e-07	1.956951e-194
4.800000e-02	-2.000000e+02	1.116863e+00	1.000000e-200	5.707159e-07	1.956951e-194
5.607368e-02	-2.000000e+02	1.137820e+00	1.000000e-200	5.814249e-07	1.956951e-194
6.400000e-02	-2.000000e+02	1.158777e+00	1.000000e-200	5.921340e-07	1.956951e-194
7.207368e-02	-2.000000e+02	1.180521e+00	1.000000e-200	6.032449e-07	1.956951e-194
8.000000e-02	-2.000000e+02	1.202264e+00	1.000000e-200	6.143558e-07	1.956951e-194
8.807368e-02	-2.000000e+02	1.224824e+00	1.000000e-200	6.258837e-07	1.956951e-194
9.600000e-02	-2.000000e+02	1.247384e+00	1.000000e-200	6.374116e-07	1.956951e-194
1.040737e-01	-2.000000e+02	1.270790e+00	1.000000e-200	6.493721e-07	1.956951e-194
1.120000e-01	-2.000000e+02	1.294196e+00	1.000000e-200	6.613327e-07	1.956951e-194
1.200737e-01	-2.000000e+02	1.318480e+00	1.000000e-200	6.737420e-07	1.956951e-194
1.280000e-01	-2.000000e+02	1.342765e+00	1.000000e-200	6.861514e-07	1.956951e-194
1.360737e-01	-2.000000e+02	1.367961e+00	1.000000e-200	6.990265e-07	1.956951e-194
1.440000e-01	-2.000000e+02	1.393157e+00	1.000000e-200	7.119016e-07	1.956951e-194
1.520737e-01	-2.000000e+02	1.419298e+00	1.000000e-200	7.252599e-07	1.956951e-194
1.600000e-01	-2.000000e+02	1.445440e+00	1.000000e-200	7.386181e-07	1.956951e-194
1.680737e-01	-2.000000e+02	1.472562e+00	1.000000e-200	7.524777e-07	1.956951e-194
1.760000e-01	-2.000000e+02	1.499685e+00	1.000000e-200	7.663373e-07	1.956951e-194
1.840737e-01	-2.000000e+02	1.527825e+00	1.000000e-200	7.807170e-07	1.956951e-194
1.920000e-01	-2.000000e+02	1.555966e+00	1.000000e-200	7.950967e-07	1.956951e-194
2.000737e-01	-2.000000e+02	1.585162e+00	1.000000e-200	8.100161e-07	1.956951e-194
2.080000e-01	-2.000000e+02	1.614359e+00	1.000000e-200	8.249355e-07	1.956951e-194
2.160737e-01	-2.000000e+02	1.644651e+00	1.000000e-200	8.404147e-07	1.956951e-194
2.240000e-01	-2.000000e+02	1.674943e+00	1.000000e-200	8.558940e-07	1.956951e-194
2.320737e-01	-2.000000e+02	1.706372e+00	1.000000e-200	8.719542e-07	1.956951e-194
2.400000e-01	-2.000000e+02	1.737801e+00	1.000000e-200	8.880143e-07	1.956951e-194
2.480737e-01	-2.000000e+02	1.770409e+00	1.000000e-200	9.046772e-07	1.956951e-194
2.560000e-01	-2.000000e+02	1.803018e+00	1.000000e-200	9.213401e-07	1.956951e-194
2.640737e-01	-2.000000e+02	1.836850e+00	1.000000e-200	9.386283e-07	1.956951e-194
2.720000e-01	-2.000000e+02	1.870682e+00	1.000000e-200	9.559165e-07	1.956951e-194
2.800737e-01	-2.000000e+02	1.905784e+00	1.000000e-200	9.738536e-07	1.956951e-194
2.880000e-01	-2.000000e+02	1.940886e+00	1.000000e-200	9.917906e-07	1.956951e-194
2.960737e-01	-2.000000e+02	1.977305e+00	1.000000e-200	1.010401e-06	1.956951e-194
3.040000e-01	-2.000000e+02	2.013724e+00	1.000000e-200	1.029011e-06	1.956951e-194
3.120737e-01	-2.000000e+02	2.051510e+00	1.000000e-200	1.048319e-06	1.956951e-194
3.200000e-01	-2.000000e+02	2.089296e+00	1.000000e-200	1.067628e-06	1.956951e-194
3.280737e-01	-2.000000e+02	2.128500e+00	1.000000e-200	1.087661e-06	1.956951e-194
3.360000e-01	-2.000000e+02	2.167704e+00	1.000000e-200	1.107694e-06	1.956951e-194
3.440737e-01	-2.000000e+02	2.208379e+00	1.000000e-200	1.128479e-06	1.956951e-194
3.520000e-01	-2.000000e+02	2.249055e+00	1.000000e-200	1.149264e-06	1.956951e-194
3.600737e-01	-2.000000e+02	2.291256e+00	1.000000e-200	1.170829e-06	1.956951e-194
3.680000e-01	-2.000000e+02	2.333458e+00	1.000000e-200	1.192395e-06	1.956951e-194
3.760737e-01	-2.000000e+02	2.377244e+00	1.000000e-200	1.214769e-06	1.956951e-194
3.840000e-01	-2.000000e+02	2.421029e+00	1.000000e-200	1.237143e-06	1.956951e-194
3.920737e-01	-2.000000e+02	2.466458e+00	1.000000e-200	1.260357e-06	1.956951e-194
4.000000e-01	-2.000000e+02	2.511886e+00	1.000000e-200	1.283571e-06	1.956951e-194
4.080737e-01	-2.000000e+02	2.559020e+00	1.000000e-200	1.307656e-06	1.956951e-194
4.160000e-01	-2.000000e+02	2.606154e+00	1.000000e-200	1.331742e-06	1.956951e-194
4.240737e-01	-2.000000e+02	2.655056e+00	1.000000e-200	1.356731e-06	1.956951e-194
4.320000e-01	-2.000000e+02	2.703958e+00	1.000000e-200	1.381720e-06	1.956951e-194
4.400737e-01	-2.000000e+02	2.754696e+00	1.000000e-200	1.407647e-06	1.956951e-194
4.480000e-01	-2.000000e+02	2.805434e+00	1.000000e-200	1.433574e-06	1.956951e-194
4.560737e-01	-2.000000e+02	2.858075e+00	1.000000e-200	1.460473e-06	1.956951e-194
4.640000e-01	-2.000000e+02	2.910717e+00	1.000000e-200	1.487373e-06	1.956951e-194
4.720737e-01	-2.000000e+02	2.965334e+00	1.000000e-200	1.515283e-06	1.956951e-194
4.800000e-01	-2.000000e+02	3.019952e+00	1.000000e-200	1.543192e-06	1.956951e-194
4.880737e-01	-2.000000e+02	3.076619e+00	1.000000e-200	1.572149e-06	1.956951e-194
4.960000e-01	-2.000000e+02	3.133286e+00	1.000000e-200	1.601106e-06	1.956951e-194
5.040737e-01	-2.000000e+02	3.192079e+00	1.000000e-200	1.631149e-06	1.956951e-194
5.120000e-01	-2.000000e+02	3.250873e+00	1.000000e-200	1.661193e-06	1.956951e-194
5.200737e-01	-2.000000e+02	3.311873e+00	1.000000e-200	1.692364e-06	1.956951e-194
5.280000e-01	-2.000000e+02	3.372873e+00	1.000000e-200	1.723534e-06	1.956951e-194
5.360737e-01	-2.000000e+02	3.436162e+00	1.000000e-200	1.755875e-06	1.956951e-194
5.440000e-01	-2.000000e+02	3.499452e+00	1.000000e-200	1.788216e-06	1.956951e-194
5.520737e-01	-2.000000e+02	3.565116e+00	1.000000e-200	1.821770e-06	1.956951e-194
5.600000e-01	-2.000000e+02	3.630781e+00	1.000000e-200	1.855325e-06	1.956951e-194
5.680737e-01	-2.000000e+02	3.698909e+00	1.000000e-200	1.890139e-06	1.956951e-194
5.760000e-01	-2.000000e+02	3.767038e+00	1.000000e-200	1.924952e-06	1.956951e-194
5.840737e-01	-2.000000e+02	3.837723e+00	1.000000e-200	1.961073e-06	1.956951e-194
5.920000e-01	-2.000000e+02	3.908409e+00	1.000000e-200	1.997193e-06	1.956951e-194
6.000737e-01	-2.000000e+02	3.981747e+00	1.000000e-200	2.034668e-06	1.956951e-194
6.080000e-01	-2.000000e+02	4.055085e+00	1.000000e-200	2.072144e-06	1.956951e-194
6.160737e-01	-2.000000e+02	4.131176e+00	1.000000e-200	2.111026e-06	1.956951e-194
6.240000e-01	-2.000000e+02	4.207266e+00	1.000000e-200	2.149908e-06	1.956951e-194
6.320737e-01	-2.000000e+02	4.286212e+00	1.000000e-200	2.190250e-06	1.956951e-194
6.400000e-01	-2.000000e+02	4.365158e+00	1.000000e-200	2.230591e-06	1.956951e-194
6.480737e-01	-2.000000e+02	4.447067e+00	1.000000e-200	2.272446e-06	1.956951e-194
6.560000e-01	-2.000000e+02	4.528976e+00	1.000000e-200	2.314302e-06	1.956951e-194
6.640737e-01	-2.000000e+02	4.613958e+00	1.000000e-200	2.357728e-06	1.956951e-194
6.720000e-01	-2.000000e+02	4.698941e+00	1.000000e-200	2.401154e-06	1.956951e-194
6.800737e-01	-2.000000e+02	4.787113e+00	1.000000e-200	2.446210e-06	1.956951e-194
6.880000e-01	-2.000000e+02	4.875285e+00	1.000000e-200	2.491265e-06	1.956951e-194
6.960737e-01	-2.000000e+02	4.966766e+00	1.000000e-200	2.538012e-06	1.956951e-194
7.040000e-01	-2.000000e+02	5.058247e+00	1.000000e-200	2.584759e-06	1.956951e-194
7.120737e-01	-2.000000e+02	5.153161e+00	1.000000e-200	2.633259e-06	1.956951e-194
7.200000e-01	-2.000000e+02	5.248075e+00	1.000000e-200	2.681760e-06	1.956951e-194
7.280737e-01	-2.000000e+02	5.346551e+00	1.000000e-200	2.732082e-06	1.956951e-194
7.360000e-01	-2.000000e+02	5.445027e+00	1.000000e-200	2.782403e-06	1.956951e-194
7.440737e-01	-2.000000e+02	5.547198e+00	1.000000e-200	2.834612e-06	1.956951e-194
7.520000e-01	-2.000000e+02	5.649370e+00	1.000000e-200	2.886822e-06	1.956951e-194
7.600737e-01	-2.000000e+02	5.755376e+00	1.000000e-200	2.940991e-06	1.956951e-194
7.680000e-01	-2.000000e+02	5.861382e+00	1.000000e-200	2.995160e-06	1.956951e-194
7.760737e-01	-2.000000e+02	5.971366e+00	1.000000e-200	3.051361e-06	1.956951e-194
7.840000e-01	-2.000000e+02	6.081350e+00	1.000000e-200	3.107563e-06	1.956951e-194
7.920737e-01	-2.000000e+02	6.195462e+00	1.000000e-200	3.165874e-06	1.956951e-194
8.000000e-01	-2.000000e+02	6.309573e+00	1.000000e-200	3.224185e-06	1.956951e-194
8.080737e-01	-2.000000e+02	6.427968e+00	1.000000e-200	3.284684e-06	1.956951e-194
8.160000e-01	-2.000000e+02	6.546362e+00	1.000000e-200	3.345184e-06	1.956951e-194
8.240737e-01	-2.000000e+02	6.669199e+00	1.000000e-200	3.407953e-06	1.956951e-194
8.320000e-01	-2.000000e+02	6.792036e+00	1.000000e-200	3.470723e-06	1.956951e-194
8.400737e-01	-2.000000e+02	6.919484e+00	1.000000e-200	3.535849e-06	1.956951e-194
8.480000e-01	-2.000000e+02	7.046931e+00	1.000000e-200	3.600974e-06	1.956951e-194
8.560737e-01	-2.000000e+02	7.179161e+00	1.000000e-200	3.668543e-06	1.956951e-194
8.640000e-01	-2.000000e+02	7.311391e+00	1.000000e-200	3.736113e-06	1.956951e-194
8.720737e-01	-2.000000e+02	7.448583e+00	1.000000e-200	3.806218e-06	1.956951e-194
8.800000e-01	-2.000000e+02	7.585776e+00	1.000000e-200	3.876323e-06	1.956951e-194
8.880737e-01	-2.000000e+02	7.728117e+00	1.000000e-200	3.949059e-06	1.956951e-194
8.960000e-01	-2.000000e+02	7.870458e+00	1.000000e-200	4.021795e-06	1.956951e-194
9.040737e-01	-2.000000e+02	8.018141e+00	1.000000e-200	4.097261e-06	1.956951e-194
9.120000e-01	-2.000000e+02	8.165824e+00	1.000000e-200	4.172727e-06	1.956951e-194
9.200737e-01	-2.000000e+02	8.319049e+00	1.000000e-200	4.251025e-06	1.956951e-194
9.280000e-01	-2.000000e+02	8.472274e+00	1.000000e-200	4.329323e-06	1.956951e-194
9.360737e-01	-2.000000e+02	8.631250e+00	1.000000e-200	4.410559e-06	1.956951e-194
9.440000e-01	-2.000000e+02	8.790225e+00	1.000000e-200	4.491795e-06	1.956951e-194
9.520737e-01	-2.000000e+02	8.955167e+00	1.000000e-200	4.576080e-06	1.956951e-194
9.600000e-01	-2.000000e+02	9.120108e+00	1.000000e-200	4.660365e-06	1.956951e-194
9.680737e-01	-2.000000e+02	9.291240e+00	1.000000e-200	4.747814e-06	1.956951e-194
9.760000e-01	-2.000000e+02	9.462372e+00	1.000000e-200	4.835262e-06	1.956951e-194
9.840737e-01	-2.000000e+02	9.639926e+00	1.000000e-200	4.925991e-06	1.956951e-194
9.920000e-01	-2.000000e+02	9.817479e+00	1.000000e-200	5.016721e-06	1.956951e-194
1.000074e+00	-2.000000e+02	1.000170e+01	1.000000e-200	5.110856e-06	1.956951e-194
1.008000e+00	-2.000000e+02	1.018591e+01	1.000000e-200	5.204991e-06	1.956951e-194
1.016074e+00	-2.000000e+02	1.037704e+01	1.000000e-200	5.302658e-06	1.956951e-194
1.024000e+00	-2.000000e+02	1.056818e+01	1.000000e-200	5.400326e-06	1.956951e-194
1.032074e+00	-2.000000e+02	1.076648e+01	1.000000e-200	5.501659e-06	1.956951e-194
1.040000e+00	-2.000000e+02	1.096478e+01	1.000000e-200	5.602992e-06	1.956951e-194
1.048074e+00	-2.000000e+02	1.117053e+01	1.000000e-200	5.708127e-06	1.956951e-194
1.056000e+00	-2.000000e+02	1.137627e+01	1.000000e-200	5.813263e-06	1.956951e-194
1.064074e+00	-2.000000e+02	1.158974e+01	1.000000e-200	5.922344e-06	1.956951e-194
1.072000e+00	-2.000000e+02	1.180321e+01	1.000000e-200	6.031426e-06	1.956951e-194
1.080074e+00	-2.000000e+02	1.202468e+01	1.000000e-200	6.144601e-06	1.956951e-194
1.088000e+00	-2.000000e+02	1.224616e+01	1.000000e-200	6.257775e-06	1.956951e-194
1.096074e+00	-2.000000e+02	1.247595e+01	1.000000e-200	6.375198e-06	1.956951e-194
1.104000e+00	-2.000000e+02	1.270574e+01	1.000000e-200	6.492620e-06	1.956951e-194
1.112074e+00	-2.000000e+02	1.294415e+01	1.000000e-200	6.614449e-06	1.956951e-194
1.120000e+00	-2.000000e+02	1.318257e+01	1.000000e-200	6.736278e-06	1.956951e-194
1.128074e+00	-2.000000e+02	1.342993e+01	1.000000e-200	6.862678e-06	1.956951e-194
1.136000e+00	-2.000000e+02	1.367729e+01	1.000000e-200	6.989079e-06	1.956951e-194
1.144074e+00	-2.000000e+02	1.393393e+01	1.000000e-200	7.120224e-06	1.956951e-194
1.152000e+00	-2.000000e+02	1.419058e+01	1.000000e-200	7.251368e-06	1.956951e-194
1.160074e+00	-2.000000e+02	1.445685e+01	1.000000e-200	7.387435e-06	1.956951e-194
1.168000e+00	-2.000000e+02	1.472313e+01	1.000000e-200	7.523501e-06	1.956951e-194
1.176074e+00	-2.000000e+02	1.499939e+01	1.000000e-200	7.664673e-06	1.956951e-194
1.184000e+00	-2.000000e+02	1.527566e+01	1.000000e-200	7.805846e-06	1.956951e-194
1.192074e+00	-2.000000e+02	1.556230e+01	1.000000e-200	7.952316e-06	1.956951e-194
1.200000e+00	-2.000000e+02	1.584893e+01	1.000000e-200	8.098787e-06	1.956951e-194
1.208074e+00	-2.000000e+02	1.614632e+01	1.000000e-200	8.250754e-06	1.956951e-194
1.216000e+00	-2.000000e+02	1.644372e+01	1.000000e-200	8.402722e-06	1.956951e-194
1.224074e+00	-2.000000e+02	1.675227e+01	1.000000e-200	8.560392e-06	1.956951e-194
1.232000e+00	-2.000000e+02	1.706082e+01	1.000000e-200	8.718062e-06	1.956951e-194
1.240074e+00	-2.000000e+02	1.738096e+01	1.000000e-200	8.881650e-06	1.956951e-194
1.248000e+00	-2.000000e+02	1.770109e+01	1.000000e-200	9.045237e-06	1.956951e-194
1.256074e+00	-2.000000e+02	1.803324e+01	1.000000e-200	9.214964e-06	1.956951e-194
1.264000e+00	-2.000000e+02	1.836538e+01	1.000000e-200	9.384691e-06	1.956951e-194
1.272074e+00	-2.000000e+02	1.871000e+01	1.000000e-200	9.560787e-06	1.956951e-194
1.280000e+00	-2.000000e+02	1.905461e+01	1.000000e-200	9.736883e-06	1.956951e-194
1.288074e+00	-2.000000e+02	1.941215e+01	1.000000e-200	9.919588e-06	1.956951e-194
1.296000e+00	-2.000000e+02	1.976970e+01	1.000000e-200	1.010229e-05	1.956951e-194
1.304074e+00	-2.000000e+02	2.014066e+01	1.000000e-200	1.029185e-05	1.956951e-194
1.312000e+00	-2.000000e+02	2.051162e+01	1.000000e-200	1.048142e-05	1.956951e-194
1.320074e+00	-2.000000e+02	2.089651e+01	1.000000e-200	1.067809e-05	1.956951e-194
1.328000e+00	-2.000000e+02	2.128139e+01	1.000000e-200	1.087477e-05	1.956951e-194
1.336074e+00	-2.000000e+02	2.168072e+01	1.000000e-200	1.107882e-05	1.956951e-194
1.344000e+00	-2.000000e+02	2.208005e+01	1.000000e-200	1.128288e-05	1.956951e-194
1.352074e+00	-2.000000e+02	2.249436e+01	1.000000e-200	1.149459e-05	1.956951e-194
1.360000e+00	-2.000000e+02	2.290868e+01	1.000000e-200	1.170631e-05	1.956951e-194
1.368074e+00	-2.000000e+02	2.333854e+01	1.000000e-200	1.192597e-05	1.956951e-194
1.376000e+00	-2.000000e+02	2.376840e+01	1.000000e-200	1.214563e-05	1.956951e-194
1.384074e+00	-2.000000e+02	2.421440e+01	1.000000e-200	1.237353e-05	1.956951e-194
1.392000e+00	-2.000000e+02	2.466039e+01	1.000000e-200	1.260143e-05	1.956951e-194
1.400074e+00	-2.000000e+02	2.512313e+01	1.000000e-200	1.283789e-05	1.956951e-194
1.408000e+00	-2.000000e+02	2.558586e+01	1.000000e-200	1.307435e-05	1.956951e-194
1.416074e+00	-2.000000e+02	2.606596e+01	1.000000e-200	1.331968e-05	1.956951e-194
1.424000e+00	-2.000000e+02	2.654606e+01	1.000000e-200	1.356501e-05	1.956951e-194
1.432074e+00	-2.000000e+02	2.704417e+01	1.000000e-200	1.381954e-05	1.956951e-194
1.440000e+00	-2.000000e+02	2.754229e+01	1.000000e-200	1.407408e-05	1.956951e-194
1.448074e+00	-2.000000e+02	2.805910e+01	1.000000e-200	1.433817e-05	1.956951e-194
1.456000e+00	-2.000000e+02	2.857591e+01	1.000000e-200	1.460226e-05	1.956951e-194
1.464074e+00	-2.000000e+02	2.911211e+01	1.000000e-200	1.487626e-05	1.956951e-194
1.472000e+00	-2.000000e+02	2.964831e+01	1.000000e-200	1.515026e-05	1.956951e-194
1.480074e+00	-2.000000e+02	3.020464e+01	1.000000e-200	1.543454e-05	1.956951e-194
1.488000e+00	-2.000000e+02	3.076097e+01	1.000000e-200	1.571882e-05	1.956951e-194
1.496074e+00	-2.000000e+02	3.133817e+01	1.000000e-200	1.601377e-05	1.956951e-194
1.504000e+00	-2.000000e+02	3.191538e+01	1.000000e-200	1.630872e-05	1.956951e-194
1.512074e+00	-2.000000e+02	3.251425e+01	1.000000e-200	1.661474e-05	1.956951e-194
1.520000e+00	-2.000000e+02	3.311311e+01	1.000000e-200	1.692076e-05	1.956951e-194
1.528074e+00	-2.000000e+02	3.373445e+01	1.000000e-200	1.723827e-05	1.956951e-194
1.536000e+00	-2.000000e+02	3.435579e+01	1.000000e-200	1.755577e-05	1.956951e-194
1.544074e+00	-2.000000e+02	3.500045e+01	1.000000e-200	1.788519e-05	1.956951e-194
1.552000e+00	-2.000000e+02	3.564511e+01	1.000000e-200	1.821461e-05	1.956951e-194
1.560074e+00	-2.000000e+02	3.631397e+01	1.000000e-200	1.855640e-05	1.956951e-194
1.568000e+00	-2.000000e+02	3.698282e+01	1.000000e-200	1.889818e-05	1.956951e-194
1.576074e+00	-2.000000e+02	3.767677e+01	1.000000e-200	1.925279e-05	1.956951e-194
1.584000e+00	-2.000000e+02	3.837072e+01	1.000000e-200	1.960740e-05	1.956951e-194
1.592074e+00	-2.000000e+02	3.909072e+01	1.000000e-200	1.997532e-05	1.956951e-194
1.600000e+00	-2.000000e+02	3.981072e+01	1.000000e-200	2.034323e-05	1.956951e-194
1.608074e+00	-2.000000e+02	4.055773e+01	1.000000e-200	2.072496e-05	1.956951e-194
1.616000e+00	-2.000000e+02	4.130475e+01	1.000000e-200	2.110668e-05	1.956951e-194
1.624074e+00	-2.000000e+02	4.207980e+01	1.000000e-200	2.150273e-05	1.956951e-194
1.632000e+00	-2.000000e+02	4.285485e+01	1.000000e-200	2.189878e-05	1.956951e-194
1.640074e+00	-2.000000e+02	4.365899e+01	1.000000e-200	2.230970e-05	1.956951e-194
1.648000e+00	-2.000000e+02	4.446313e+01	1.000000e-200	2.272061e-05	1.956951e-194
1.656074e+00	-2.000000e+02	4.529744e+01	1.000000e-200	2.314694e-05	1.956951e-194
1.664000e+00	-2.000000e+02	4.613176e+01	1.000000e-200	2.357328e-05	1.956951e-194
1.672074e+00	-2.000000e+02	4.699738e+01	1.000000e-200	2.401561e-05	1.956951e-194
1.680000e+00	-2.000000e+02	4.786301e+01	1.000000e-200	2.445795e-05	1.956951e-194
1.688074e+00	-2.000000e+02	4.876112e+01	1.000000e-200	2.491688e-05	1.956951e-194
1.696000e+00	-2.000000e+02	4.965923e+01	1.000000e-200	2.537581e-05	1.956951e-194
1.704074e+00	-2.000000e+02	5.059105e+01	1.000000e-200	2.585197e-05	1.956951e-194
1.712000e+00	-2.000000e+02	5.152286e+01	1.000000e-200	2.632813e-05	1.956951e-194
1.720074e+00	-2.000000e+02	5.248965e+01	1.000000e-200	2.682215e-05	1.956951e-194
1.728000e+00	-2.000000e+02	5.345644e+01	1.000000e-200	2.731618e-05	1.956951e-194
1.736074e+00	-2.000000e+02	5.445950e+01	1.000000e-200	2.782875e-05	1.956951e-194
1.744000e+00	-2.000000e+02	5.546257e+01	1.000000e-200	2.834131e-05	1.956951e-194
1.752074e+00	-2.000000e+02	5.650328e+01	1.000000e-200	2.887312e-05	1.956951e-194
1.760000e+00	-2.000000e+02	5.754399e+01	1.000000e-200	2.940492e-05	1.956951e-194
1.768074e+00	-2.000000e+02	5.862376e+01	1.000000e-200	2.995668e-05	1.956951e-194
1.776000e+00	-2.000000e+02	5.970353e+01	1.000000e-200	3.050844e-05	1.956951e-194
1.784074e+00	-2.000000e+02	6.082382e+01	1.000000e-200	3.108090e-05	1.956951e-194
1.792000e+00	-2.000000e+02	6.194411e+01	1.000000e-200	3.165337e-05	1.956951e-194
1.800074e+00	-2.000000e+02	6.310644e+01	1.000000e-200	3.224732e-05	1.956951e-194
1.808000e+00	-2.000000e+02	6.426877e+01	1.000000e-200	3.284127e-05	1.956951e-194
1.816074e+00	-2.000000e+02	6.547472e+01	1.000000e-200	3.345751e-05	1.956951e-194
1.824000e+00	-2.000000e+02	6.668068e+01	1.000000e-200	3.407375e-05	1.956951e-194
1.832074e+00	-2.000000e+02	6.793189e+01	1.000000e-200	3.471312e-05	1.956951e-194
1.840000e+00	-2.000000e+02	6.918310e+01	1.000000e-200	3.535249e-05	1.956951e-194
1.848074e+00	-2.000000e+02	7.048126e+01	1.000000e-200	3.601585e-05	1.956951e-194
1.856000e+00	-2.000000e+02	7.177943e+01	1.000000e-200	3.667921e-05	1.956951e-194
1.864074e+00	-2.000000e+02	7.312631e+01	1.000000e-200	3.736747e-05	1.956951e-194
1.872000e+00	-2.000000e+02	7.447320e+01	1.000000e-200	3.805572e-05	1.956951e-194
1.880074e+00	-2.000000e+02	7.587063e+01	1.000000e-200	3.876981e-05	1.956951e-194
1.888000e+00	-2.000000e+02	7.726806e+01	1.000000e-200	3.948389e-05	1.956951e-194
1.896074e+00	-2.000000e+02	7.871793e+01	1.000000e-200	4.022478e-05	1.956951e-194
1.904000e+00	-2.000000e+02	8.016781e+01	1.000000e-200	4.096566e-05	1.956951e-194
1.912074e+00	-2.000000e+02	8.167209e+01	1.000000e-200	4.173435e-05	1.956951e-194
1.920000e+00	-2.000000e+02	8.317638e+01	1.000000e-200	4.250304e-05	1.956951e-194
1.928074e+00	-2.000000e+02	8.473712e+01	1.000000e-200	4.330057e-05	1.956951e-194
1.936000e+00	-2.000000e+02	8.629785e+01	1.000000e-200	4.409811e-05	1.956951e-194
1.944074e+00	-2.000000e+02	8.791717e+01	1.000000e-200	4.492558e-05	1.956951e-194
1.952000e+00	-2.000000e+02	8.953648e+01	1.000000e-200	4.575304e-05	1.956951e-194
1.960074e+00	-2.000000e+02	9.121656e+01	1.000000e-200	4.661156e-05	1.956951e-194
1.968000e+00	-2.000000e+02	9.289664e+01	1.000000e-200	4.747008e-05	1.956951e-194
1.976074e+00	-2.000000e+02	9.463977e+01	1.000000e-200	4.836082e-05	1.956951e-194
1.984000e+00	-2.000000e+02	9.638290e+01	1.000000e-200	4.925156e-05	1.956951e-194
1.992074e+00	-2.000000e+02	9.819145e+01	1.000000e-200	5.017572e-05	1.956951e-194
2.000000e+00	-2.000000e+02	1.000000e+02	1.000000e-200	5.109989e-05	1.956951e-194
2.008074e+00	-2.000000e+02	1.018764e+02	1.000000e-200	5.205874e-05	1.956951e-194
2.016000e+00	-2.000000e+02	1.037528e+02	1.000000e-200	5.301759e-05	1.956951e-194
2.024074e+00	-2.000000e+02	1.056997e+02	1.000000e-200	5.401242e-05	1.956951e-194
2.032000e+00	-2.000000e+02	1.076465e+02	1.000000e-200	5.500726e-05	1.956951e-194
2.040074e+00	-2.000000e+02	1.096664e+02	1.000000e-200	5.603942e-05	1.956951e-194
2.048000e+00	-2.000000e+02	1.116863e+02	1.000000e-200	5.707159e-05	1.956951e-194
2.056074e+00	-2.000000e+02	1.137820e+02	1.000000e-200	5.814249e-05	1.956951e-194
2.064000e+00	-2.000000e+02	1.158777e+02	1.000000e-200	5.921340e-05	1.956951e-194
2.072074e+00	-2.000000e+02	1.180521e+02	1.000000e-200	6.032449e-05	1.956951e-194
2.080000e+00	-2.000000e+02	1.202264e+02	1.000000e-200	6.143558e-05	1.956951e-194
2.088074e+00	-2.000000e+02	1.224824e+02	1.000000e-200	6.258837e-05	1.956951e-194
2.096000e+00	-2.000000e+02	1.247384e+02	1.000000e-200	6.374116e-05	1.956951e-194
2.104074e+00	-2.000000e+02	1.270790e+02	1.000000e-200	6.493721e-05	1.956951e-194
2.112000e+00	-2.000000e+02	1.294196e+02	1.000000e-200	6.613327e-05	1.956951e-194
2.120074e+00	-2.000000e+02	1.318480e+02	1.000000e-200	6.737420e-05	1.956951e-194
2.128000e+00	-2.000000e+02	1.342765e+02	1.000000e-200	6.861514e-05	1.956951e-194
2.136074e+00	-2.000000e+02	1.367961e+02	1.000000e-200	6.990265e-05	1.956951e-194
2.144000e+00	-2.000000e+02	1.393157e+02	1.000000e-200	7.119016e-05	1.956951e-194
2.152074e+00	-2.000000e+02	1.419298e+02	1.000000e-200	7.252599e-05	1.956951e-194
2.160000e+00	-2.000000e+02	1.445440e+02	1.000000e-200	7.386181e-05	1.956951e-194
2.168074e+00	-2.000000e+02	1.472562e+02	1.000000e-200	7.524777e-05	1.956951e-194
2.176000e+00	-2.000000e+02	1.499685e+02	1.000000e-200	7.663373e-05	1.956951e-194
2.184074e+00	-2.000000e+02	1.527825e+02	1.000000e-200	7.807170e-05	1.956951e-194
2.192000e+00	-2.000000e+02	1.555966e+02	1.000000e-200	7.950967e-05	1.956951e-194
2.200074e+00	-2.000000e+02	1.585162e+02	1.000000e-200	8.100161e-05	1.956951e-194
2.208000e+00	-2.000000e+02	1.614359e+02	1.000000e-200	8.249355e-05	1.956951e-194
2.216074e+00	-2.000000e+02	1.644651e+02	1.000000e-200	8.404147e-05	1.956951e-194
2.224000e+00	-2.000000e+02	1.674943e+02	1.000000e-200	8.558940e-05	1.956951e-194
2.232074e+00	-2.000000e+02	1.706372e+02	1.000000e-200	8.719542e-05	1.956951e-194
2.240000e+00	-2.000000e+02	1.737801e+02	1.000000e-200	8.880143e-05	1.956951e-194
2.248074e+00	-2.000000e+02	1.770409e+02	1.000000e-200	9.046772e-05	1.956951e-194
2.256000e+00	-2.000000e+02	1.803018e+02	1.000000e-200	9.213401e-05	1.956951e-194
2.264074e+00	-2.000000e+02	1.836850e+02	1.000000e-200	9.386283e-05	1.956951e-194
2.272000e+00	-2.000000e+02	1.870682e+02	1.000000e-200	9.559165e-05	1.956951e-194
2.280074e+00	-2.000000e+02	1.905784e+02	1.000000e-200	9.738536e-05	1.956951e-194
2.288000e+00	-2.000000e+02	1.940886e+02	1.000000e-200	9.917906e-05	1.956951e-194
2.296074e+00	-2.000000e+02	1.977305e+02	1.000000e-200	1.010401e-04	1.956951e-194
2.304000e+00	-2.000000e+02	2.013724e+02	1.000000e-200	1.029011e-04	1.956951e-194
2.312074e+00	-2.000000e+02	2.051510e+02	1.000000e-200	1.048319e-04	1.956951e-194
2.320000e+00	-2.000000e+02	2.089296e+02	1.000000e-200	1.067628e-04	1.956951e-194
2.328074e+00	-2.000000e+02	2.128500e+02	1.000000e-200	1.087661e-04	1.956951e-194
2.336000e+00	-2.000000e+02	2.167704e+02	1.000000e-200	1.107694e-04	1.956951e-194
2.344074e+00	-2.000000e+02	2.208379e+02	1.000000e-200	1.128479e-04	1.956951e-194
2.352000e+00	-2.000000e+02	2.249055e+02	1.000000e-200	1.149264e-04	1.956951e-194
2.360074e+00	-2.000000e+02	2.291256e+02	1.000000e-200	1.170829e-04	1.956951e-194
2.368000e+00	-2.000000e+02	2.333458e+02	1.000000e-200	1.192395e-04	1.956951e-194
2.376074e+00	-2.000000e+02	2.377244e+02	1.000000e-200	1.214769e-04	1.956951e-194
2.384000e+00	-2.000000e+02	2.421029e+02	1.000000e-200	1.237143e-04	1.956951e-194
2.392074e+00	-2.000000e+02	2.466458e+02	1.000000e-200	1.260357e-04	1.956951e-194
2.400000e+00	-2.000000e+02	2.511886e+02	1.000000e-200	1.283571e-04	1.956951e-194
2.408074e+00	-2.000000e+02	2.559020e+02	1.000000e-200	1.307656e-04	1.956951e-194
2.416000e+00	-2.000000e+02	2.606154e+02	1.000000e-200	1.331742e-04	1.956951e-194
2.424074e+00	-2.000000e+02	2.655056e+02	1.000000e-200	1.356731e-04	1.956951e-194
2.432000e+00	-2.000000e+02	2.703958e+02	1.000000e-200	1.381720e-04	1.956951e-194
2.440074e+00	-2.000000e+02	2.754696e+02	1.000000e-200	1.407647e-04	1.956951e-194
2.448000e+00	-2.000000e+02	2.805434e+02	1.000000e-200	1.433574e-04	1.956951e-194
2.456074e+00	-2.000000e+02	2.858075e+02	1.000000e-200	1.460473e-04	1.956951e-194
2.464000e+00	-2.000000e+02	2.910717e+02	1.000000e-200	1.487373e-04	1.956951e-194
2.472074e+00	-2.000000e+02	2.965334e+02	1.000000e-200	1.515283e-04	1.956951e-194
2.480000e+00	-2.000000e+02	3.019952e+02	1.000000e-200	1.543192e-04	1.956951e-194
2.488074e+00	-2.000000e+02	3.076619e+02	1.000000e-200	1.572149e-04	1.956951e-194
2.496000e+00	-2.000000e+02	3.133286e+02	1.000000e-200	1.601106e-04	1.956951e-194
2.504074e+00	-2.000000e+02	3.192079e+02	1.000000e-200	1.631149e-04	1.956951e-194
2.512000e+00	-2.000000e+02	3.250873e+02	1.000000e-200	1.661193e-04	1.956951e-194
2.520074e+00	-2.000000e+02	3.311873e+02	1.000000e-200	1.692364e-04	1.956951e-194
2.528000e+00	-2.000000e+02	3.372873e+02	1.000000e-200	1.723534e-04	1.956951e-194
2.536074e+00	-2.000000e+02	3.436162e+02	1.000000e-200	1.755875e-04	1.956951e-194
2.544000e+00	-2.000000e+02	3.499452e+02	1.000000e-200	1.788216e-04	1.956951e-194
2.552074e+00	-2.000000e+02	3.565116e+02	1.000000e-200	1.821770e-04	1.956951e-194
2.560000e+00	-2.000000e+02	3.630781e+02	1.000000e-200	1.855325e-04	1.956951e-194
2.568074e+00	-2.000000e+02	3.698909e+02	1.000000e-200	1.890139e-04	1.956951e-194
2.576000e+00	-2.000000e+02	3.767038e+02	1.000000e-200	1.924952e-04	1.956951e-194
2.584074e+00	-2.000000e+02	3.837723e+02	1.000000e-200	1.961073e-04	1.956951e-194
2.592000e+00	-2.000000e+02	3.908409e+02	1.000000e-200	1.997193e-04	1.956951e-194
2.600074e+00	-2.000000e+02	3.981747e+02	1.000000e-200	2.034668e-04	1.956951e-194
2.608000e+00	-2.000000e+02	4.055085e+02	1.000000e-200	2.072144e-04	1.956951e-194
2.616074e+00	-2.000000e+02	4.131176e+02	1.000000e-200	2.111026e-04	1.956951e-194
2.624000e+00	-2.000000e+02	4.207266e+02	1.000000e-200	2.149908e-04	1.956951e-194
2.632074e+00	-2.000000e+02	4.286212e+02	1.000000e-200	2.190250e-04	1.956951e-194
2.640000e+00	-2.000000e+02	4.365158e+02	1.000000e-200	2.230591e-04	1.956951e-194
2.648074e+00	-2.000000e+02	4.447067e+02	1.000000e-200	2.272446e-04	1.956951e-194
2.656000e+00	-2.000000e+02	4.528976e+02	1.000000e-200	2.314302e-04	1.956951e-194
2.664074e+00	-2.000000e+02	4.613958e+02	1.000000e-200	2.357728e-04	1.956951e-194
2.672000e+00	-2.000000e+02	4.698941e+02	1.000000e-200	2.401154e-04	1.956951e-194
2.680074e+00	-2.000000e+02	4.787113e+02	1.000000e-200	2.446210e-04	1.956951e-194
2.688000e+00	-2.000000e+02	4.875285e+02	1.000000e-200	2.491265e-04	1.956951e-194
2.696074e+00	-2.000000e+02	4.966766e+02	1.000000e-200	2.538012e-04	1.956951e-194
2.704000e+00	-2.000000e+02	5.058247e+02	1.000000e-200	2.584759e-04	1.956951e-194
2.712074e+00	-2.000000e+02	5.153161e+02	1.000000e-200	2.633259e-04	1.956951e-194
2.720000e+00	-2.000000e+02	5.248075e+02	1.000000e-200	2.681760e-04	1.956951e-194
2.728074e+00	-2.000000e+02	5.346551e+02	1.000000e-200	2.732082e-04	1.956951e-194
2.736000e+00	-2.000000e+02	5.445027e+02	1.000000e-200	2.782403e-04	1.956951e-194
2.744074e+00	-2.000000e+02	5.547198e+02	1.000000e-200	2.834612e-04	1.956951e-194
2.752000e+00	-2.000000e+02	5.649370e+02	1.000000e-200	2.886822e-04	1.956951e-194
2.760074e+00	-2.000000e+02	5.755376e+02	1.000000e-200	2.940991e-04	1.956951e-194
2.768000e+00	-2.000000e+02	5.861382e+02	1.000000e-200	2.995160e-04	1.956951e-194
2.776074e+00	-2.000000e+02	5.971366e+02	1.000000e-200	3.051361e-04	1.956951e-194
2.784000e+00	-2.000000e+02	6.081350e+02	1.000000e-200	3.107563e-04	1.956951e-194
2.792074e+00	-2.000000e+02	6.195462e+02	1.000000e-200	3.165874e-04	1.956951e-194
2.800000e+00	-2.000000e+02	6.309573e+02	1.000000e-200	3.224185e-04	1.956951e-194
2.808074e+00	-2.000000e+02	6.427968e+02	1.000000e-200	3.284684e-04	1.956951e-194
2.816000e+00	-2.000000e+02	6.546362e+02	1.000000e-200	3.345184e-04	1.956951e-194
2.824074e+00	-2.000000e+02	6.669199e+02	1.000000e-200	3.407953e-04	1.956951e-194
2.832000e+00	-2.000000e+02	6.792036e+02	1.000000e-200	3.470723e-04	1.956951e-194
2.840074e+00	-2.000000e+02	6.919484e+02	1.000000e-200	3.535849e-04	1.956951e-194
2.848000e+00	-2.000000e+02	7.046931e+02	1.000000e-200	3.600974e-04	1.956951e-194
2.856074e+00	-2.000000e+02	7.179161e+02	1.000000e-200	3.668543e-04	1.956951e-194
2.864000e+00	-2.000000e+02	7.311391e+02	1.000000e-200	3.736113e-04	1.956951e-194
2.872074e+00	-2.000000e+02	7.448583e+02	1.000000e-200	3.806218e-04	1.956951e-194
2.880000e+00	-2.000000e+02	7.585776e+02	1.000000e-200	3.876323e-04	1.956951e-194
2.888074e+00	-2.000000e+02	7.728117e+02	1.000000e-200	3.949059e-04	1.956951e-194
2.896000e+00	-2.000000e+02	7.870458e+02	1.000000e-200	4.021795e-04	1.956951e-194
2.904074e+00	-2.000000e+02	8.018141e+02	1.000000e-200	4.097261e-04	1.956951e-194
2.912000e+00	-2.000000e+02	8.165824e+02	1.000000e-200	4.172727e-04	1.956951e-194
2.920074e+00	-2.000000e+02	8.319049e+02	1.000000e-200	4.251025e-04	1.956951e-194
2.928000e+00	-2.000000e+02	8.472274e+02	1.000000e-200	4.329323e-04	1.956951e-194
2.936074e+00	-2.000000e+02	8.631250e+02	1.000000e-200	4.410559e-04	1.956951e-194
2.944000e+00	-2.000000e+02	8.790225e+02	1.000000e-200	4.491795e-04	1.956951e-194
2.952074e+00	-2.000000e+02	8.955167e+02	1.000000e-200	4.576080e-04	1.956951e-194
2.960000e+00	-2.000000e+02	9.120108e+02	1.000000e-200	4.660365e-04	1.956951e-194
2.968074e+00	-2.000000e+02	9.291240e+02	1.000000e-200	4.747814e-04	1.956951e-194
2.976000e+00	-2.000000e+02	9.462372e+02	1.000000e-200	4.835262e-04	1.956951e-194
2.984074e+00	-2.000000e+02	9.639926e+02	1.000000e-200	4.925991e-04	1.956951e-194
2.992000e+00	-2.000000e+02	9.817479e+02	1.000000e-200	5.016721e-04	1.956951e-194
3.000074e+00	-2.000000e+02	1.000170e+03	1.000000e-200	5.110856e-04	1.956951e-194
3.008000e+00	-2.000000e+02	1.018591e+03	1.000000e-200	5.204991e-04	1.956951e-194
3.016074e+00	-2.000000e+02	1.037704e+03	1.000000e-200	5.302658e-04	1.956951e-194
3.024000e+00	-2.000000e+02	1.056818e+03	1.000000e-200	5.400326e-04	1.956951e-194
3.032074e+00	-2.000000e+02	1.076648e+03	1.000000e-200	5.501659e-04	1.956951e-194
3.040000e+00	-2.000000e+02	1.096478e+03	1.000000e-200	5.602992e-04	1.956951e-194
3.048074e+00	-2.000000e+02	1.117053e+03	1.000000e-200	5.708127e-04	1.956951e-194
3.056000e+00	-2.000000e+02	1.137627e+03	1.000000e-200	5.813263e-04	1.956951e-194
3.064074e+00	-2.000000e+02	1.158974e+03	1.000000e-200	5.922344e-04	1.956951e-194
3.072000e+00	-2.000000e+02	1.180321e+03	1.000000e-200	6.031426e-04	1.956951e-194
3.080074e+00	-2.000000e+02	1.202468e+03	1.000000e-200	6.144601e-04	1.956951e-194
3.088000e+00	-2.000000e+02	1.224616e+03	1.000000e-200	6.257775e-04	1.956951e-194
3.096074e+00	-2.000000e+02	1.247595e+03	1.000000e-200	6.375198e-04	1.956951e-194
3.104000e+00	-2.000000e+02	1.270574e+03	1.000000e-200	6.492620e-04	1.956951e-194
3.112074e+00	-2.000000e+02	1.294415e+03	1.000000e-200	6.614449e-04	1.956951e-194
3.120000e+00	-2.000000e+02	1.318257e+03	1.000000e-200	6.736278e-04	1.956951e-194
3.128074e+00	-2.000000e+02	1.342993e+03	1.000000e-200	6.862678e-04	1.956951e-194
3.136000e+00	-3.564559e+00	1.367729e+03	2.725470e-04	6.989079e-04	5.333612e+02
3.144074e+00	-3.582178e+00	1.393393e+03	2.617112e-04	7.120224e-04	5.121561e+02
3.152000e+00	-3.599475e+00	1.419058e+03	2.514923e-04	7.251368e-04	4.921583e+02
3.160074e+00	-3.617094e+00	1.445685e+03	2.414936e-04	7.387435e-04	4.725913e+02
3.168000e+00	-3.634392e+00	1.472313e+03	2.320642e-04	7.523501e-04	4.541383e+02
3.176074e+00	-3.652011e+00	1.499939e+03	2.228379e-04	7.664673e-04	4.360829e+02
3.184000e+00	-3.669308e+00	1.527566e+03	2.141369e-04	7.805846e-04	4.190555e+02
3.192074e+00	-3.686928e+00	1.556230e+03	2.056234e-04	7.952316e-04	4.023949e+02
3.200000e+00	-3.704225e+00	1.584893e+03	1.975945e-04	8.098787e-04	3.866829e+02
3.208074e+00	-3.721844e+00	1.614632e+03	1.897387e-04	8.250754e-04	3.713093e+02
3.216000e+00	-3.739142e+00	1.644372e+03	1.823301e-04	8.402722e-04	3.568111e+02
3.224074e+00	-3.756761e+00	1.675227e+03	1.750811e-04	8.560392e-04	3.426251e+02
3.232000e+00	-3.774058e+00	1.706082e+03	1.682448e-04	8.718062e-04	3.292469e+02
3.240074e+00	-3.791677e+00	1.738096e+03	1.615558e-04	8.881650e-04	3.161569e+02
3.248000e+00	-3.808975e+00	1.770109e+03	1.552477e-04	9.045237e-04	3.038121e+02
3.256074e+00	-3.826594e+00	1.803324e+03	1.490754e-04	9.214964e-04	2.917333e+02
3.264000e+00	-3.843892e+00	1.836538e+03	1.432546e-04	9.384691e-04	2.803422e+02
3.272074e+00	-3.861511e+00	1.871000e+03	1.375591e-04	9.560787e-04	2.691965e+02
3.280000e+00	-3.878808e+00	1.905461e+03	1.321879e-04	9.736883e-04	2.586854e+02
3.288074e+00	-3.896427e+00	1.941215e+03	1.269325e-04	9.919588e-04	2.484007e+02
3.296000e+00	-3.913725e+00	1.976970e+03	1.219762e-04	1.010229e-03	2.387015e+02
3.304074e+00	-3.931344e+00	2.014066e+03	1.171268e-04	1.029185e-03	2.292114e+02
3.312000e+00	-3.948641e+00	2.051162e+03	1.125534e-04	1.048142e-03	2.202615e+02
3.320074e+00	-3.966261e+00	2.089651e+03	1.080785e-04	1.067809e-03	2.115044e+02
3.328000e+00	-3.983558e+00	2.128139e+03	1.038585e-04	1.087477e-03	2.032460e+02
3.336074e+00	-4.001177e+00	2.168072e+03	9.972932e-05	1.107882e-03	1.951654e+02
3.344000e+00	-4.018475e+00	2.208005e+03	9.583526e-05	1.128288e-03	1.875449e+02
3.352074e+00	-4.036094e+00	2.249436e+03	9.202509e-05	1.149459e-03	1.800886e+02
3.360000e+00	-4.053391e+00	2.290868e+03	8.843185e-05	1.170631e-03	1.730568e+02
3.368074e+00	-4.071010e+00	2.333854e+03	8.491602e-05	1.192597e-03	1.661765e+02
3.376000e+00	-4.088308e+00	2.376840e+03	8.160037e-05	1.214563e-03	1.596879e+02
3.384074e+00	-4.105927e+00	2.421440e+03	7.835614e-05	1.237353e-03	1.533391e+02
3.392000e+00	-4.123225e+00	2.466039e+03	7.529662e-05	1.260143e-03	1.473518e+02
3.400074e+00	-4.140844e+00	2.512313e+03	7.230301e-05	1.283789e-03	1.414935e+02
3.408000e+00	-4.158141e+00	2.558586e+03	6.947985e-05	1.307435e-03	1.359687e+02
3.416074e+00	-4.175760e+00	2.606596e+03	6.671750e-05	1.331968e-03	1.305629e+02
3.424000e+00	-4.193058e+00	2.654606e+03	6.411243e-05	1.356501e-03	1.254649e+02
3.432074e+00	-4.210677e+00	2.704417e+03	6.156348e-05	1.381954e-03	1.204767e+02
3.440000e+00	-4.227974e+00	2.754229e+03	5.915965e-05	1.407408e-03	1.157726e+02
3.448074e+00	-4.245593e+00	2.805910e+03	5.680761e-05	1.433817e-03	1.111697e+02
3.456000e+00	-4.262891e+00	2.857591e+03	5.458949e-05	1.460226e-03	1.068290e+02
3.464074e+00	-4.280510e+00	2.911211e+03	5.241914e-05	1.487626e-03	1.025817e+02
3.472000e+00	-4.297808e+00	2.964831e+03	5.037237e-05	1.515026e-03	9.857628e+01
3.480074e+00	-4.315427e+00	3.020464e+03	4.836969e-05	1.543454e-03	9.465713e+01
3.488000e+00	-4.332724e+00	3.076097e+03	4.648103e-05	1.571882e-03	9.096112e+01
3.496074e+00	-4.350343e+00	3.133817e+03	4.463306e-05	1.601377e-03	8.734473e+01
3.504000e+00	-4.367641e+00	3.191538e+03	4.289031e-05	1.630872e-03	8.393424e+01
3.512074e+00	-4.385260e+00	3.251425e+03	4.118509e-05	1.661474e-03	8.059722e+01
3.520000e+00	-4.402557e+00	3.311311e+03	3.957697e-05	1.692076e-03	7.745020e+01
3.528074e+00	-4.420177e+00	3.373445e+03	3.800349e-05	1.723827e-03	7.437097e+01
3.536000e+00	-4.437474e+00	3.435579e+03	3.651959e-05	1.755577e-03	7.146706e+01
3.544074e+00	-4.455093e+00	3.500045e+03	3.506766e-05	1.788519e-03	6.862571e+01
3.552000e+00	-4.472391e+00	3.564511e+03	3.369840e-05	1.821461e-03	6.594613e+01
3.560074e+00	-4.490010e+00	3.631397e+03	3.235864e-05	1.855640e-03	6.332428e+01
3.568000e+00	-4.507307e+00	3.698282e+03	3.109515e-05	1.889818e-03	6.085170e+01
3.576074e+00	-4.524926e+00	3.767677e+03	2.985888e-05	1.925279e-03	5.843238e+01
3.584000e+00	-4.542224e+00	3.837072e+03	2.869301e-05	1.960740e-03	5.615082e+01
3.592074e+00	-4.559843e+00	3.909072e+03	2.755224e-05	1.997532e-03	5.391840e+01
3.600000e+00	-4.577141e+00	3.981072e+03	2.647643e-05	2.034323e-03	5.181309e+01
3.608074e+00	-4.594760e+00	4.055773e+03	2.542379e-05	2.072496e-03	4.975313e+01
3.616000e+00	-4.612057e+00	4.130475e+03	2.443109e-05	2.110668e-03	4.781045e+01
3.624074e+00	-4.629676e+00	4.207980e+03	2.345977e-05	2.150273e-03	4.590963e+01
3.632000e+00	-4.646974e+00	4.285485e+03	2.254375e-05	2.189878e-03	4.411703e+01
3.640074e+00	-4.664593e+00	4.365899e+03	2.164747e-05	2.230970e-03	4.236304e+01
3.648000e+00	-4.681890e+00	4.446313e+03	2.080222e-05	2.272061e-03	4.070892e+01
3.656074e+00	-4.699510e+00	4.529744e+03	1.997517e-05	2.314694e-03	3.909044e+01
3.664000e+00	-4.716807e+00	4.613176e+03	1.919521e-05	2.357328e-03	3.756410e+01
3.672074e+00	-4.734426e+00	4.699738e+03	1.843206e-05	2.401561e-03	3.607064e+01
3.680000e+00	-4.751724e+00	4.786301e+03	1.771236e-05	2.445795e-03	3.466222e+01
3.688074e+00	-4.769343e+00	4.876112e+03	1.700816e-05	2.491688e-03	3.328414e+01
3.696000e+00	-4.786640e+00	4.965923e+03	1.634405e-05	2.537581e-03	3.198451e+01
3.704074e+00	-4.804259e+00	5.059105e+03	1.569425e-05	2.585197e-03	3.071289e+01
3.712000e+00	-4.821557e+00	5.152286e+03	1.508145e-05	2.632813e-03	2.951366e+01
3.720074e+00	-4.839176e+00	5.248965e+03	1.448185e-05	2.682215e-03	2.834027e+01
3.728000e+00	-4.856474e+00	5.345644e+03	1.391639e-05	2.731618e-03	2.723369e+01
3.736074e+00	-4.874093e+00	5.445950e+03	1.336311e-05	2.782875e-03	2.615095e+01
3.744000e+00	-4.891390e+00	5.546257e+03	1.284133e-05	2.834131e-03	2.512985e+01
3.752074e+00	-4.909009e+00	5.650328e+03	1.233079e-05	2.887312e-03	2.413075e+01
3.760000e+00	-4.926307e+00	5.754399e+03	1.184932e-05	2.940492e-03	2.318853e+01
3.768074e+00	-4.943926e+00	5.862376e+03	1.137822e-05	2.995668e-03	2.226661e+01
3.776000e+00	-4.961223e+00	5.970353e+03	1.093394e-05	3.050844e-03	2.139719e+01
3.784074e+00	-4.978842e+00	6.082382e+03	1.049923e-05	3.108090e-03	2.054649e+01
3.792000e+00	-4.996140e+00	6.194411e+03	1.008928e-05	3.165337e-03	1.974422e+01
3.800074e+00	-5.013759e+00	6.310644e+03	9.688152e-06	3.224732e-03	1.895924e+01
3.808000e+00	-5.031057e+00	6.426877e+03	9.309865e-06	3.284127e-03	1.821895e+01
3.816074e+00	-5.048676e+00	6.547472e+03	8.939728e-06	3.345751e-03	1.749461e+01
3.824000e+00	-5.065973e+00	6.668068e+03	8.590665e-06	3.407375e-03	1.681151e+01
3.832074e+00	-5.083592e+00	6.793189e+03	8.249121e-06	3.471312e-03	1.614313e+01
3.840000e+00	-5.100890e+00	6.918310e+03	7.927024e-06	3.535249e-03	1.551280e+01
3.848074e+00	-5.118509e+00	7.048126e+03	7.611865e-06	3.601585e-03	1.489605e+01
3.856000e+00	-5.135806e+00	7.177943e+03	7.314650e-06	3.667921e-03	1.431441e+01
3.864074e+00	-5.153426e+00	7.312631e+03	7.023837e-06	3.736747e-03	1.374531e+01
3.872000e+00	-5.170723e+00	7.447320e+03	6.749583e-06	3.805572e-03	1.320861e+01
3.880074e+00	-5.188342e+00	7.587063e+03	6.481236e-06	3.876981e-03	1.268346e+01
3.888000e+00	-5.205640e+00	7.726806e+03	6.228168e-06	3.948389e-03	1.218822e+01
3.896074e+00	-5.223259e+00	7.871793e+03	5.980551e-06	4.022478e-03	1.170365e+01
3.904000e+00	-5.240556e+00	8.016781e+03	5.747033e-06	4.096566e-03	1.124666e+01
3.912074e+00	-5.258175e+00	8.167209e+03	5.518545e-06	4.173435e-03	1.079952e+01
3.920000e+00	-5.275473e+00	8.317638e+03	5.303066e-06	4.250304e-03	1.037784e+01
3.928074e+00	-5.293092e+00	8.473712e+03	5.092230e-06	4.330057e-03	9.965245e+00
3.936000e+00	-5.310390e+00	8.629785e+03	4.893397e-06	4.409811e-03	9.576140e+00
3.944074e+00	-5.328009e+00	8.791717e+03	4.698848e-06	4.492558e-03	9.195416e+00
3.952000e+00	-5.345306e+00	8.953648e+03	4.515375e-06	4.575304e-03	8.836369e+00
3.960074e+00	-5.362925e+00	9.121656e+03	4.335855e-06	4.661156e-03	8.485057e+00
3.968000e+00	-5.380223e+00	9.289664e+03	4.166556e-06	4.747008e-03	8.153747e+00
3.976074e+00	-5.397842e+00	9.463977e+03	4.000904e-06	4.836082e-03	7.829574e+00
3.984000e+00	-5.415139e+00	9.638290e+03	3.844684e-06	4.925156e-03	7.523859e+00
3.992074e+00	-5.432759e+00	9.819145e+03	3.691828e-06	5.017572e-03	7.224728e+00
4.000000e+00	-5.450056e+00	1.000000e+04	3.547676e-06	5.109989e-03	6.942630e+00
4.008074e+00	-5.467675e+00	1.018764e+04	3.406629e-06	5.205874e-03	6.666608e+00
4.016000e+00	-5.484973e+00	1.037528e+04	3.273613e-06	5.301759e-03	6.406302e+00
4.024074e+00	-5.502592e+00	1.056997e+04	3.143462e-06	5.401242e-03	6.151603e+00
4.032000e+00	-5.519889e+00	1.076465e+04	3.020722e-06	5.500726e-03	5.911406e+00
4.040074e+00	-5.537508e+00	1.096664e+04	2.900625e-06	5.603942e-03	5.676383e+00
4.048000e+00	-5.554806e+00	1.116863e+04	2.787367e-06	5.707159e-03	5.454741e+00
4.056074e+00	-5.572425e+00	1.137820e+04	2.676548e-06	5.814249e-03	5.237874e+00
4.064000e+00	-5.589722e+00	1.158777e+04	2.572039e-06	5.921340e-03	5.033355e+00
4.072074e+00	-5.607342e+00	1.180521e+04	2.469781e-06	6.032449e-03	4.833241e+00
4.080000e+00	-5.624639e+00	1.202264e+04	2.373345e-06	6.143558e-03	4.644521e+00
4.088074e+00	-5.642258e+00	1.224824e+04	2.278987e-06	6.258837e-03	4.459866e+00
4.096000e+00	-5.659556e+00	1.247384e+04	2.190001e-06	6.374116e-03	4.285725e+00
4.104074e+00	-5.677175e+00	1.270790e+04	2.102932e-06	6.493721e-03	4.115335e+00
4.112000e+00	-5.694472e+00	1.294196e+04	2.020820e-06	6.613327e-03	3.954647e+00
4.120074e+00	-5.712091e+00	1.318480e+04	1.940477e-06	6.737420e-03	3.797420e+00
4.128000e+00	-5.729389e+00	1.342765e+04	1.864709e-06	6.861514e-03	3.649144e+00
4.136074e+00	-5.747008e+00	1.367961e+04	1.790573e-06	6.990265e-03	3.504063e+00
4.144000e+00	-5.764306e+00	1.393157e+04	1.720657e-06	7.119016e-03	3.367243e+00
4.152074e+00	-5.781925e+00	1.419298e+04	1.652248e-06	7.252599e-03	3.233370e+00
4.160000e+00	-5.799222e+00	1.445440e+04	1.587734e-06	7.386181e-03	3.107119e+00
4.168074e+00	-5.816841e+00	1.472562e+04	1.524610e-06	7.524777e-03	2.983587e+00
4.176000e+00	-5.834139e+00	1.499685e+04	1.465079e-06	7.663373e-03	2.867089e+00
4.184074e+00	-5.851758e+00	1.527825e+04	1.406831e-06	7.807170e-03	2.753101e+00
4.192000e+00	-5.869055e+00	1.555966e+04	1.351900e-06	7.950967e-03	2.645602e+00
4.200074e+00	-5.886675e+00	1.585162e+04	1.298152e-06	8.100161e-03	2.540420e+00
4.208000e+00	-5.903972e+00	1.614359e+04	1.247464e-06	8.249355e-03	2.441226e+00
4.216074e+00	-5.921591e+00	1.644651e+04	1.197868e-06	8.404147e-03	2.344169e+00
4.224000e+00	-5.938889e+00	1.674943e+04	1.151095e-06	8.558940e-03	2.252638e+00
4.232074e+00	-5.956508e+00	1.706372e+04	1.105331e-06	8.719542e-03	2.163078e+00
4.240000e+00	-5.973805e+00	1.737801e+04	1.062172e-06	8.880143e-03	2.078618e+00
4.248074e+00	-5.991424e+00	1.770409e+04	1.019942e-06	9.046772e-03	1.995977e+00
4.256000e+00	-6.008722e+00	1.803018e+04	9.801174e-07	9.213401e-03	1.918042e+00
4.264074e+00	-6.026341e+00	1.836850e+04	9.411503e-07	9.386283e-03	1.841785e+00
4.272000e+00	-6.043639e+00	1.870682e+04	9.044019e-07	9.559165e-03	1.769870e+00
4.280074e+00	-6.061258e+00	1.905784e+04	8.684451e-07	9.738536e-03	1.699505e+00
4.288000e+00	-6.078555e+00	1.940886e+04	8.345356e-07	9.917906e-03	1.633145e+00
4.296074e+00	-6.096174e+00	1.977305e+04	8.013565e-07	1.010401e-02	1.568216e+00
4.304000e+00	-6.113472e+00	2.013724e+04	7.700665e-07	1.029011e-02	1.506983e+00
4.312074e+00	-6.131091e+00	2.051510e+04	7.394505e-07	1.048319e-02	1.447069e+00
4.320000e+00	-6.148388e+00	2.089296e+04	7.105778e-07	1.067628e-02	1.390566e+00
4.328074e+00	-6.166007e+00	2.128500e+04	6.823269e-07	1.087661e-02	1.335281e+00
4.336000e+00	-6.183305e+00	2.167704e+04	6.556846e-07	1.107694e-02	1.283143e+00
4.344074e+00	-6.200924e+00	2.208379e+04	6.296162e-07	1.128479e-02	1.232128e+00
4.352000e+00	-6.218222e+00	2.249055e+04	6.050320e-07	1.149264e-02	1.184018e+00
4.360074e+00	-6.235841e+00	2.291256e+04	5.809774e-07	1.170829e-02	1.136945e+00
4.368000e+00	-6.253138e+00	2.333458e+04	5.582924e-07	1.192395e-02	1.092551e+00
4.376074e+00	-6.270757e+00	2.377244e+04	5.360961e-07	1.214769e-02	1.049114e+00
4.384000e+00	-6.288055e+00	2.421029e+04	5.151636e-07	1.237143e-02	1.008150e+00
4.392074e+00	-6.305674e+00	2.466458e+04	4.946819e-07	1.260357e-02	9.680684e-01
4.400000e+00	-6.322971e+00	2.511886e+04	4.753664e-07	1.283571e-02	9.302690e-01
4.408074e+00	-6.340591e+00	2.559020e+04	4.564670e-07	1.307656e-02	8.932838e-01
4.416000e+00	-6.357888e+00	2.606154e+04	4.386437e-07	1.331742e-02	8.584044e-01
4.424074e+00	-6.375507e+00	2.655056e+04	4.212043e-07	1.356731e-02	8.242763e-01
4.432000e+00	-6.392805e+00	2.703958e+04	4.047578e-07	1.381720e-02	7.920914e-01
4.440074e+00	-6.410424e+00	2.754696e+04	3.886657e-07	1.407647e-02	7.605998e-01
4.448000e+00	-6.427721e+00	2.805434e+04	3.734897e-07	1.433574e-02	7.309012e-01
4.456074e+00	-6.445340e+00	2.858075e+04	3.586407e-07	1.460473e-02	7.018424e-01
4.464000e+00	-6.462638e+00	2.910717e+04	3.446371e-07	1.487373e-02	6.744381e-01
4.472074e+00	-6.480257e+00	2.965334e+04	3.309352e-07	1.515283e-02	6.476240e-01
4.480000e+00	-6.497555e+00	3.019952e+04	3.180134e-07	1.543192e-02	6.223367e-01
4.488074e+00	-6.515174e+00	3.076619e+04	3.053700e-07	1.572149e-02	5.975942e-01
4.496000e+00	-6.532471e+00	3.133286e+04	2.934464e-07	1.601106e-02	5.742603e-01
4.504074e+00	-6.550090e+00	3.192079e+04	2.817797e-07	1.631149e-02	5.514292e-01
4.512000e+00	-6.567388e+00	3.250873e+04	2.707773e-07	1.661193e-02	5.298979e-01
4.520074e+00	-6.585007e+00	3.311873e+04	2.600118e-07	1.692364e-02	5.088305e-01
4.528000e+00	-6.602304e+00	3.372873e+04	2.498593e-07	1.723534e-02	4.889625e-01
4.536074e+00	-6.619924e+00	3.436162e+04	2.399255e-07	1.755875e-02	4.695226e-01
4.544000e+00	-6.637221e+00	3.499452e+04	2.305573e-07	1.788216e-02	4.511895e-01
4.552074e+00	-6.654840e+00	3.565116e+04	2.213909e-07	1.821770e-02	4.332513e-01
4.560000e+00	-6.672138e+00	3.630781e+04	2.127465e-07	1.855325e-02	4.163345e-01
4.568074e+00	-6.689757e+00	3.698909e+04	2.042882e-07	1.890139e-02	3.997820e-01
4.576000e+00	-6.707054e+00	3.767038e+04	1.963115e-07	1.924952e-02	3.841720e-01
4.584074e+00	-6.724673e+00	3.837723e+04	1.885066e-07	1.961073e-02	3.688983e-01
4.592000e+00	-6.741971e+00	3.908409e+04	1.811461e-07	1.997193e-02	3.544942e-01
4.600074e+00	-6.759590e+00	3.981747e+04	1.739442e-07	2.034668e-02	3.404004e-01
4.608000e+00	-6.776888e+00	4.055085e+04	1.671523e-07	2.072144e-02	3.271090e-01
4.616074e+00	-6.794507e+00	4.131176e+04	1.605068e-07	2.111026e-02	3.141040e-01
4.624000e+00	-6.811804e+00	4.207266e+04	1.542396e-07	2.149908e-02	3.018394e-01
4.632074e+00	-6.829423e+00	4.286212e+04	1.481074e-07	2.190250e-02	2.898390e-01
4.640000e+00	-6.846721e+00	4.365158e+04	1.423244e-07	2.230591e-02	2.785218e-01
4.648074e+00	-6.864340e+00	4.447067e+04	1.366659e-07	2.272446e-02	2.674485e-01
4.656000e+00	-6.881637e+00	4.528976e+04	1.313296e-07	2.314302e-02	2.570056e-01
4.664074e+00	-6.899256e+00	4.613958e+04	1.261083e-07	2.357728e-02	2.467877e-01
4.672000e+00	-6.916554e+00	4.698941e+04	1.211842e-07	2.401154e-02	2.371516e-01
4.680074e+00	-6.934173e+00	4.787113e+04	1.163662e-07	2.446210e-02	2.277230e-01
4.688000e+00	-6.951471e+00	4.875285e+04	1.118225e-07	2.491265e-02	2.188313e-01
4.696074e+00	-6.969090e+00	4.966766e+04	1.073768e-07	2.538012e-02	2.101311e-01
4.704000e+00	-6.986387e+00	5.058247e+04	1.031841e-07	2.584759e-02	2.019263e-01
4.712074e+00	-7.004006e+00	5.153161e+04	9.908175e-08	2.633259e-02	1.938982e-01
4.720000e+00	-7.021304e+00	5.248075e+04	9.521298e-08	2.681760e-02	1.863272e-01
4.728074e+00	-7.038923e+00	5.346551e+04	9.142754e-08	2.732082e-02	1.789192e-01
4.736000e+00	-7.056220e+00	5.445027e+04	8.785764e-08	2.782403e-02	1.719331e-01
4.744074e+00	-7.073840e+00	5.547198e+04	8.436463e-08	2.834612e-02	1.650975e-01
4.752000e+00	-7.091137e+00	5.649370e+04	8.107051e-08	2.886822e-02	1.586510e-01
4.760074e+00	-7.108756e+00	5.755376e+04	7.784734e-08	2.940991e-02	1.523435e-01
4.768000e+00	-7.126054e+00	5.861382e+04	7.480770e-08	2.995160e-02	1.463950e-01
4.776074e+00	-7.143673e+00	5.971366e+04	7.183353e-08	3.051361e-02	1.405747e-01
4.784000e+00	-7.160970e+00	6.081350e+04	6.902870e-08	3.107563e-02	1.350858e-01
4.792074e+00	-7.178589e+00	6.195462e+04	6.628428e-08	3.165874e-02	1.297151e-01
4.800000e+00	-7.195887e+00	6.309573e+04	6.369613e-08	3.224185e-02	1.246502e-01
4.808074e+00	-7.213506e+00	6.427968e+04	6.116373e-08	3.284684e-02	1.196944e-01
4.816000e+00	-7.230804e+00	6.546362e+04	5.877551e-08	3.345184e-02	1.150208e-01
4.824074e+00	-7.248423e+00	6.669199e+04	5.643874e-08	3.407953e-02	1.104479e-01
4.832000e+00	-7.265720e+00	6.792036e+04	5.423502e-08	3.470723e-02	1.061353e-01
4.840074e+00	-7.283339e+00	6.919484e+04	5.207877e-08	3.535849e-02	1.019156e-01
4.848000e+00	-7.300637e+00	7.046931e+04	5.004529e-08	3.600974e-02	9.793619e-02
4.856074e+00	-7.318256e+00	7.179161e+04	4.805561e-08	3.668543e-02	9.404249e-02
4.864000e+00	-7.335553e+00	7.311391e+04	4.617922e-08	3.736113e-02	9.037048e-02
4.872074e+00	-7.353173e+00	7.448583e+04	4.434325e-08	3.806218e-02	8.677757e-02
4.880000e+00	-7.370470e+00	7.585776e+04	4.261181e-08	3.876323e-02	8.338923e-02
4.888074e+00	-7.388089e+00	7.728117e+04	4.091767e-08	3.949059e-02	8.007388e-02
4.896000e+00	-7.405387e+00	7.870458e+04	3.931998e-08	4.021795e-02	7.694730e-02
4.904074e+00	-7.423006e+00	8.018141e+04	3.775672e-08	4.097261e-02	7.388806e-02
4.912000e+00	-7.440303e+00	8.165824e+04	3.628246e-08	4.172727e-02	7.100301e-02
4.920074e+00	-7.457922e+00	8.319049e+04	3.483996e-08	4.251025e-02	6.818010e-02
4.928000e+00	-7.475220e+00	8.472274e+04	3.347959e-08	4.329323e-02	6.551792e-02
4.936074e+00	-7.492839e+00	8.631250e+04	3.214852e-08	4.410559e-02	6.291309e-02
4.944000e+00	-7.510137e+00	8.790225e+04	3.089324e-08	4.491795e-02	6.045657e-02
4.952074e+00	-7.527756e+00	8.955167e+04	2.966500e-08	4.576080e-02	5.805297e-02
4.960000e+00	-7.545053e+00	9.120108e+04	2.850669e-08	4.660365e-02	5.578621e-02
4.968074e+00	-7.562672e+00	9.291240e+04	2.737334e-08	4.747814e-02	5.356829e-02
4.976000e+00	-7.579970e+00	9.462372e+04	2.630451e-08	4.835262e-02	5.147665e-02
4.984074e+00	-7.597589e+00	9.639926e+04	2.525871e-08	4.925991e-02	4.943006e-02
4.992000e+00	-7.614886e+00	9.817479e+04	2.427245e-08	5.016721e-02	4.750000e-02
5.000074e+00	-7.632505e+00	1.000170e+05	2.330744e-08	5.110856e-02	4.561152e-02
5.008000e+00	-7.649803e+00	1.018591e+05	2.239737e-08	5.204991e-02	4.383056e-02
5.016074e+00	-7.668784e+00	1.037704e+05	2.143957e-08	5.302658e-02	4.195619e-02
5.024000e+00	-7.696526e+00	1.056818e+05	2.011286e-08	5.400326e-02	3.935990e-02
5.032074e+00	-7.724784e+00	1.076648e+05	1.884586e-08	5.501659e-02	3.688044e-02
5.040000e+00	-7.752526e+00	1.096478e+05	1.767966e-08	5.602992e-02	3.459824e-02
5.048074e+00	-7.780784e+00	1.117053e+05	1.656594e-08	5.708127e-02	3.241874e-02
5.056000e+00	-7.808526e+00	1.137627e+05	1.554082e-08	5.813263e-02	3.041263e-02
5.064074e+00	-7.836784e+00	1.158974e+05	1.456183e-08	5.922344e-02	2.849680e-02
5.072000e+00	-7.864526e+00	1.180321e+05	1.366073e-08	6.031426e-02	2.673339e-02
5.080074e+00	-7.892784e+00	1.202468e+05	1.280018e-08	6.144601e-02	2.504933e-02
5.088000e+00	-7.920526e+00	1.224616e+05	1.200809e-08	6.257775e-02	2.349925e-02
5.096074e+00	-7.948784e+00	1.247595e+05	1.125165e-08	6.375198e-02	2.201892e-02
5.104000e+00	-7.976526e+00	1.270574e+05	1.055538e-08	6.492620e-02	2.065637e-02
5.112074e+00	-8.004784e+00	1.294415e+05	9.890450e-09	6.614449e-02	1.935513e-02
5.120000e+00	-8.032526e+00	1.318257e+05	9.278418e-09	6.736278e-02	1.815741e-02
5.128074e+00	-8.060784e+00	1.342993e+05	8.693928e-09	6.862678e-02	1.701359e-02
5.136000e+00	-8.088526e+00	1.367729e+05	8.155938e-09	6.989079e-02	1.596077e-02
5.144074e+00	-8.116784e+00	1.393393e+05	7.642159e-09	7.120224e-02	1.495533e-02
5.152000e+00	-8.144526e+00	1.419058e+05	7.169253e-09	7.251368e-02	1.402988e-02
5.160074e+00	-8.172784e+00	1.445685e+05	6.717630e-09	7.387435e-02	1.314607e-02
5.168000e+00	-8.200526e+00	1.472313e+05	6.301935e-09	7.523501e-02	1.233258e-02
5.176074e+00	-8.228784e+00	1.499939e+05	5.904948e-09	7.664673e-02	1.155570e-02
5.184000e+00	-8.256526e+00	1.527566e+05	5.539543e-09	7.805846e-02	1.084062e-02
5.192074e+00	-8.284784e+00	1.556230e+05	5.190582e-09	7.952316e-02	1.015772e-02
5.200000e+00	-8.312526e+00	1.584893e+05	4.869383e-09	8.098787e-02	9.529146e-03
5.208074e+00	-8.340784e+00	1.614632e+05	4.562638e-09	8.250754e-02	8.928861e-03
5.216000e+00	-8.368526e+00	1.644372e+05	4.280297e-09	8.402722e-02	8.376333e-03
5.224074e+00	-8.396784e+00	1.675227e+05	4.010662e-09	8.560392e-02	7.848670e-03
5.232000e+00	-8.424526e+00	1.706082e+05	3.762478e-09	8.718062e-02	7.362986e-03
5.240074e+00	-8.452784e+00	1.738096e+05	3.525462e-09	8.881650e-02	6.899158e-03
5.248000e+00	-8.480526e+00	1.770109e+05	3.307303e-09	9.045237e-02	6.472230e-03
5.256074e+00	-8.508784e+00	1.803324e+05	3.098961e-09	9.214964e-02	6.064515e-03
5.264000e+00	-8.536526e+00	1.836538e+05	2.907193e-09	9.384691e-02	5.689236e-03
5.272074e+00	-8.564784e+00	1.871000e+05	2.724056e-09	9.560787e-02	5.330845e-03
5.280000e+00	-8.592526e+00	1.905461e+05	2.555489e-09	9.736883e-02	5.000967e-03
5.288074e+00	-8.620784e+00	1.941215e+05	2.394507e-09	9.919588e-02	4.685933e-03
5.296000e+00	-8.648526e+00	1.976970e+05	2.246332e-09	1.010229e-01	4.395962e-03
5.304074e+00	-8.676784e+00	2.014066e+05	2.104825e-09	1.029185e-01	4.119041e-03
5.312000e+00	-8.704526e+00	2.051162e+05	1.974576e-09	1.048142e-01	3.864150e-03
5.320074e+00	-8.732784e+00	2.089651e+05	1.850189e-09	1.067809e-01	3.620730e-03
5.328000e+00	-8.760526e+00	2.128139e+05	1.735697e-09	1.087477e-01	3.396675e-03
5.336074e+00	-8.788784e+00	2.168072e+05	1.626358e-09	1.107882e-01	3.182703e-03
5.344000e+00	-8.816526e+00	2.208005e+05	1.525717e-09	1.128288e-01	2.985754e-03
5.352074e+00	-8.844784e+00	2.249436e+05	1.429605e-09	1.149459e-01	2.797667e-03
5.360000e+00	-8.872526e+00	2.290868e+05	1.341139e-09	1.170631e-01	2.624545e-03
5.368074e+00	-8.900784e+00	2.333854e+05	1.256655e-09	1.192597e-01	2.459213e-03
5.376000e+00	-8.928526e+00	2.376840e+05	1.178892e-09	1.214563e-01	2.307034e-03
5.384074e+00	-8.956784e+00	2.421440e+05	1.104628e-09	1.237353e-01	2.161703e-03
5.392000e+00	-8.984526e+00	2.466039e+05	1.036272e-09	1.260143e-01	2.027935e-03
5.400074e+00	-9.012784e+00	2.512313e+05	9.709929e-10	1.283789e-01	1.900186e-03
5.408000e+00	-9.040526e+00	2.558586e+05	9.109068e-10	1.307435e-01	1.782600e-03
5.416074e+00	-9.068784e+00	2.606596e+05	8.535246e-10	1.331968e-01	1.670306e-03
5.424000e+00	-9.096526e+00	2.654606e+05	8.007076e-10	1.356501e-01	1.566946e-03
5.432074e+00	-9.124784e+00	2.704417e+05	7.502674e-10	1.381954e-01	1.468237e-03
5.440000e+00	-9.152526e+00	2.754229e+05	7.038400e-10	1.407408e-01	1.377381e-03
5.448074e+00	-9.180784e+00	2.805910e+05	6.595019e-10	1.433817e-01	1.290613e-03
5.456000e+00	-9.208526e+00	2.857591e+05	6.186912e-10	1.460226e-01	1.210749e-03
5.464074e+00	-9.236784e+00	2.911211e+05	5.797170e-10	1.487626e-01	1.134478e-03
5.472000e+00	-9.264526e+00	2.964831e+05	5.438435e-10	1.515026e-01	1.064275e-03
5.480074e+00	-9.292784e+00	3.020464e+05	5.095843e-10	1.543454e-01	9.972317e-04
5.488000e+00	-9.320526e+00	3.076097e+05	4.780507e-10	1.571882e-01	9.355219e-04
5.496074e+00	-9.348784e+00	3.133817e+05	4.479361e-10	1.601377e-01	8.765891e-04
5.504000e+00	-9.376526e+00	3.191538e+05	4.202173e-10	1.630872e-01	8.223448e-04
5.512074e+00	-9.404784e+00	3.251425e+05	3.937459e-10	1.661474e-01	7.705416e-04
5.520000e+00	-9.432526e+00	3.311311e+05	3.693805e-10	1.692076e-01	7.228596e-04
5.528074e+00	-9.460784e+00	3.373445e+05	3.461115e-10	1.723827e-01	6.773234e-04
5.536000e+00	-9.488526e+00	3.435579e+05	3.246938e-10	1.755577e-01	6.354099e-04
5.544074e+00	-9.516784e+00	3.500045e+05	3.042398e-10	1.788519e-01	5.953825e-04
5.552000e+00	-9.544526e+00	3.564511e+05	2.854131e-10	1.821461e-01	5.585396e-04
5.560074e+00	-9.572784e+00	3.631397e+05	2.674337e-10	1.855640e-01	5.233546e-04
5.568000e+00	-9.600526e+00	3.698282e+05	2.508846e-10	1.889818e-01	4.909689e-04
5.576074e+00	-9.628784e+00	3.767677e+05	2.350802e-10	1.925279e-01	4.600405e-04
5.584000e+00	-9.656526e+00	3.837072e+05	2.205332e-10	1.960740e-01	4.315727e-04
5.592074e+00	-9.684784e+00	3.909072e+05	2.066408e-10	1.997532e-01	4.043860e-04
5.600000e+00	-9.712526e+00	3.981072e+05	1.938536e-10	2.034323e-01	3.793621e-04
5.608074e+00	-9.740784e+00	4.055773e+05	1.816419e-10	2.072496e-01	3.554644e-04
5.616000e+00	-9.768526e+00	4.130475e+05	1.704017e-10	2.110668e-01	3.334678e-04
5.624074e+00	-9.796784e+00	4.207980e+05	1.596673e-10	2.150273e-01	3.124612e-04
5.632000e+00	-9.824526e+00	4.285485e+05	1.497869e-10	2.189878e-01	2.931257e-04
5.640074e+00	-9.852784e+00	4.365899e+05	1.403512e-10	2.230970e-01	2.746604e-04
5.648000e+00	-9.880526e+00	4.446313e+05	1.316661e-10	2.272061e-01	2.576641e-04
5.656074e+00	-9.908784e+00	4.529744e+05	1.233718e-10	2.314694e-01	2.414327e-04
5.664000e+00	-9.936526e+00	4.613176e+05	1.157375e-10	2.357328e-01	2.264926e-04
5.672074e+00	-9.964784e+00	4.699738e+05	1.084466e-10	2.401561e-01	2.122248e-04
5.680000e+00	-9.992526e+00	4.786301e+05	1.017358e-10	2.445795e-01	1.990921e-04
5.688074e+00	-1.002078e+01	4.876112e+05	9.532703e-11	2.491688e-01	1.865504e-04
5.696000e+00	-1.004853e+01	4.965923e+05	8.942809e-11	2.537581e-01	1.750064e-04
5.704074e+00	-1.007678e+01	5.059105e+05	8.379460e-11	2.585197e-01	1.639820e-04
5.712000e+00	-1.010453e+01	5.152286e+05	7.860930e-11	2.632813e-01	1.538346e-04
5.720074e+00	-1.013278e+01	5.248965e+05	7.365734e-11	2.682215e-01	1.441438e-04
5.728000e+00	-1.016053e+01	5.345644e+05	6.909935e-11	2.731618e-01	1.352241e-04
5.736074e+00	-1.018878e+01	5.445950e+05	6.474646e-11	2.782875e-01	1.267057e-04
5.744000e+00	-1.021653e+01	5.546257e+05	6.073988e-11	2.834131e-01	1.188650e-04
5.752074e+00	-1.024478e+01	5.650328e+05	5.691360e-11	2.887312e-01	1.113771e-04
5.760000e+00	-1.027253e+01	5.754399e+05	5.339172e-11	2.940492e-01	1.044850e-04
5.768074e+00	-1.030078e+01	5.862376e+05	5.002834e-11	2.995668e-01	9.790302e-05
5.776000e+00	-1.032853e+01	5.970353e+05	4.693253e-11	3.050844e-01	9.184467e-05
5.784074e+00	-1.035678e+01	6.082382e+05	4.397603e-11	3.108090e-01	8.605896e-05
5.792000e+00	-1.038453e+01	6.194411e+05	4.125475e-11	3.165337e-01	8.073353e-05
5.800074e+00	-1.041278e+01	6.310644e+05	3.865592e-11	3.224732e-01	7.564776e-05
5.808000e+00	-1.044053e+01	6.426877e+05	3.626385e-11	3.284127e-01	7.096659e-05
5.816074e+00	-1.046878e+01	6.547472e+05	3.397943e-11	3.345751e-01	6.649609e-05
5.824000e+00	-1.049653e+01	6.668068e+05	3.187674e-11	3.407375e-01	6.238123e-05
5.832074e+00	-1.052478e+01	6.793189e+05	2.986868e-11	3.471312e-01	5.845156e-05
5.840000e+00	-1.055253e+01	6.918310e+05	2.802037e-11	3.535249e-01	5.483451e-05
5.848074e+00	-1.058078e+01	7.048126e+05	2.625524e-11	3.601585e-01	5.138023e-05
5.856000e+00	-1.060853e+01	7.177943e+05	2.463054e-11	3.667921e-01	4.820077e-05
5.864074e+00	-1.063678e+01	7.312631e+05	2.307895e-11	3.736747e-01	4.516438e-05
5.872000e+00	-1.066453e+01	7.447320e+05	2.165080e-11	3.805572e-01	4.236956e-05
5.880074e+00	-1.069278e+01	7.587063e+05	2.028692e-11	3.876981e-01	3.970051e-05
5.888000e+00	-1.072053e+01	7.726806e+05	1.903154e-11	3.948389e-01	3.724380e-05
5.896074e+00	-1.074878e+01	7.871793e+05	1.783266e-11	4.022478e-01	3.489764e-05
5.904000e+00	-1.077653e+01	8.016781e+05	1.672915e-11	4.096566e-01	3.273814e-05
5.912074e+00	-1.080478e+01	8.167209e+05	1.567531e-11	4.173435e-01	3.067581e-05
5.920000e+00	-1.083253e+01	8.317638e+05	1.470530e-11	4.250304e-01	2.877756e-05
5.928074e+00	-1.086078e+01	8.473712e+05	1.377895e-11	4.330057e-01	2.696473e-05
5.936000e+00	-1.088853e+01	8.629785e+05	1.292629e-11	4.409811e-01	2.529612e-05
5.944074e+00	-1.091678e+01	8.791717e+05	1.211201e-11	4.492558e-01	2.370261e-05
5.952000e+00	-2.000000e+02	8.953648e+05	1.000000e-200	4.575304e-01	1.956951e-194
5.960074e+00	-2.000000e+02	9.121656e+05	1.000000e-200	4.661156e-01	1.956951e-194
5.968000e+00	-2.000000e+02	9.289664e+05	1.000000e-200	4.747008e-01	1.956951e-194
5.976074e+00	-2.000000e+02	9.463977e+05	1.000000e-200	4.836082e-01	1.956951e-194
5.984000e+00	-2.000000e+02	9.638290e+05	1.000000e-200	4.925156e-01	1.956951e-194
5.992074e+00	-2.000000e+02	9.819145e+05	1.000000e-200	5.017572e-01	1.956951e-194
6.000000e+00	-2.000000e+02	1.000000e+06	1.000000e-200	5.109989e-01	1.956951e-194
6.008074e+00	-2.000000e+02	1.018764e+06	1.000000e-200	5.205874e-01	1.956951e-194
6.016000e+00	-2.000000e+02	1.037528e+06	1.000000e-200	5.301759e-01	1.956951e-194
6.024074e+00	-2.000000e+02	1.056997e+06	1.000000e-200	5.401242e-01	1.956951e-194
6.032000e+00	-2.000000e+02	1.076465e+06	1.000000e-200	5.500726e-01	1.956951e-194
6.040074e+00	-2.000000e+02	1.096664e+06	1.000000e-200	5.603942e-01	1.956951e-194
6.048000e+00	-2.000000e+02	1.116863e+06	1.000000e-200	5.707159e-01	1.956951e-194
6.056074e+00	-2.000000e+02	1.137820e+06	1.000000e-200	5.814249e-01	1.956951e-194
6.064000e+00	-2.000000e+02	1.158777e+06	1.000000e-200	5.921340e-01	1.956951e-194
6.072074e+00	-2.000000e+02	1.180521e+06	1.000000e-200	6.032449e-01	1.956951e-194
6.080000e+00	-2.000000e+02	1.202264e+06	1.000000e-200	6.143558e-01	1.956951e-194
6.088074e+00	-2.000000e+02	1.224824e+06	1.000000e-200	6.258837e-01	1.956951e-194
6.096000e+00	-2.000000e+02	1.247384e+06	1.000000e-200	6.374116e-01	1.956951e-194
6.104074e+00	-2.000000e+02	1.270790e+06	1.000000e-200	6.493721e-01	1.956951e-194
6.112000e+00	-2.000000e+02	1.294196e+06	1.000000e-200	6.613327e-01	1.956951e-194
6.120074e+00	-2.000000e+02	1.318480e+06	1.000000e-200	6.737420e-01	1.956951e-194
6.128000e+00	-2.000000e+02	1.342765e+06	1.000000e-200	6.861514e-01	1.956951e-194
6.136074e+00	-2.000000e+02	1.367961e+06	1.000000e-200	6.990265e-01	1.956951e-194
6.144000e+00	-2.000000e+02	1.393157e+06	1.000000e-200	7.119016e-01	1.956951e-194
6.152074e+00	-2.000000e+02	1.419298e+06	1.000000e-200	7.252599e-01	1.956951e-194
6.160000e+00	-2.000000e+02	1.445440e+06	1.000000e-200	7.386181e-01	1.956951e-194
6.168074e+00	-2.000000e+02	1.472562e+06	1.000000e-200	7.524777e-01	1.956951e-194
6.176000e+00	-2.000000e+02	1.499685e+06	1.000000e-200	7.663373e-01	1.956951e-194
6.184074e+00	-2.000000e+02	1.527825e+06	1.000000e-200	7.807170e-01	1.956951e-194
6.192000e+00	-2.000000e+02	1.555966e+06	1.000000e-200	7.950967e-01	1.956951e-194
6.200074e+00	-2.000000e+02	1.585162e+06	1.000000e-200	8.100161e-01	1.956951e-194
6.208000e+00	-2.000000e+02	1.614359e+06	1.000000e-200	8.249355e-01	1.956951e-194
6.216074e+00	-2.000000e+02	1.644651e+06	1.000000e-200	8.404147e-01	1.956951e-194
6.224000e+00	-2.000000e+02	1.674943e+06	1.000000e-200	8.558940e-01	1.956951e-194
6.232074e+00	-2.000000e+02	1.706372e+06	1.000000e-200	8.719542e-01	1.956951e-194
6.240000e+00	-2.000000e+02	1.737801e+06	1.000000e-200	8.880143e-01	1.956951e-194
6.248074e+00	-2.000000e+02	1.770409e+06	1.000000e-200	9.046772e-01	1.956951e-194
6.256000e+00	-2.000000e+02	1.803018e+06	1.000000e-200	9.213401e-01	1.956951e-194
6.264074e+00	-2.000000e+02	1.836850e+06	1.000000e-200	9.386283e-01	1.956951e-194
6.272000e+00	-2.000000e+02	1.870682e+06	1.000000e-200	9.559165e-01	1.956951e-194
6.280074e+00	-2.000000e+02	1.905784e+06	1.000000e-200	9.738536e-01	1.956951e-194
6.288000e+00	-2.000000e+02	1.940886e+06	1.000000e-200	9.917906e-01	1.956951e-194
6.296074e+00	-2.000000e+02	1.977305e+06	1.000000e-200	1.010401e+00	1.956951e-194
6.304000e+00	-2.000000e+02	2.013724e+06	1.000000e-200	1.029011e+00	1.956951e-194
6.312074e+00	-2.000000e+02	2.051510e+06	1.000000e-200	1.048319e+00	1.956951e-194
6.320000e+00	-2.000000e+02	2.089296e+06	1.000000e-200	1.067628e+00	1.956951e-194
6.328074e+00	-2.000000e+02	2.128500e+06	1.000000e-200	1.087661e+00	1.956951e-194
6.336000e+00	-2.000000e+02	2.167704e+06	1.000000e-200	1.107694e+00	1.956951e-194
6.344074e+00	-2.000000e+02	2.208379e+06	1.000000e-200	1.128479e+00	1.956951e-194
6.352000e+00	-2.000000e+02	2.249055e+06	1.000000e-200	1.149264e+00	1.956951e-194
6.360074e+00	-2.000000e+02	2.291256e+06	1.000000e-200	1.170829e+00	1.956951e-194
6.368000e+00	-2.000000e+02	2.333458e+06	1.000000e-200	1.192395e+00	1.956951e-194
6.376074e+00	-2.000000e+02	2.377244e+06	1.000000e-200	1.214769e+00	1.956951e-194
6.384000e+00	-2.000000e+02	2.421029e+06	1.000000e-200	1.237143e+00	1.956951e-194
6.392074e+00	-2.000000e+02	2.466458e+06	1.000000e-200	1.260357e+00	1.956951e-194
6.400000e+00	-2.000000e+02	2.511886e+06	1.000000e-200	1.283571e+00	1.956951e-194
6.408074e+00	-2.000000e+02	2.559020e+06	1.000000e-200	1.307656e+00	1.956951e-194
6.416000e+00	-2.000000e+02	2.606154e+06	1.000000e-200	1.331742e+00	1.956951e-194
6.424074e+00	-2.000000e+02	2.655056e+06	1.000000e-200	1.356731e+00	1.956951e-194
6.432000e+00	-2.000000e+02	2.703958e+06	1.000000e-200	1.381720e+00	1.956951e-194
6.440074e+00	-2.000000e+02	2.754696e+06	1.000000e-200	1.407647e+00	1.956951e-194
6.448000e+00	-2.000000e+02	2.805434e+06	1.000000e-200	1.433574e+00	1.956951e-194
6.456074e+00	-2.000000e+02	2.858075e+06	1.000000e-200	1.460473e+00	1.956951e-194
6.464000e+00	-2.000000e+02	2.910717e+06	1.000000e-200	1.487373e+00	1.956951e-194
6.472074e+00	-2.000000e+02	2.965334e+06	1.000000e-200	1.515283e+00	1.956951e-194
6.480000e+00	-2.000000e+02	3.019952e+06	1.000000e-200	1.543192e+00	1.956951e-194
6.488074e+00	-2.000000e+02	3.076619e+06	1.000000e-200	1.572149e+00	1.956951e-194
6.496000e+00	-2.000000e+02	3.133286e+06	1.000000e-200	1.601106e+00	1.956951e-194
6.504074e+00	-2.000000e+02	3.192079e+06	1.000000e-200	1.631149e+00	1.956951e-194
6.512000e+00	-2.000000e+02	3.250873e+06	1.000000e-200	1.661193e+00	1.956951e-194
6.520074e+00	-2.000000e+02	3.311873e+06	1.000000e-200	1.692364e+00	1.956951e-194
6.528000e+00	-2.000000e+02	3.372873e+06	1.000000e-200	1.723534e+00	1.956951e-194
6.536074e+00	-2.000000e+02	3.436162e+06	1.000000e-200	1.755875e+00	1.956951e-194
6.544000e+00	-2.000000e+02	3.499452e+06	1.000000e-200	1.788216e+00	1.956951e-194
6.552074e+00	-2.000000e+02	3.565116e+06	1.000000e-200	1.821770e+00	1.956951e-194
6.560000e+00	-2.000000e+02	3.630781e+06	1.000000e-200	1.855325e+00	1.956951e-194
6.568074e+00	-2.000000e+02	3.698909e+06	1.000000e-200	1.890139e+00	1.956951e-194
6.576000e+00	-2.000000e+02	3.767038e+06	1.000000e-200	1.924952e+00	1.956951e-194
6.584074e+00	-2.000000e+02	3.837723e+06	1.000000e-200	1.961073e+00	1.956951e-194
6.592000e+00	-2.000000e+02	3.908409e+06	1.000000e-200	1.997193e+00	1.956951e-194
6.600074e+00	-2.000000e+02	3.981747e+06	1.000000e-200	2.034668e+00	1.956951e-194
6.608000e+00	-2.000000e+02	4.055085e+06	1.000000e-200	2.072144e+00	1.956951e-194
6.616074e+00	-2.000000e+02	4.131176e+06	1.000000e-200	2.111026e+00	1.956951e-194
6.624000e+00	-2.000000e+02	4.207266e+06	1.000000e-200	2.149908e+00	1.956951e-194
6.632074e+00	-2.000000e+02	4.286212e+06	1.000000e-200	2.190250e+00	1.956951e-194
6.640000e+00	-2.000000e+02	4.365158e+06	1.000000e-200	2.230591e+00	1.956951e-194
6.648074e+00	-2.000000e+02	4.447067e+06	1.000000e-200	2.272446e+00	1.956951e-194
6.656000e+00	-2.000000e+02	4.528976e+06	1.000000e-200	2.314302e+00	1.956951e-194
6.664074e+00	-2.000000e+02	4.613958e+06	1.000000e-200	2.357728e+00	1.956951e-194
6.672000e+00	-2.000000e+02	4.698941e+06	1.000000e-200	2.401154e+00	1.956951e-194
6.680074e+00	-2.000000e+02	4.787113e+06	1.000000e-200	2.446210e+00	1.956951e-194
6.688000e+00	-2.000000e+02	4.875285e+06	1.000000e-200	2.491265e+00	1.956951e-194
6.696074e+00	-2.000000e+02	4.966766e+06	1.000000e-200	2.538012e+00	1.956951e-194
6.704000e+00	-2.000000e+02	5.058247e+06	1.000000e-200	2.584759e+00	1.956951e-194
6.712074e+00	-2.000000e+02	5.153161e+06	1.000000e-200	2.633259e+00	1.956951e-194
6.720000e+00	-2.000000e+02	5.248075e+06	1.000000e-200	2.681760e+00	1.956951e-194
6.728074e+00	-2.000000e+02	5.346551e+06	1.000000e-200	2.732082e+00	1.956951e-194
6.736000e+00	-2.000000e+02	5.445027e+06	1.000000e-200	2.782403e+00	1.956951e-194
6.744074e+00	-2.000000e+02	5.547198e+06	1.000000e-200	2.834612e+00	1.956951e-194
6.752000e+00	-2.000000e+02	5.649370e+06	1.000000e-200	2.886822e+00	1.956951e-194
6.760074e+00	-2.000000e+02	5.755376e+06	1.000000e-200	2.940991e+00	1.956951e-194
6.768000e+00	-2.000000e+02	5.861382e+06	1.000000e-200	2.995160e+00	1.956951e-194
6.776074e+00	-2.000000e+02	5.971366e+06	1.000000e-200	3.051361e+00	1.956951e-194
6.784000e+00	-2.000000e+02	6.081350e+06	1.000000e-200	3.107563e+00	1.956951e-194
6.792074e+00	-2.000000e+02	6.195462e+06	1.000000e-200	3.165874e+00	1.956951e-194
6.800000e+00	-2.000000e+02	6.309573e+06	1.000000e-200	3.224185e+00	1.956951e-194
6.808074e+00	-2.000000e+02	6.427968e+06	1.000000e-200	3.284684e+00	1.956951e-194
6.816000e+00	-2.000000e+02	6.546362e+06	1.000000e-200	3.345184e+00	1.956951e-194
6.824074e+00	-2.000000e+02	6.669199e+06	1.000000e-200	3.407953e+00	1.956951e-194
6.832000e+00	-2.000000e+02	6.792036e+06	1.000000e-200	3.470723e+00	1.956951e-194
6.840074e+00	-2.000000e+02	6.919484e+06	1.000000e-200	3.535849e+00	1.956951e-194
6.848000e+00	-2.000000e+02	7.046931e+06	1.000000e-200	3.600974e+00	1.956951e-194
6.856074e+00	-2.000000e+02	7.179161e+06	1.000000e-200	3.668543e+00	1.956951e-194
6.864000e+00	-2.000000e+02	7.311391e+06	1.000000e-200	3.736113e+00	1.956951e-194
6.872074e+00	-2.000000e+02	7.448583e+06	1.000000e-200	3.806218e+00	1.956951e-194
6.880000e+00	-2.000000e+02	7.585776e+06	1.000000e-200	3.876323e+00	1.956951e-194
6.888074e+00	-2.000000e+02	7.728117e+06	1.000000e-200	3.949059e+00	1.956951e-194
6.896000e+00	-2.000000e+02	7.870458e+06	1.000000e-200	4.021795e+00	1.956951e-194
6.904074e+00	-2.000000e+02	8.018141e+06	1.000000e-200	4.097261e+00	1.956951e-194
6.912000e+00	-2.000000e+02	8.165824e+06	1.000000e-200	4.172727e+00	1.956951e-194
6.920074e+00	-2.000000e+02	8.319049e+06	1.000000e-200	4.251025e+00	1.956951e-194
6.928000e+00	-2.000000e+02	8.472274e+06	1.000000e-200	4.329323e+00	1.956951e-194
6.936074e+00	-2.000000e+02	8.631250e+06	1.000000e-200	4.410559e+00	1.956951e-194
6.944000e+00	-2.000000e+02	8.790225e+06	1.000000e-200	4.491795e+00	1.956951e-194
6.952074e+00	-2.000000e+02	8.955167e+06	1.000000e-200	4.576080e+00	1.956951e-194
6.960000e+00	-2.000000e+02	9.120108e+06	1.000000e-200	4.660365e+00	1.956951e-194
6.968074e+00	-2.000000e+02	9.291240e+06	1.000000e-200	4.747814e+00	1.956951e-194
6.976000e+00	-2.000000e+02	9.462372e+06	1.000000e-200	4.835262e+00	1.956951e-194
6.984074e+00	-2.000000e+02	9.639926e+06	1.000000e-200	4.925991e+00	1.956951e-194
6.992000e+00	-2.000000e+02	9.817479e+06	1.000000e-200	5.016721e+00	1.956951e-194
7.000074e+00	-2.000000e+02	1.000170e+07	1.000000e-200	5.110856e+00	1.956951e-194
7.008000e+00	-2.000000e+02	1.018591e+07	1.000000e-200	5.204991e+00	1.956951e-194
7.016074e+00	-2.000000e+02	1.037704e+07	1.000000e-200	5.302658e+00	1.956951e-194
7.024000e+00	-2.000000e+02	1.056818e+07	1.000000e-200	5.400326e+00	1.956951e-194
7.032074e+00	-2.000000e+02	1.076648e+07	1.000000e-200	5.501659e+00	1.956951e-194
7.040000e+00	-2.000000e+02	1.096478e+07	1.000000e-200	5.602992e+00	1.956951e-194
7.048074e+00	-2.000000e+02	1.117053e+07	1.000000e-200	5.708127e+00	1.956951e-194
7.056000e+00	-2.000000e+02	1.137627e+07	1.000000e-200	5.813263e+00	1.956951e-194
7.064074e+00	-2.000000e+02	1.158974e+07	1.000000e-200	5.922344e+00	1.956951e-194
7.072000e+00	-2.000000e+02	1.180321e+07	1.000000e-200	6.031426e+00	1.956951e-194
7.080074e+00	-2.000000e+02	1.202468e+07	1.000000e-200	6.144601e+00	1.956951e-194
7.088000e+00	-2.000000e+02	1.224616e+07	1.000000e-200	6.257775e+00	1.956951e-194
7.096074e+00	-2.000000e+02	1.247595e+07	1.000000e-200	6.375198e+00	1.956951e-194
7.104000e+00	-2.000000e+02	1.270574e+07	1.000000e-200	6.492620e+00	1.956951e-194
7.112074e+00	-2.000000e+02	1.294415e+07	1.000000e-200	6.614449e+00	1.956951e-194
7.120000e+00	-2.000000e+02	1.318257e+07	1.000000e-200	6.736278e+00	1.956951e-194
7.128074e+00	-2.000000e+02	1.342993e+07	1.000000e-200	6.862678e+00	1.956951e-194
7.136000e+00	-2.000000e+02	1.367729e+07	1.000000e-200	6.989079e+00	1.956951e-194
7.144074e+00	-2.000000e+02	1.393393e+07	1.000000e-200	7.120224e+00	1.956951e-194
7.152000e+00	-2.000000e+02	1.419058e+07	1.000000e-200	7.251368e+00	1.956951e-194
7.160074e+00	-2.000000e+02	1.445685e+07	1.000000e-200	7.387435e+00	1.956951e-194
7.168000e+00	-2.000000e+02	1.472313e+07	1.000000e-200	7.523501e+00	1.956951e-194
7.176074e+00	-2.000000e+02	1.499939e+07	1.000000e-200	7.664673e+00	1.956951e-194
7.184000e+00	-2.000000e+02	1.527566e+07	1.000000e-200	7.805846e+00	1.956951e-194
7.192074e+00	-2.000000e+02	1.556230e+07	1.000000e-200	7.952316e+00	1.956951e-194
7.200000e+00	-2.000000e+02	1.584893e+07	1.000000e-200	8.098787e+00	1.956951e-194
7.208074e+00	-2.000000e+02	1.614632e+07	1.000000e-200	8.250754e+00	1.956951e-194
7.216000e+00	-2.000000e+02	1.644372e+07	1.000000e-200	8.402722e+00	1.956951e-194
7.224074e+00	-2.000000e+02	1.675227e+07	1.000000e-200	8.560392e+00	1.956951e-194
7.232000e+00	-2.000000e+02	1.706082e+07	1.000000e-200	8.718062e+00	1.956951e-194
7.240074e+00	-2.000000e+02	1.738096e+07	1.000000e-200	8.881650e+00	1.956951e-194
7.248000e+00	-2.000000e+02	1.770109e+07	1.000000e-200	9.045237e+00	1.956951e-194
7.256074e+00	-2.000000e+02	1.803324e+07	1.000000e-200	9.214964e+00	1.956951e-194
7.264000e+00	-2.000000e+02	1.836538e+07	1.000000e-200	9.384691e+00	1.956951e-194
7.272074e+00	-2.000000e+02	1.871000e+07	1.000000e-200	9.560787e+00	1.956951e-194
7.280000e+00	-2.000000e+02	1.905461e+07	1.000000e-200	9.736883e+00	1.956951e-194
7.288074e+00	-2.000000e+02	1.941215e+07	1.000000e-200	9.919588e+00	1.956951e-194
7.296000e+00	-2.000000e+02	1.976970e+07	1.000000e-200	1.010229e+01	1.956951e-194
7.304074e+00	-2.000000e+02	2.014066e+07	1.000000e-200	1.029185e+01	1.956951e-194
7.312000e+00	-2.000000e+02	2.051162e+07	1.000000e-200	1.048142e+01	1.956951e-194
7.320074e+00	-2.000000e+02	2.089651e+07	1.000000e-200	1.067809e+01	1.956951e-194
7.328000e+00	-2.000000e+02	2.128139e+07	1.000000e-200	1.087477e+01	1.956951e-194
7.336074e+00	-2.000000e+02	2.168072e+07	1.000000e-200	1.107882e+01	1.956951e-194
7.344000e+00	-2.000000e+02	2.208005e+07	1.000000e-200	1.128288e+01	1.956951e-194
7.352074e+00	-2.000000e+02	2.249436e+07	1.000000e-200	1.149459e+01	1.956951e-194
7.360000e+00	-2.000000e+02	2.290868e+07	1.000000e-200	1.170631e+01	1.956951e-194
7.368074e+00	-2.000000e+02	2.333854e+07	1.000000e-200	1.192597e+01	1.956951e-194
7.376000e+00	-2.000000e+02	2.376840e+07	1.000000e-200	1.214563e+01	1.956951e-194
7.384074e+00	-2.000000e+02	2.421440e+07	1.000000e-200	1.237353e+01	1.956951e-194
7.392000e+00	-2.000000e+02	2.466039e+07	1.000000e-200	1.260143e+01	1.956951e-194
7.400074e+00	-2.000000e+02	2.512313e+07	1.000000e-200	1.283789e+01	1.956951e-194
7.408000e+00	-2.000000e+02	2.558586e+07	1.000000e-200	1.307435e+01	1.956951e-194
7.416074e+00	-2.000000e+02	2.606596e+07	1.000000e-200	1.331968e+01	1.956951e-194
7.424000e+00	-2.000000e+02	2.654606e+07	1.000000e-200	1.356501e+01	1.956951e-194
7.432074e+00	-2.000000e+02	2.704417e+07	1.000000e-200	1.381954e+01	1.956951e-194
7.440000e+00	-2.000000e+02	2.754229e+07	1.000000e-200	1.407408e+01	1.956951e-194
7.448074e+00	-2.000000e+02	2.805910e+07	1.000000e-200	1.433817e+01	1.956951e-194
7.456000e+00	-2.000000e+02	2.857591e+07	1.000000e-200	1.460226e+01	1.956951e-194
7.464074e+00	-2.000000e+02	2.911211e+07	1.000000e-200	1.487626e+01	1.956951e-194
7.472000e+00	-2.000000e+02	2.964831e+07	1.000000e-200	1.515026e+01	1.956951e-194
7.480074e+00	-2.000000e+02	3.020464e+07	1.000000e-200	1.543454e+01	1.956951e-194
7.488000e+00	-2.000000e+02	3.076097e+07	1.000000e-200	1.571882e+01	1.956951e-194
7.496074e+00	-2.000000e+02	3.133817e+07	1.000000e-200	1.601377e+01	1.956951e-194
7.504000e+00	-2.000000e+02	3.191538e+07	1.000000e-200	1.630872e+01	1.956951e-194
7.512074e+00	-2.000000e+02	3.251425e+07	1.000000e-200	1.661474e+01	1.956951e-194
7.520000e+00	-2.000000e+02	3.311311e+07	1.000000e-200	1.692076e+01	1.956951e-194
7.528074e+00	-2.000000e+02	3.373445e+07	1.000000e-200	1.723827e+01	1.956951e-194
7.536000e+00	-2.000000e+02	3.435579e+07	1.000000e-200	1.755577e+01	1.956951e-194
7.544074e+00	-2.000000e+02	3.500045e+07	1.000000e-200	1.788519e+01	1.956951e-194
7.552000e+00	-2.000000e+02	3.564511e+07	1.000000e-200	1.821461e+01	1.956951e-194
7.560074e+00	-2.000000e+02	3.631397e+07	1.000000e-200	1.855640e+01	1.956951e-194
7.568000e+00	-2.000000e+02	3.698282e+07	1.000000e-200	1.889818e+01	1.956951e-194
7.576074e+00	-2.000000e+02	3.767677e+07	1.000000e-200	1.925279e+01	1.956951e-194
7.584000e+00	-2.000000e+02	3.837072e+07	1.000000e-200	1.960740e+01	1.956951e-194
7.592074e+00	-2.000000e+02	3.909072e+07	1.000000e-200	1.997532e+01	1.956951e-194
7.600000e+00	-2.000000e+02	3.981072e+07	1.000000e-200	2.034323e+01	1.956951e-194
7.608074e+00	-2.000000e+02	4.055773e+07	1.000000e-200	2.072496e+01	1.956951e-194
7.616000e+00	-2.000000e+02	4.130475e+07	1.000000e-200	2.110668e+01	1.956951e-194
7.624074e+00	-2.000000e+02	4.207980e+07	1.000000e-200	2.150273e+01	1.956951e-194
7.632000e+00	-2.000000e+02	4.285485e+07	1.000000e-200	2.189878e+01	1.956951e-194
7.640074e+00	-2.000000e+02	4.365899e+07	1.000000e-200	2.230970e+01	1.956951e-194
7.648000e+00	-2.000000e+02	4.446313e+07	1.000000e-200	2.272061e+01	1.956951e-194
7.656074e+00	-2.000000e+02	4.529744e+07	1.000000e-200	2.314694e+01	1.956951e-194
7.664000e+00	-2.000000e+02	4.613176e+07	1.000000e-200	2.357328e+01	1.956951e-194
7.672074e+00	-2.000000e+02	4.699738e+07	1.000000e-200	2.401561e+01	1.956951e-194
7.680000e+00	-2.000000e+02	4.786301e+07	1.000000e-200	2.445795e+01	1.956951e-194
7.688074e+00	-2.000000e+02	4.876112e+07	1.000000e-200	2.491688e+01	1.956951e-194
7.696000e+00	-2.000000e+02	4.965923e+07	1.000000e-200	2.537581e+01	1.956951e-194
7.704074e+00	-2.000000e+02	5.059105e+07	1.000000e-200	2.585197e+01	1.956951e-194
7.712000e+00	-2.000000e+02	5.152286e+07	1.000000e-200	2.632813e+01	1.956951e-194
7.720074e+00	-2.000000e+02	5.248965e+07	1.000000e-200	2.682215e+01	1.956951e-194
7.728000e+00	-2.000000e+02	5.345644e+07	1.000000e-200	2.731618e+01	1.956951e-194
7.736074e+00	-2.000000e+02	5.445950e+07	1.000000e-200	2.782875e+01	1.956951e-194
7.744000e+00	-2.000000e+02	5.546257e+07	1.000000e-200	2.834131e+01	1.956951e-194
7.752074e+00	-2.000000e+02	5.650328e+07	1.000000e-200	2.887312e+01	1.956951e-194
7.760000e+00	-2.000000e+02	5.754399e+07	1.000000e-200	2.940492e+01	1.956951e-194
7.768074e+00	-2.000000e+02	5.862376e+07	1.000000e-200	2.995668e+01	1.956951e-194
7.776000e+00	-2.000000e+02	5.970353e+07	1.000000e-200	3.050844e+01	1.956951e-194
7.784074e+00	-2.000000e+02	6.082382e+07	1.000000e-200	3.108090e+01	1.956951e-194
7.792000e+00	-2.000000e+02	6.194411e+07	1.000000e-200	3.165337e+01	1.956951e-194
7.800074e+00	-2.000000e+02	6.310644e+07	1.000000e-200	3.224732e+01	1.956951e-194
7.808000e+00	-2.000000e+02	6.426877e+07	1.000000e-200	3.284127e+01	1.956951e-194
7.816074e+00	-2.000000e+02	6.547472e+07	1.000000e-200	3.345751e+01	1.956951e-194
7.824000e+00	-2.000000e+02	6.668068e+07	1.000000e-200	3.407375e+01	1.956951e-194
7.832074e+00	-2.000000e+02	6.793189e+07	1.000000e-200	3.471312e+01	1.956951e-194
7.840000e+00	-2.000000e+02	6.918310e+07	1.000000e-200	3.535249e+01	1.956951e-194
7.848074e+00	-2.000000e+02	7.048126e+07	1.000000e-200	3.601585e+01	1.956951e-194
7.856000e+00	-2.000000e+02	7.177943e+07	1.000000e-200	3.667921e+01	1.956951e-194
7.864074e+00	-2.000000e+02	7.312631e+07	1.000000e-200	3.736747e+01	1.956951e-194
7.872000e+00	-2.000000e+02	7.447320e+07	1.000000e-200	3.805572e+01	1.956951e-194
7.880074e+00	-2.000000e+02	7.587063e+07	1.000000e-200	3.876981e+01	1.956951e-194
7.888000e+00	-2.000000e+02	7.726806e+07	1.000000e-200	3.948389e+01	1.956951e-194
7.896074e+00	-2.000000e+02	7.871793e+07	1.000000e-200	4.022478e+01	1.956951e-194
7.904000e+00	-2.000000e+02	8.016781e+07	1.000000e-200	4.096566e+01	1.956951e-194
7.912074e+00	-2.000000e+02	8.167209e+07	1.000000e-200	4.173435e+01	1.956951e-194
7.920000e+00	-2.000000e+02	8.317638e+07	1.000000e-200	4.250304e+01	1.956951e-194
7.928074e+00	-2.000000e+02	8.473712e+07	1.000000e-200	4.330057e+01	1.956951e-194
7.936000e+00	-2.000000e+02	8.629785e+07	1.000000e-200	4.409811e+01	1.956951e-194
7.944074e+00	-2.000000e+02	8.791717e+07	1.000000e-200	4.492558e+01	1.956951e-194
7.952000e+00	-2.000000e+02	8.953648e+07	1.000000e-200	4.575304e+01	1.956951e-194
7.960074e+00	-2.000000e+02	9.121656e+07	1.000000e-200	4.661156e+01	1.956951e-194
7.968000e+00	-2.000000e+02	9.289664e+07	1.000000e-200	4.747008e+01	1.956951e-194
7.976074e+00	-2.000000e+02	9.463977e+07	1.000000e-200	4.836082e+01	1.956951e-194
7.984000e+00	-2.000000e+02	9.638290e+07	1.000000e-200	4.925156e+01	1.956951e-194
7.992074e+00	-2.000000e+02	9.819145e+07	1.000000e-200	5.017572e+01	1.956951e-194
8.000000e+00	-2.000000e+02	1.000000e+08	1.000000e-200	5.109989e+01	1.956951e-194
