#################################################################
# log(gamma)     log(N(gamma))   gamma     N(gamma)  TeV N(TeV) # 
#################################################################
3.008000e+00	-3.010419e+00	1.018591e+03	9.762954e-04	5.204991e-04	1.910563e+03
3.016074e+00	-3.028038e+00	1.037704e+03	9.374803e-04	5.302658e-04	1.834603e+03
3.024000e+00	-3.045335e+00	1.056818e+03	9.008752e-04	5.400326e-04	1.762969e+03
3.032074e+00	-3.062954e+00	1.076648e+03	8.650586e-04	5.501659e-04	1.692878e+03
3.040000e+00	-3.080252e+00	1.096478e+03	8.312813e-04	5.602992e-04	1.626777e+03
3.048074e+00	-3.097871e+00	1.117053e+03	7.982316e-04	5.708127e-04	1.562100e+03
3.056000e+00	-3.115169e+00	1.137627e+03	7.670636e-04	5.813263e-04	1.501106e+03
3.064074e+00	-3.132788e+00	1.158974e+03	7.365670e-04	5.922344e-04	1.441426e+03
3.072000e+00	-3.150085e+00	1.180321e+03	7.078069e-04	6.031426e-04	1.385144e+03
3.080074e+00	-3.167704e+00	1.202468e+03	6.796662e-04	6.144601e-04	1.330074e+03
3.088000e+00	-3.185002e+00	1.224616e+03	6.531278e-04	6.257775e-04	1.278139e+03
3.096074e+00	-3.202621e+00	1.247595e+03	6.271610e-04	6.375198e-04	1.227324e+03
3.104000e+00	-3.219918e+00	1.270574e+03	6.026727e-04	6.492620e-04	1.179401e+03
3.112074e+00	-3.237538e+00	1.294415e+03	5.787119e-04	6.614449e-04	1.132511e+03
3.120000e+00	-3.254835e+00	1.318257e+03	5.561154e-04	6.736278e-04	1.088291e+03
3.128074e+00	-3.272454e+00	1.342993e+03	5.340056e-04	6.862678e-04	1.045023e+03
3.136000e+00	-3.289752e+00	1.367729e+03	5.131547e-04	6.989079e-04	1.004219e+03
3.144074e+00	-3.307371e+00	1.393393e+03	4.927529e-04	7.120224e-04	9.642934e+02
3.152000e+00	-3.324668e+00	1.419058e+03	4.735127e-04	7.251368e-04	9.266414e+02
3.160074e+00	-3.342287e+00	1.445685e+03	4.546870e-04	7.387435e-04	8.898004e+02
3.168000e+00	-3.359585e+00	1.472313e+03	4.369332e-04	7.523501e-04	8.550570e+02
3.176074e+00	-3.377204e+00	1.499939e+03	4.195618e-04	7.664673e-04	8.210621e+02
3.184000e+00	-3.394502e+00	1.527566e+03	4.031795e-04	7.805846e-04	7.890026e+02
3.192074e+00	-3.412121e+00	1.556230e+03	3.871501e-04	7.952316e-04	7.576338e+02
3.200000e+00	-3.429418e+00	1.584893e+03	3.720333e-04	8.098787e-04	7.280511e+02
3.208074e+00	-3.447037e+00	1.614632e+03	3.572422e-04	8.250754e-04	6.991055e+02
3.216000e+00	-3.464335e+00	1.644372e+03	3.432932e-04	8.402722e-04	6.718081e+02
3.224074e+00	-3.481954e+00	1.675227e+03	3.296447e-04	8.560392e-04	6.450986e+02
3.232000e+00	-3.499251e+00	1.706082e+03	3.167733e-04	8.718062e-04	6.199099e+02
3.240074e+00	-3.516871e+00	1.738096e+03	3.041792e-04	8.881650e-04	5.952638e+02
3.248000e+00	-3.534168e+00	1.770109e+03	2.923021e-04	9.045237e-04	5.720210e+02
3.256074e+00	-3.551787e+00	1.803324e+03	2.806809e-04	9.214964e-04	5.492789e+02
3.264000e+00	-3.569085e+00	1.836538e+03	2.697214e-04	9.384691e-04	5.278316e+02
3.272074e+00	-3.586704e+00	1.871000e+03	2.589979e-04	9.560787e-04	5.068463e+02
3.280000e+00	-3.604001e+00	1.905461e+03	2.488850e-04	9.736883e-04	4.870558e+02
3.288074e+00	-3.621620e+00	1.941215e+03	2.389899e-04	9.919588e-04	4.676917e+02
3.296000e+00	-3.638918e+00	1.976970e+03	2.296583e-04	1.010229e-03	4.494301e+02
3.304074e+00	-3.656537e+00	2.014066e+03	2.205276e-04	1.029185e-03	4.315618e+02
3.312000e+00	-3.673835e+00	2.051162e+03	2.119168e-04	1.048142e-03	4.147110e+02
3.320074e+00	-3.691454e+00	2.089651e+03	2.034916e-04	1.067809e-03	3.982231e+02
3.328000e+00	-3.708751e+00	2.128139e+03	1.955460e-04	1.087477e-03	3.826739e+02
3.336074e+00	-3.726370e+00	2.168072e+03	1.877715e-04	1.107882e-03	3.674598e+02
3.344000e+00	-3.743668e+00	2.208005e+03	1.804398e-04	1.128288e-03	3.531118e+02
3.352074e+00	-3.761287e+00	2.249436e+03	1.732659e-04	1.149459e-03	3.390730e+02
3.360000e+00	-3.778584e+00	2.290868e+03	1.665005e-04	1.170631e-03	3.258334e+02
3.368074e+00	-3.796203e+00	2.333854e+03	1.598809e-04	1.192597e-03	3.128791e+02
3.376000e+00	-3.813501e+00	2.376840e+03	1.536381e-04	1.214563e-03	3.006623e+02
3.384074e+00	-3.831120e+00	2.421440e+03	1.475299e-04	1.237353e-03	2.887087e+02
3.392000e+00	-3.848418e+00	2.466039e+03	1.417694e-04	1.260143e-03	2.774357e+02
3.400074e+00	-3.866037e+00	2.512313e+03	1.361330e-04	1.283789e-03	2.664056e+02
3.408000e+00	-3.883334e+00	2.558586e+03	1.308175e-04	1.307435e-03	2.560034e+02
3.416074e+00	-3.900953e+00	2.606596e+03	1.256165e-04	1.331968e-03	2.458254e+02
3.424000e+00	-3.918251e+00	2.654606e+03	1.207116e-04	1.356501e-03	2.362268e+02
3.432074e+00	-3.935870e+00	2.704417e+03	1.159124e-04	1.381954e-03	2.268350e+02
3.440000e+00	-3.953167e+00	2.754229e+03	1.113865e-04	1.407408e-03	2.179779e+02
3.448074e+00	-3.970787e+00	2.805910e+03	1.069580e-04	1.433817e-03	2.093117e+02
3.456000e+00	-3.988084e+00	2.857591e+03	1.027817e-04	1.460226e-03	2.011388e+02
3.464074e+00	-4.005703e+00	2.911211e+03	9.869538e-05	1.487626e-03	1.931421e+02
3.472000e+00	-4.023001e+00	2.964831e+03	9.484169e-05	1.515026e-03	1.856006e+02
3.480074e+00	-4.040620e+00	3.020464e+03	9.107102e-05	1.543454e-03	1.782216e+02
3.488000e+00	-4.057917e+00	3.076097e+03	8.751504e-05	1.571882e-03	1.712627e+02
3.496074e+00	-4.075536e+00	3.133817e+03	8.403565e-05	1.601377e-03	1.644537e+02
3.504000e+00	-4.092834e+00	3.191538e+03	8.075438e-05	1.630872e-03	1.580324e+02
3.512074e+00	-4.110453e+00	3.251425e+03	7.754378e-05	1.661474e-03	1.517494e+02
3.520000e+00	-4.127751e+00	3.311311e+03	7.451598e-05	1.692076e-03	1.458242e+02
3.528074e+00	-4.145370e+00	3.373445e+03	7.155341e-05	1.723827e-03	1.400265e+02
3.536000e+00	-4.162667e+00	3.435579e+03	6.875952e-05	1.755577e-03	1.345590e+02
3.544074e+00	-4.180286e+00	3.500045e+03	6.602581e-05	1.788519e-03	1.292093e+02
3.552000e+00	-4.197584e+00	3.564511e+03	6.344775e-05	1.821461e-03	1.241642e+02
3.560074e+00	-4.215203e+00	3.631397e+03	6.092522e-05	1.855640e-03	1.192277e+02
3.568000e+00	-4.232500e+00	3.698282e+03	5.854632e-05	1.889818e-03	1.145723e+02
3.576074e+00	-4.250120e+00	3.767677e+03	5.621866e-05	1.925279e-03	1.100172e+02
3.584000e+00	-4.267417e+00	3.837072e+03	5.402353e-05	1.960740e-03	1.057214e+02
3.592074e+00	-4.285036e+00	3.909072e+03	5.187569e-05	1.997532e-03	1.015182e+02
3.600000e+00	-4.302334e+00	3.981072e+03	4.985014e-05	2.034323e-03	9.755429e+01
3.608074e+00	-4.319953e+00	4.055773e+03	4.786822e-05	2.072496e-03	9.367577e+01
3.616000e+00	-4.337250e+00	4.130475e+03	4.599914e-05	2.110668e-03	9.001808e+01
3.624074e+00	-4.354869e+00	4.207980e+03	4.417033e-05	2.150273e-03	8.643918e+01
3.632000e+00	-4.372167e+00	4.285485e+03	4.244564e-05	2.189878e-03	8.306406e+01
3.640074e+00	-4.389786e+00	4.365899e+03	4.075811e-05	2.230970e-03	7.976163e+01
3.648000e+00	-4.407084e+00	4.446313e+03	3.916666e-05	2.272061e-03	7.664724e+01
3.656074e+00	-4.424703e+00	4.529744e+03	3.760949e-05	2.314694e-03	7.359993e+01
3.664000e+00	-4.442000e+00	4.613176e+03	3.614098e-05	2.357328e-03	7.072613e+01
3.672074e+00	-4.459619e+00	4.699738e+03	3.470410e-05	2.401561e-03	6.791423e+01
3.680000e+00	-4.476917e+00	4.786301e+03	3.334903e-05	2.445795e-03	6.526244e+01
3.688074e+00	-4.494536e+00	4.876112e+03	3.202316e-05	2.491688e-03	6.266776e+01
3.696000e+00	-4.511833e+00	4.965923e+03	3.077277e-05	2.537581e-03	6.022082e+01
3.704074e+00	-4.529452e+00	5.059105e+03	2.954932e-05	2.585197e-03	5.782659e+01
3.712000e+00	-4.546750e+00	5.152286e+03	2.839553e-05	2.632813e-03	5.556868e+01
3.720074e+00	-4.564369e+00	5.248965e+03	2.726660e-05	2.682215e-03	5.335940e+01
3.728000e+00	-4.581667e+00	5.345644e+03	2.620194e-05	2.731618e-03	5.127592e+01
3.736074e+00	-4.599286e+00	5.445950e+03	2.516021e-05	2.782875e-03	4.923731e+01
3.744000e+00	-4.616583e+00	5.546257e+03	2.417780e-05	2.834131e-03	4.731478e+01
3.752074e+00	-4.634202e+00	5.650328e+03	2.321655e-05	2.887312e-03	4.543366e+01
3.760000e+00	-4.651500e+00	5.754399e+03	2.231003e-05	2.940492e-03	4.365964e+01
3.768074e+00	-4.669119e+00	5.862376e+03	2.142304e-05	2.995668e-03	4.192384e+01
3.776000e+00	-4.686416e+00	5.970353e+03	2.058655e-05	3.050844e-03	4.028687e+01
3.784074e+00	-4.704036e+00	6.082382e+03	1.976808e-05	3.108090e-03	3.868517e+01
3.792000e+00	-4.721333e+00	6.194411e+03	1.899621e-05	3.165337e-03	3.717466e+01
3.800074e+00	-4.738952e+00	6.310644e+03	1.824097e-05	3.224732e-03	3.569668e+01
3.808000e+00	-4.756250e+00	6.426877e+03	1.752872e-05	3.284127e-03	3.430286e+01
3.816074e+00	-4.773869e+00	6.547472e+03	1.683183e-05	3.345751e-03	3.293906e+01
3.824000e+00	-4.791166e+00	6.668068e+03	1.617461e-05	3.407375e-03	3.165292e+01
3.832074e+00	-4.808785e+00	6.793189e+03	1.553154e-05	3.471312e-03	3.039447e+01
3.840000e+00	-4.826083e+00	6.918310e+03	1.492509e-05	3.535249e-03	2.920768e+01
3.848074e+00	-4.843702e+00	7.048126e+03	1.433171e-05	3.601585e-03	2.804646e+01
3.856000e+00	-4.861000e+00	7.177943e+03	1.377211e-05	3.667921e-03	2.695135e+01
3.864074e+00	-4.878619e+00	7.312631e+03	1.322456e-05	3.736747e-03	2.587983e+01
3.872000e+00	-4.895916e+00	7.447320e+03	1.270819e-05	3.805572e-03	2.486932e+01
3.880074e+00	-4.913535e+00	7.587063e+03	1.220295e-05	3.876981e-03	2.388057e+01
3.888000e+00	-4.930833e+00	7.726806e+03	1.172647e-05	3.948389e-03	2.294813e+01
3.896074e+00	-4.948452e+00	7.871793e+03	1.126025e-05	4.022478e-03	2.203577e+01
3.904000e+00	-4.965749e+00	8.016781e+03	1.082058e-05	4.096566e-03	2.117535e+01
3.912074e+00	-4.983368e+00	8.167209e+03	1.039038e-05	4.173435e-03	2.033347e+01
3.920000e+00	-5.000666e+00	8.317638e+03	9.984676e-06	4.250304e-03	1.953953e+01
3.928074e+00	-5.018285e+00	8.473712e+03	9.587710e-06	4.330057e-03	1.876268e+01
3.936000e+00	-5.035583e+00	8.629785e+03	9.213346e-06	4.409811e-03	1.803007e+01
3.944074e+00	-5.053202e+00	8.791717e+03	8.847046e-06	4.492558e-03	1.731324e+01
3.952000e+00	-5.070499e+00	8.953648e+03	8.501601e-06	4.575304e-03	1.663722e+01
3.960074e+00	-5.088118e+00	9.121656e+03	8.163599e-06	4.661156e-03	1.597577e+01
3.968000e+00	-5.105416e+00	9.289664e+03	7.844841e-06	4.747008e-03	1.535197e+01
3.976074e+00	-5.123035e+00	9.463977e+03	7.532949e-06	4.836082e-03	1.474161e+01
3.984000e+00	-5.140332e+00	9.638290e+03	7.238815e-06	4.925156e-03	1.416601e+01
3.992074e+00	-5.157952e+00	9.819145e+03	6.951018e-06	5.017572e-03	1.360280e+01
4.000000e+00	-5.175249e+00	1.000000e+04	6.679607e-06	5.109989e-03	1.307167e+01
4.008074e+00	-5.192868e+00	1.018764e+04	6.414042e-06	5.205874e-03	1.255197e+01
4.016000e+00	-5.210166e+00	1.037528e+04	6.163597e-06	5.301759e-03	1.206186e+01
4.024074e+00	-5.227785e+00	1.056997e+04	5.918548e-06	5.401242e-03	1.158231e+01
4.032000e+00	-5.245082e+00	1.076465e+04	5.687451e-06	5.500726e-03	1.113006e+01
4.040074e+00	-5.262701e+00	1.096664e+04	5.461332e-06	5.603942e-03	1.068756e+01
4.048000e+00	-5.279999e+00	1.116863e+04	5.248087e-06	5.707159e-03	1.027025e+01
4.056074e+00	-5.297618e+00	1.137820e+04	5.039436e-06	5.814249e-03	9.861931e+00
4.064000e+00	-5.314916e+00	1.158777e+04	4.842665e-06	5.921340e-03	9.476859e+00
4.072074e+00	-5.332535e+00	1.180521e+04	4.650132e-06	6.032449e-03	9.100083e+00
4.080000e+00	-5.349832e+00	1.202264e+04	4.468562e-06	6.143558e-03	8.744759e+00
4.088074e+00	-5.367451e+00	1.224824e+04	4.290903e-06	6.258837e-03	8.397088e+00
4.096000e+00	-5.384749e+00	1.247384e+04	4.123359e-06	6.374116e-03	8.069213e+00
4.104074e+00	-5.402368e+00	1.270790e+04	3.959425e-06	6.493721e-03	7.748401e+00
4.112000e+00	-5.419665e+00	1.294196e+04	3.804824e-06	6.613327e-03	7.445855e+00
4.120074e+00	-5.437285e+00	1.318480e+04	3.653553e-06	6.737420e-03	7.149826e+00
4.128000e+00	-5.454582e+00	1.342765e+04	3.510896e-06	6.861514e-03	6.870652e+00
4.136074e+00	-5.472201e+00	1.367961e+04	3.371311e-06	6.990265e-03	6.597492e+00
4.144000e+00	-5.489499e+00	1.393157e+04	3.239674e-06	7.119016e-03	6.339885e+00
4.152074e+00	-5.507118e+00	1.419298e+04	3.110873e-06	7.252599e-03	6.087826e+00
4.160000e+00	-5.524415e+00	1.445440e+04	2.989405e-06	7.386181e-03	5.850119e+00
4.168074e+00	-5.542034e+00	1.472562e+04	2.870553e-06	7.524777e-03	5.617533e+00
4.176000e+00	-5.559332e+00	1.499685e+04	2.758469e-06	7.663373e-03	5.398189e+00
4.184074e+00	-5.576951e+00	1.527825e+04	2.648799e-06	7.807170e-03	5.183571e+00
4.192000e+00	-5.594249e+00	1.555966e+04	2.545373e-06	7.950967e-03	4.981171e+00
4.200074e+00	-5.611868e+00	1.585162e+04	2.444175e-06	8.100161e-03	4.783132e+00
4.208000e+00	-5.629165e+00	1.614359e+04	2.348739e-06	8.249355e-03	4.596369e+00
4.216074e+00	-5.646784e+00	1.644651e+04	2.255359e-06	8.404147e-03	4.413629e+00
4.224000e+00	-5.664082e+00	1.674943e+04	2.167296e-06	8.558940e-03	4.241293e+00
4.232074e+00	-5.681701e+00	1.706372e+04	2.081130e-06	8.719542e-03	4.072669e+00
4.240000e+00	-5.698998e+00	1.737801e+04	1.999869e-06	8.880143e-03	3.913647e+00
4.248074e+00	-5.716617e+00	1.770409e+04	1.920359e-06	9.046772e-03	3.758050e+00
4.256000e+00	-5.733915e+00	1.803018e+04	1.845377e-06	9.213401e-03	3.611312e+00
4.264074e+00	-5.751534e+00	1.836850e+04	1.772009e-06	9.386283e-03	3.467735e+00
4.272000e+00	-5.768832e+00	1.870682e+04	1.702819e-06	9.559165e-03	3.332333e+00
4.280074e+00	-5.786451e+00	1.905784e+04	1.635119e-06	9.738536e-03	3.199848e+00
4.288000e+00	-5.803748e+00	1.940886e+04	1.571273e-06	9.917906e-03	3.074906e+00
4.296074e+00	-5.821367e+00	1.977305e+04	1.508803e-06	1.010401e-02	2.952655e+00
4.304000e+00	-5.838665e+00	2.013724e+04	1.449890e-06	1.029011e-02	2.837365e+00
4.312074e+00	-5.856284e+00	2.051510e+04	1.392246e-06	1.048319e-02	2.724558e+00
4.320000e+00	-5.873581e+00	2.089296e+04	1.337884e-06	1.067628e-02	2.618174e+00
4.328074e+00	-5.891201e+00	2.128500e+04	1.284693e-06	1.087661e-02	2.514082e+00
4.336000e+00	-5.908498e+00	2.167704e+04	1.234531e-06	1.107694e-02	2.415917e+00
4.344074e+00	-5.926117e+00	2.208379e+04	1.185449e-06	1.128479e-02	2.319866e+00
4.352000e+00	-5.943415e+00	2.249055e+04	1.139161e-06	1.149264e-02	2.229284e+00
4.360074e+00	-5.961034e+00	2.291256e+04	1.093871e-06	1.170829e-02	2.140653e+00
4.368000e+00	-5.978331e+00	2.333458e+04	1.051160e-06	1.192395e-02	2.057068e+00
4.376074e+00	-5.995951e+00	2.377244e+04	1.009367e-06	1.214769e-02	1.975283e+00
4.384000e+00	-6.013306e+00	2.421029e+04	9.698256e-07	1.237143e-02	1.897902e+00
4.392074e+00	-6.031089e+00	2.466458e+04	9.309179e-07	1.260357e-02	1.821761e+00
4.400000e+00	-6.048649e+00	2.511886e+04	8.940287e-07	1.283571e-02	1.749571e+00
4.408074e+00	-6.066639e+00	2.559020e+04	8.577508e-07	1.307656e-02	1.678577e+00
4.416000e+00	-6.084403e+00	2.606154e+04	8.233737e-07	1.331742e-02	1.611302e+00
4.424074e+00	-6.102601e+00	2.655056e+04	7.895844e-07	1.356731e-02	1.545178e+00
4.432000e+00	-6.120570e+00	2.703958e+04	7.575829e-07	1.381720e-02	1.482553e+00
4.440074e+00	-6.138976e+00	2.754696e+04	7.261456e-07	1.407647e-02	1.421032e+00
4.448000e+00	-6.157149e+00	2.805434e+04	6.963877e-07	1.433574e-02	1.362797e+00
4.456074e+00	-6.175763e+00	2.858075e+04	6.671700e-07	1.460473e-02	1.305619e+00
4.464000e+00	-6.194140e+00	2.910717e+04	6.395281e-07	1.487373e-02	1.251525e+00
4.472074e+00	-6.212963e+00	2.965334e+04	6.124026e-07	1.515283e-02	1.198442e+00
4.480000e+00	-6.231544e+00	3.019952e+04	5.867538e-07	1.543192e-02	1.148249e+00
4.488074e+00	-6.250575e+00	3.076619e+04	5.615976e-07	1.572149e-02	1.099019e+00
4.496000e+00	-6.269360e+00	3.133286e+04	5.378236e-07	1.601106e-02	1.052495e+00
4.504074e+00	-6.288599e+00	3.192079e+04	5.145187e-07	1.631149e-02	1.006888e+00
4.512000e+00	-6.307589e+00	3.250873e+04	4.925059e-07	1.661193e-02	9.638101e-01
4.520074e+00	-6.327035e+00	3.311873e+04	4.709391e-07	1.692364e-02	9.216048e-01
4.528000e+00	-6.346229e+00	3.372873e+04	4.505788e-07	1.723534e-02	8.817608e-01
4.536074e+00	-6.365884e+00	3.436162e+04	4.306416e-07	1.755875e-02	8.427447e-01
4.544000e+00	-6.385282e+00	3.499452e+04	4.118298e-07	1.788216e-02	8.059309e-01
4.552074e+00	-6.405145e+00	3.565116e+04	3.934186e-07	1.821770e-02	7.699011e-01
4.560000e+00	-6.424748e+00	3.630781e+04	3.760560e-07	1.855325e-02	7.359232e-01
4.568074e+00	-6.444818e+00	3.698909e+04	3.590720e-07	1.890139e-02	7.026865e-01
4.576000e+00	-6.464625e+00	3.767038e+04	3.430638e-07	1.924952e-02	6.713591e-01
4.584074e+00	-6.484904e+00	3.837723e+04	3.274130e-07	1.961073e-02	6.407313e-01
4.592000e+00	-6.504915e+00	3.908409e+04	3.126691e-07	1.997193e-02	6.118782e-01
4.600074e+00	-6.525402e+00	3.981747e+04	2.982620e-07	2.034668e-02	5.836842e-01
4.608000e+00	-6.545617e+00	4.055085e+04	2.846969e-07	2.072144e-02	5.571379e-01
4.616074e+00	-6.566312e+00	4.131176e+04	2.714486e-07	2.111026e-02	5.312117e-01
4.624000e+00	-6.586732e+00	4.207266e+04	2.589811e-07	2.149908e-02	5.068135e-01
4.632074e+00	-6.607635e+00	4.286212e+04	2.468113e-07	2.190250e-02	4.829977e-01
4.640000e+00	-6.628259e+00	4.365158e+04	2.353647e-07	2.230591e-02	4.605972e-01
4.648074e+00	-6.649370e+00	4.447067e+04	2.241972e-07	2.272446e-02	4.387429e-01
4.656000e+00	-6.670198e+00	4.528976e+04	2.136988e-07	2.314302e-02	4.181982e-01
4.664074e+00	-6.691517e+00	4.613958e+04	2.034618e-07	2.357728e-02	3.981648e-01
4.672000e+00	-6.712549e+00	4.698941e+04	1.938432e-07	2.401154e-02	3.793417e-01
4.680074e+00	-6.734077e+00	4.787113e+04	1.844690e-07	2.446210e-02	3.609968e-01
4.688000e+00	-6.755313e+00	4.875285e+04	1.756656e-07	2.491265e-02	3.437691e-01
4.696074e+00	-6.777049e+00	4.966766e+04	1.670904e-07	2.538012e-02	3.269877e-01
4.704000e+00	-6.798489e+00	5.058247e+04	1.590416e-07	2.584759e-02	3.112366e-01
4.712074e+00	-6.820433e+00	5.153161e+04	1.512054e-07	2.633259e-02	2.959016e-01
4.720000e+00	-6.842078e+00	5.248075e+04	1.438541e-07	2.681760e-02	2.815155e-01
4.728074e+00	-6.864229e+00	5.346551e+04	1.367007e-07	2.732082e-02	2.675166e-01
4.736000e+00	-6.886078e+00	5.445027e+04	1.299935e-07	2.782403e-02	2.543909e-01
4.744074e+00	-6.908438e+00	5.547198e+04	1.234702e-07	2.834612e-02	2.416251e-01
4.752000e+00	-6.930492e+00	5.649370e+04	1.173569e-07	2.886822e-02	2.296616e-01
4.760074e+00	-6.953059e+00	5.755376e+04	1.114143e-07	2.940991e-02	2.180323e-01
4.768000e+00	-6.975317e+00	5.861382e+04	1.058481e-07	2.995160e-02	2.071396e-01
4.776074e+00	-6.998093e+00	5.971366e+04	1.004402e-07	3.051361e-02	1.965565e-01
4.784000e+00	-7.020555e+00	6.081350e+04	9.537738e-08	3.107563e-02	1.866489e-01
4.792074e+00	-7.043538e+00	6.195462e+04	9.046107e-08	3.165874e-02	1.770279e-01
4.800000e+00	-7.066205e+00	6.309573e+04	8.586090e-08	3.224185e-02	1.680256e-01
4.808074e+00	-7.089396e+00	6.427968e+04	8.139612e-08	3.284684e-02	1.592882e-01
4.816000e+00	-7.112267e+00	6.546362e+04	7.722059e-08	3.345184e-02	1.511169e-01
4.824074e+00	-7.135667e+00	6.669199e+04	7.317005e-08	3.407953e-02	1.431902e-01
4.832000e+00	-7.158742e+00	6.792036e+04	6.938387e-08	3.470723e-02	1.357808e-01
4.840074e+00	-7.182349e+00	6.919484e+04	6.571290e-08	3.535849e-02	1.285970e-01
4.848000e+00	-7.205628e+00	7.046931e+04	6.228329e-08	3.600974e-02	1.218854e-01
4.856074e+00	-7.229444e+00	7.179161e+04	5.895975e-08	3.668543e-02	1.153814e-01
4.864000e+00	-7.252928e+00	7.311391e+04	5.585632e-08	3.736113e-02	1.093081e-01
4.872074e+00	-7.276952e+00	7.448583e+04	5.285041e-08	3.806218e-02	1.034257e-01
4.880000e+00	-7.300639e+00	7.585776e+04	5.004501e-08	3.876323e-02	9.793565e-02
4.888074e+00	-7.324871e+00	7.728117e+04	4.732916e-08	3.949059e-02	9.262086e-02
4.896000e+00	-7.348763e+00	7.870458e+04	4.479576e-08	4.021795e-02	8.766312e-02
4.904074e+00	-7.373203e+00	8.018141e+04	4.234448e-08	4.097261e-02	8.286609e-02
4.912000e+00	-7.397299e+00	8.165824e+04	4.005906e-08	4.172727e-02	7.839363e-02
4.920074e+00	-7.421947e+00	8.319049e+04	3.784884e-08	4.251025e-02	7.406834e-02
4.928000e+00	-7.446248e+00	8.472274e+04	3.578922e-08	4.329323e-02	7.003776e-02
4.936074e+00	-7.471104e+00	8.631250e+04	3.379839e-08	4.410559e-02	6.614181e-02
4.944000e+00	-7.495609e+00	8.790225e+04	3.194416e-08	4.491795e-02	6.251316e-02
4.952074e+00	-7.520673e+00	8.955167e+04	3.015277e-08	4.576080e-02	5.900750e-02
4.960000e+00	-7.545382e+00	9.120108e+04	2.848514e-08	4.660365e-02	5.574403e-02
4.968074e+00	-7.570654e+00	9.291240e+04	2.687485e-08	4.747814e-02	5.259277e-02
4.976000e+00	-7.595567e+00	9.462372e+04	2.537657e-08	4.835262e-02	4.966071e-02
4.984074e+00	-7.621047e+00	9.639926e+04	2.393054e-08	4.925991e-02	4.683091e-02
4.992000e+00	-7.646165e+00	9.817479e+04	2.258578e-08	5.016721e-02	4.419928e-02
5.000074e+00	-7.671853e+00	1.000170e+05	2.128858e-08	5.110856e-02	4.166072e-02
5.008000e+00	-7.697175e+00	1.018591e+05	2.008284e-08	5.204991e-02	3.930114e-02
5.016074e+00	-7.723071e+00	1.037704e+05	1.892033e-08	5.302658e-02	3.702616e-02
5.024000e+00	-7.748597e+00	1.056818e+05	1.784032e-08	5.400326e-02	3.491264e-02
5.032074e+00	-7.774702e+00	1.076648e+05	1.679957e-08	5.501659e-02	3.287595e-02
5.040000e+00	-7.800432e+00	1.096478e+05	1.583318e-08	5.602992e-02	3.098476e-02
5.048074e+00	-7.826745e+00	1.117053e+05	1.490238e-08	5.708127e-02	2.916322e-02
5.056000e+00	-7.852679e+00	1.137627e+05	1.403851e-08	5.813263e-02	2.747268e-02
5.064074e+00	-7.879200e+00	1.158974e+05	1.320689e-08	5.922344e-02	2.584523e-02
5.072000e+00	-7.905338e+00	1.180321e+05	1.243546e-08	6.031426e-02	2.433558e-02
5.080074e+00	-7.932067e+00	1.202468e+05	1.169319e-08	6.144601e-02	2.288301e-02
5.088000e+00	-7.958410e+00	1.224616e+05	1.100500e-08	6.257775e-02	2.153625e-02
5.096074e+00	-7.985347e+00	1.247595e+05	1.034316e-08	6.375198e-02	2.024107e-02
5.104000e+00	-8.011894e+00	1.270574e+05	9.729851e-09	6.492620e-02	1.904085e-02
5.112074e+00	-8.039039e+00	1.294415e+05	9.140321e-09	6.614449e-02	1.788716e-02
5.120000e+00	-8.065790e+00	1.318257e+05	8.594289e-09	6.736278e-02	1.681861e-02
5.128074e+00	-8.093143e+00	1.342993e+05	8.069695e-09	6.862678e-02	1.579200e-02
5.136000e+00	-8.120099e+00	1.367729e+05	7.584054e-09	6.989079e-02	1.484162e-02
5.144074e+00	-8.147659e+00	1.393393e+05	7.117714e-09	7.120224e-02	1.392902e-02
5.152000e+00	-8.174819e+00	1.419058e+05	6.686218e-09	7.251368e-02	1.308460e-02
5.160074e+00	-8.202588e+00	1.445685e+05	6.272080e-09	7.387435e-02	1.227416e-02
5.168000e+00	-8.229953e+00	1.472313e+05	5.889079e-09	7.523501e-02	1.152464e-02
5.176074e+00	-8.257930e+00	1.499939e+05	5.521669e-09	7.664673e-02	1.080564e-02
5.184000e+00	-8.285498e+00	1.527566e+05	5.182053e-09	7.805846e-02	1.014103e-02
5.192074e+00	-8.313683e+00	1.556230e+05	4.856427e-09	7.952316e-02	9.503791e-03
5.200000e+00	-8.341456e+00	1.584893e+05	4.555584e-09	8.098787e-02	8.915057e-03
5.208074e+00	-8.369849e+00	1.614632e+05	4.267278e-09	8.250754e-02	8.350856e-03
5.216000e+00	-8.397826e+00	1.644372e+05	4.001050e-09	8.402722e-02	7.829860e-03
5.224074e+00	-8.426427e+00	1.675227e+05	3.746043e-09	8.560392e-02	7.330825e-03
5.232000e+00	-8.454608e+00	1.706082e+05	3.510682e-09	8.718062e-02	6.870235e-03
5.240074e+00	-8.483418e+00	1.738096e+05	3.285355e-09	8.881650e-02	6.429280e-03
5.248000e+00	-8.511803e+00	1.770109e+05	3.077491e-09	9.045237e-02	6.022500e-03
5.256074e+00	-8.540820e+00	1.803324e+05	2.878588e-09	9.214964e-02	5.633257e-03
5.264000e+00	-8.569410e+00	1.836538e+05	2.695192e-09	9.384691e-02	5.274360e-03
5.272074e+00	-8.598636e+00	1.871000e+05	2.519790e-09	9.560787e-02	4.931107e-03
5.280000e+00	-8.627430e+00	1.905461e+05	2.358144e-09	9.736883e-02	4.614774e-03
5.288074e+00	-8.656863e+00	1.941215e+05	2.203622e-09	9.919588e-02	4.312380e-03
5.296000e+00	-8.685861e+00	1.976970e+05	2.061288e-09	1.010229e-01	4.033841e-03
5.304074e+00	-8.715503e+00	2.014066e+05	1.925295e-09	1.029185e-01	3.767709e-03
5.312000e+00	-8.744705e+00	2.051162e+05	1.800092e-09	1.048142e-01	3.522693e-03
5.320074e+00	-8.774555e+00	2.089651e+05	1.680526e-09	1.067809e-01	3.288708e-03
5.328000e+00	-8.803962e+00	2.128139e+05	1.570502e-09	1.087477e-01	3.073395e-03
5.336074e+00	-8.834019e+00	2.168072e+05	1.465483e-09	1.107882e-01	2.867880e-03
5.344000e+00	-8.863630e+00	2.208005e+05	1.368894e-09	1.128288e-01	2.678859e-03
5.352074e+00	-8.893896e+00	2.249436e+05	1.276745e-09	1.149459e-01	2.498528e-03
5.360000e+00	-8.923711e+00	2.290868e+05	1.192035e-09	1.170631e-01	2.332754e-03
5.368074e+00	-8.954185e+00	2.333854e+05	1.111259e-09	1.192597e-01	2.174679e-03
5.376000e+00	-8.984204e+00	2.376840e+05	1.037040e-09	1.214563e-01	2.029437e-03
5.384074e+00	-9.014886e+00	2.421440e+05	9.663043e-10	1.237353e-01	1.891011e-03
5.392000e+00	-9.045110e+00	2.466039e+05	9.013430e-10	1.260143e-01	1.763884e-03
5.400074e+00	-9.076000e+00	2.512313e+05	8.394606e-10	1.283789e-01	1.642784e-03
5.408000e+00	-9.106428e+00	2.558586e+05	7.826584e-10	1.307435e-01	1.531624e-03
5.416074e+00	-9.137526e+00	2.606596e+05	7.285752e-10	1.331968e-01	1.425786e-03
5.424000e+00	-9.168158e+00	2.654606e+05	6.789567e-10	1.356501e-01	1.328685e-03
5.432074e+00	-9.199464e+00	2.704417e+05	6.317368e-10	1.381954e-01	1.236278e-03
5.440000e+00	-9.230300e+00	2.754229e+05	5.884364e-10	1.407408e-01	1.151541e-03
5.448074e+00	-9.261814e+00	2.805910e+05	5.472498e-10	1.433817e-01	1.070941e-03
5.456000e+00	-9.292855e+00	2.857591e+05	5.095007e-10	1.460226e-01	9.970680e-04
5.464074e+00	-9.324577e+00	2.911211e+05	4.736121e-10	1.487626e-01	9.268358e-04
5.472000e+00	-9.355822e+00	2.964831e+05	4.407351e-10	1.515026e-01	8.624972e-04
5.480074e+00	-9.387752e+00	3.020464e+05	4.094941e-10	1.543454e-01	8.013600e-04
5.488000e+00	-9.419202e+00	3.076097e+05	3.808888e-10	1.571882e-01	7.453809e-04
5.496074e+00	-9.451340e+00	3.133817e+05	3.537204e-10	1.601377e-01	6.922136e-04
5.504000e+00	-9.482994e+00	3.191538e+05	3.288565e-10	1.630872e-01	6.435562e-04
5.512074e+00	-9.515340e+00	3.251425e+05	3.052533e-10	1.661474e-01	5.973658e-04
5.520000e+00	-9.547198e+00	3.311311e+05	2.836628e-10	1.692076e-01	5.551144e-04
5.528074e+00	-9.579752e+00	3.373445e+05	2.631772e-10	1.723827e-01	5.150249e-04
5.536000e+00	-9.611814e+00	3.435579e+05	2.444478e-10	1.755577e-01	4.783724e-04
5.544074e+00	-9.644576e+00	3.500045e+05	2.266855e-10	1.788519e-01	4.436126e-04
5.552000e+00	-9.676843e+00	3.564511e+05	2.104541e-10	1.821461e-01	4.118484e-04
5.560074e+00	-9.709813e+00	3.631397e+05	1.950685e-10	1.855640e-01	3.817395e-04
5.568000e+00	-9.742284e+00	3.698282e+05	1.810158e-10	1.889818e-01	3.542390e-04
5.576074e+00	-9.775462e+00	3.767677e+05	1.677019e-10	1.925279e-01	3.281845e-04
5.584000e+00	-9.808137e+00	3.837072e+05	1.555475e-10	1.960740e-01	3.043989e-04
5.592074e+00	-9.841523e+00	3.909072e+05	1.440379e-10	1.997532e-01	2.818751e-04
5.600000e+00	-9.874403e+00	3.981072e+05	1.335357e-10	2.034323e-01	2.613229e-04
5.608074e+00	-9.907997e+00	4.055773e+05	1.235956e-10	2.072496e-01	2.418706e-04
5.616000e+00	-9.941080e+00	4.130475e+05	1.145301e-10	2.110668e-01	2.241298e-04
5.624074e+00	-9.974883e+00	4.207980e+05	1.059539e-10	2.150273e-01	2.073467e-04
5.632000e+00	-1.000817e+01	4.285485e+05	9.813622e-11	2.189878e-01	1.920478e-04
5.640074e+00	-1.004218e+01	4.365899e+05	9.074417e-11	2.230970e-01	1.775819e-04
5.648000e+00	-1.007567e+01	4.446313e+05	8.400919e-11	2.272061e-01	1.644019e-04
5.656074e+00	-1.010989e+01	4.529744e+05	7.764404e-11	2.314694e-01	1.519456e-04
5.664000e+00	-1.014359e+01	4.613176e+05	7.184754e-11	2.357328e-01	1.406021e-04
5.672074e+00	-1.017801e+01	4.699738e+05	6.637205e-11	2.401561e-01	1.298869e-04
5.680000e+00	-1.021192e+01	4.786301e+05	6.138818e-11	2.445795e-01	1.201337e-04
5.688074e+00	-1.024655e+01	4.876112e+05	5.668263e-11	2.491688e-01	1.109252e-04
5.696000e+00	-1.028065e+01	4.965923e+05	5.240169e-11	2.537581e-01	1.025475e-04
5.704074e+00	-1.031550e+01	5.059105e+05	4.836180e-11	2.585197e-01	9.464169e-05
5.712000e+00	-1.034981e+01	5.152286e+05	4.468826e-11	2.632813e-01	8.745275e-05
5.720074e+00	-1.038486e+01	5.248965e+05	4.122329e-11	2.682215e-01	8.067196e-05
5.728000e+00	-1.041937e+01	5.345644e+05	3.807407e-11	2.731618e-01	7.450911e-05
5.736074e+00	-1.045463e+01	5.445950e+05	3.510512e-11	2.782875e-01	6.869901e-05
5.744000e+00	-1.048935e+01	5.546257e+05	3.240805e-11	2.834131e-01	6.342098e-05
5.752074e+00	-1.052481e+01	5.650328e+05	2.986661e-11	2.887312e-01	5.844751e-05
5.760000e+00	-1.055974e+01	5.754399e+05	2.755905e-11	2.940492e-01	5.393171e-05
5.768074e+00	-1.059541e+01	5.862376e+05	2.538570e-11	2.995668e-01	4.967858e-05
5.776000e+00	-1.063054e+01	5.970353e+05	2.341333e-11	3.050844e-01	4.581874e-05
5.784074e+00	-1.066642e+01	6.082382e+05	2.155659e-11	3.108090e-01	4.218520e-05
5.792000e+00	-1.070175e+01	6.194411e+05	1.987238e-11	3.165337e-01	3.888927e-05
5.800074e+00	-1.073784e+01	6.310644e+05	1.828768e-11	3.224732e-01	3.578810e-05
5.808000e+00	-1.077338e+01	6.426877e+05	1.685094e-11	3.284127e-01	3.297647e-05
5.816074e+00	-1.080968e+01	6.547472e+05	1.549976e-11	3.345751e-01	3.033227e-05
5.824000e+00	-1.084541e+01	6.668068e+05	1.427533e-11	3.407375e-01	2.793612e-05
5.832074e+00	-1.088192e+01	6.793189e+05	1.312438e-11	3.471312e-01	2.568378e-05
5.840000e+00	-1.091786e+01	6.918310e+05	1.208192e-11	3.535249e-01	2.364372e-05
5.848074e+00	-1.095458e+01	7.048126e+05	1.110249e-11	3.601585e-01	2.172704e-05
5.856000e+00	-1.099073e+01	7.177943e+05	1.021582e-11	3.667921e-01	1.999186e-05
5.864074e+00	-1.102765e+01	7.312631e+05	9.383176e-12	3.736747e-01	1.836242e-05
5.872000e+00	-1.106400e+01	7.447320e+05	8.629751e-12	3.805572e-01	1.688800e-05
5.880074e+00	-1.110113e+01	7.587063e+05	7.922584e-12	3.876981e-01	1.550411e-05
5.888000e+00	-1.113769e+01	7.726806e+05	7.283012e-12	3.948389e-01	1.425250e-05
5.896074e+00	-1.117503e+01	7.871793e+05	6.683002e-12	4.022478e-01	1.307831e-05
5.904000e+00	-1.121179e+01	8.016781e+05	6.140610e-12	4.096566e-01	1.201687e-05
5.912074e+00	-1.124934e+01	8.167209e+05	5.632017e-12	4.173435e-01	1.102158e-05
5.920000e+00	-1.128630e+01	8.317638e+05	5.172490e-12	4.250304e-01	1.012231e-05
5.928074e+00	-1.132406e+01	8.473712e+05	4.741809e-12	4.330057e-01	9.279490e-06
5.936000e+00	-1.136122e+01	8.629785e+05	4.352868e-12	4.409811e-01	8.518350e-06
5.944074e+00	-1.139919e+01	8.791717e+05	3.988521e-12	4.492558e-01	7.805341e-06
5.952000e+00	-1.143656e+01	8.953648e+05	3.659645e-12	4.575304e-01	7.161748e-06
5.960074e+00	-1.147473e+01	9.121656e+05	3.351717e-12	4.661156e-01	6.559146e-06
5.968000e+00	-1.151231e+01	9.289664e+05	3.073903e-12	4.747008e-01	6.015479e-06
5.976074e+00	-1.155069e+01	9.463977e+05	2.813912e-12	4.836082e-01	5.506688e-06
5.984000e+00	-1.158847e+01	9.638290e+05	2.579462e-12	4.925156e-01	5.047881e-06
