#################################################################
# log(gamma)     log(N(gamma))   gamma     N(gamma)  TeV N(TeV) # 
#################################################################
0.000000e+00	-2.000000e+02	1.000000e+00	1.000000e-200	5.109989e-07	1.956951e-194
8.073679e-03	-2.000000e+02	1.018764e+00	1.000000e-200	5.205874e-07	1.956951e-194
1.600000e-02	-2.000000e+02	1.037528e+00	1.000000e-200	5.301759e-07	1.956951e-194
2.407368e-02	-2.000000e+02	1.056997e+00	1.000000e-200	5.401242e-07	1.956951e-194
3.200000e-02	-2.000000e+02	1.076465e+00	1.000000e-200	5.500726e-07	1.956951e-194
4.007368e-02	-2.000000e+02	1.096664e+00	1.000000e-200	5.603942e-07	1.956951e-194
4.800000e-02	-2.000000e+02	1.116863e+00	1.000000e-200	5.707159e-07	1.956951e-194
5.607368e-02	-2.000000e+02	1.137820e+00	1.000000e-200	5.814249e-07	1.956951e-194
6.400000e-02	-2.000000e+02	1.158777e+00	1.000000e-200	5.921340e-07	1.956951e-194
7.207368e-02	-2.000000e+02	1.180521e+00	1.000000e-200	6.032449e-07	1.956951e-194
8.000000e-02	-2.000000e+02	1.202264e+00	1.000000e-200	6.143558e-07	1.956951e-194
8.807368e-02	-2.000000e+02	1.224824e+00	1.000000e-200	6.258837e-07	1.956951e-194
9.600000e-02	-2.000000e+02	1.247384e+00	1.000000e-200	6.374116e-07	1.956951e-194
1.040737e-01	-2.000000e+02	1.270790e+00	1.000000e-200	6.493721e-07	1.956951e-194
1.120000e-01	-2.000000e+02	1.294196e+00	1.000000e-200	6.613327e-07	1.956951e-194
1.200737e-01	-2.000000e+02	1.318480e+00	1.000000e-200	6.737420e-07	1.956951e-194
1.280000e-01	-2.000000e+02	1.342765e+00	1.000000e-200	6.861514e-07	1.956951e-194
1.360737e-01	-2.000000e+02	1.367961e+00	1.000000e-200	6.990265e-07	1.956951e-194
1.440000e-01	-2.000000e+02	1.393157e+00	1.000000e-200	7.119016e-07	1.956951e-194
1.520737e-01	-2.000000e+02	1.419298e+00	1.000000e-200	7.252599e-07	1.956951e-194
1.600000e-01	-2.000000e+02	1.445440e+00	1.000000e-200	7.386181e-07	1.956951e-194
1.680737e-01	-2.000000e+02	1.472562e+00	1.000000e-200	7.524777e-07	1.956951e-194
1.760000e-01	-2.000000e+02	1.499685e+00	1.000000e-200	7.663373e-07	1.956951e-194
1.840737e-01	-2.000000e+02	1.527825e+00	1.000000e-200	7.807170e-07	1.956951e-194
1.920000e-01	-2.000000e+02	1.555966e+00	1.000000e-200	7.950967e-07	1.956951e-194
2.000737e-01	-2.000000e+02	1.585162e+00	1.000000e-200	8.100161e-07	1.956951e-194
2.080000e-01	-2.000000e+02	1.614359e+00	1.000000e-200	8.249355e-07	1.956951e-194
2.160737e-01	-2.000000e+02	1.644651e+00	1.000000e-200	8.404147e-07	1.956951e-194
2.240000e-01	-2.000000e+02	1.674943e+00	1.000000e-200	8.558940e-07	1.956951e-194
2.320737e-01	-2.000000e+02	1.706372e+00	1.000000e-200	8.719542e-07	1.956951e-194
2.400000e-01	-2.000000e+02	1.737801e+00	1.000000e-200	8.880143e-07	1.956951e-194
2.480737e-01	-2.000000e+02	1.770409e+00	1.000000e-200	9.046772e-07	1.956951e-194
2.560000e-01	-2.000000e+02	1.803018e+00	1.000000e-200	9.213401e-07	1.956951e-194
2.640737e-01	-2.000000e+02	1.836850e+00	1.000000e-200	9.386283e-07	1.956951e-194
2.720000e-01	-2.000000e+02	1.870682e+00	1.000000e-200	9.559165e-07	1.956951e-194
2.800737e-01	-2.000000e+02	1.905784e+00	1.000000e-200	9.738536e-07	1.956951e-194
2.880000e-01	-2.000000e+02	1.940886e+00	1.000000e-200	9.917906e-07	1.956951e-194
2.960737e-01	-2.000000e+02	1.977305e+00	1.000000e-200	1.010401e-06	1.956951e-194
3.040000e-01	-2.000000e+02	2.013724e+00	1.000000e-200	1.029011e-06	1.956951e-194
3.120737e-01	-2.000000e+02	2.051510e+00	1.000000e-200	1.048319e-06	1.956951e-194
3.200000e-01	-2.000000e+02	2.089296e+00	1.000000e-200	1.067628e-06	1.956951e-194
3.280737e-01	-2.000000e+02	2.128500e+00	1.000000e-200	1.087661e-06	1.956951e-194
3.360000e-01	-2.000000e+02	2.167704e+00	1.000000e-200	1.107694e-06	1.956951e-194
3.440737e-01	-2.000000e+02	2.208379e+00	1.000000e-200	1.128479e-06	1.956951e-194
3.520000e-01	-2.000000e+02	2.249055e+00	1.000000e-200	1.149264e-06	1.956951e-194
3.600737e-01	-2.000000e+02	2.291256e+00	1.000000e-200	1.170829e-06	1.956951e-194
3.680000e-01	-2.000000e+02	2.333458e+00	1.000000e-200	1.192395e-06	1.956951e-194
3.760737e-01	-2.000000e+02	2.377244e+00	1.000000e-200	1.214769e-06	1.956951e-194
3.840000e-01	-2.000000e+02	2.421029e+00	1.000000e-200	1.237143e-06	1.956951e-194
3.920737e-01	-2.000000e+02	2.466458e+00	1.000000e-200	1.260357e-06	1.956951e-194
4.000000e-01	-2.000000e+02	2.511886e+00	1.000000e-200	1.283571e-06	1.956951e-194
4.080737e-01	-2.000000e+02	2.559020e+00	1.000000e-200	1.307656e-06	1.956951e-194
4.160000e-01	-2.000000e+02	2.606154e+00	1.000000e-200	1.331742e-06	1.956951e-194
4.240737e-01	-2.000000e+02	2.655056e+00	1.000000e-200	1.356731e-06	1.956951e-194
4.320000e-01	-2.000000e+02	2.703958e+00	1.000000e-200	1.381720e-06	1.956951e-194
4.400737e-01	-2.000000e+02	2.754696e+00	1.000000e-200	1.407647e-06	1.956951e-194
4.480000e-01	-2.000000e+02	2.805434e+00	1.000000e-200	1.433574e-06	1.956951e-194
4.560737e-01	-2.000000e+02	2.858075e+00	1.000000e-200	1.460473e-06	1.956951e-194
4.640000e-01	-2.000000e+02	2.910717e+00	1.000000e-200	1.487373e-06	1.956951e-194
4.720737e-01	-2.000000e+02	2.965334e+00	1.000000e-200	1.515283e-06	1.956951e-194
4.800000e-01	-2.000000e+02	3.019952e+00	1.000000e-200	1.543192e-06	1.956951e-194
4.880737e-01	-2.000000e+02	3.076619e+00	1.000000e-200	1.572149e-06	1.956951e-194
4.960000e-01	-2.000000e+02	3.133286e+00	1.000000e-200	1.601106e-06	1.956951e-194
5.040737e-01	-2.000000e+02	3.192079e+00	1.000000e-200	1.631149e-06	1.956951e-194
5.120000e-01	-2.000000e+02	3.250873e+00	1.000000e-200	1.661193e-06	1.956951e-194
5.200737e-01	-2.000000e+02	3.311873e+00	1.000000e-200	1.692364e-06	1.956951e-194
5.280000e-01	-2.000000e+02	3.372873e+00	1.000000e-200	1.723534e-06	1.956951e-194
5.360737e-01	-2.000000e+02	3.436162e+00	1.000000e-200	1.755875e-06	1.956951e-194
5.440000e-01	-2.000000e+02	3.499452e+00	1.000000e-200	1.788216e-06	1.956951e-194
5.520737e-01	-2.000000e+02	3.565116e+00	1.000000e-200	1.821770e-06	1.956951e-194
5.600000e-01	-2.000000e+02	3.630781e+00	1.000000e-200	1.855325e-06	1.956951e-194
5.680737e-01	-2.000000e+02	3.698909e+00	1.000000e-200	1.890139e-06	1.956951e-194
5.760000e-01	-2.000000e+02	3.767038e+00	1.000000e-200	1.924952e-06	1.956951e-194
5.840737e-01	-2.000000e+02	3.837723e+00	1.000000e-200	1.961073e-06	1.956951e-194
5.920000e-01	-2.000000e+02	3.908409e+00	1.000000e-200	1.997193e-06	1.956951e-194
6.000737e-01	-2.000000e+02	3.981747e+00	1.000000e-200	2.034668e-06	1.956951e-194
6.080000e-01	-2.000000e+02	4.055085e+00	1.000000e-200	2.072144e-06	1.956951e-194
6.160737e-01	-2.000000e+02	4.131176e+00	1.000000e-200	2.111026e-06	1.956951e-194
6.240000e-01	-2.000000e+02	4.207266e+00	1.000000e-200	2.149908e-06	1.956951e-194
6.320737e-01	-2.000000e+02	4.286212e+00	1.000000e-200	2.190250e-06	1.956951e-194
6.400000e-01	-2.000000e+02	4.365158e+00	1.000000e-200	2.230591e-06	1.956951e-194
6.480737e-01	-2.000000e+02	4.447067e+00	1.000000e-200	2.272446e-06	1.956951e-194
6.560000e-01	-2.000000e+02	4.528976e+00	1.000000e-200	2.314302e-06	1.956951e-194
6.640737e-01	-2.000000e+02	4.613958e+00	1.000000e-200	2.357728e-06	1.956951e-194
6.720000e-01	-2.000000e+02	4.698941e+00	1.000000e-200	2.401154e-06	1.956951e-194
6.800737e-01	-2.000000e+02	4.787113e+00	1.000000e-200	2.446210e-06	1.956951e-194
6.880000e-01	-2.000000e+02	4.875285e+00	1.000000e-200	2.491265e-06	1.956951e-194
6.960737e-01	-2.000000e+02	4.966766e+00	1.000000e-200	2.538012e-06	1.956951e-194
7.040000e-01	-2.000000e+02	5.058247e+00	1.000000e-200	2.584759e-06	1.956951e-194
7.120737e-01	-2.000000e+02	5.153161e+00	1.000000e-200	2.633259e-06	1.956951e-194
7.200000e-01	-2.000000e+02	5.248075e+00	1.000000e-200	2.681760e-06	1.956951e-194
7.280737e-01	-2.000000e+02	5.346551e+00	1.000000e-200	2.732082e-06	1.956951e-194
7.360000e-01	-2.000000e+02	5.445027e+00	1.000000e-200	2.782403e-06	1.956951e-194
7.440737e-01	-2.000000e+02	5.547198e+00	1.000000e-200	2.834612e-06	1.956951e-194
7.520000e-01	-2.000000e+02	5.649370e+00	1.000000e-200	2.886822e-06	1.956951e-194
7.600737e-01	-2.000000e+02	5.755376e+00	1.000000e-200	2.940991e-06	1.956951e-194
7.680000e-01	-2.000000e+02	5.861382e+00	1.000000e-200	2.995160e-06	1.956951e-194
7.760737e-01	-2.000000e+02	5.971366e+00	1.000000e-200	3.051361e-06	1.956951e-194
7.840000e-01	-2.000000e+02	6.081350e+00	1.000000e-200	3.107563e-06	1.956951e-194
7.920737e-01	-2.000000e+02	6.195462e+00	1.000000e-200	3.165874e-06	1.956951e-194
8.000000e-01	-2.000000e+02	6.309573e+00	1.000000e-200	3.224185e-06	1.956951e-194
8.080737e-01	-2.000000e+02	6.427968e+00	1.000000e-200	3.284684e-06	1.956951e-194
8.160000e-01	-2.000000e+02	6.546362e+00	1.000000e-200	3.345184e-06	1.956951e-194
8.240737e-01	-2.000000e+02	6.669199e+00	1.000000e-200	3.407953e-06	1.956951e-194
8.320000e-01	-2.000000e+02	6.792036e+00	1.000000e-200	3.470723e-06	1.956951e-194
8.400737e-01	-2.000000e+02	6.919484e+00	1.000000e-200	3.535849e-06	1.956951e-194
8.480000e-01	-2.000000e+02	7.046931e+00	1.000000e-200	3.600974e-06	1.956951e-194
8.560737e-01	-2.000000e+02	7.179161e+00	1.000000e-200	3.668543e-06	1.956951e-194
8.640000e-01	-2.000000e+02	7.311391e+00	1.000000e-200	3.736113e-06	1.956951e-194
8.720737e-01	-2.000000e+02	7.448583e+00	1.000000e-200	3.806218e-06	1.956951e-194
8.800000e-01	-2.000000e+02	7.585776e+00	1.000000e-200	3.876323e-06	1.956951e-194
8.880737e-01	-2.000000e+02	7.728117e+00	1.000000e-200	3.949059e-06	1.956951e-194
8.960000e-01	-2.000000e+02	7.870458e+00	1.000000e-200	4.021795e-06	1.956951e-194
9.040737e-01	-2.000000e+02	8.018141e+00	1.000000e-200	4.097261e-06	1.956951e-194
9.120000e-01	-2.000000e+02	8.165824e+00	1.000000e-200	4.172727e-06	1.956951e-194
9.200737e-01	-2.000000e+02	8.319049e+00	1.000000e-200	4.251025e-06	1.956951e-194
9.280000e-01	-2.000000e+02	8.472274e+00	1.000000e-200	4.329323e-06	1.956951e-194
9.360737e-01	-2.000000e+02	8.631250e+00	1.000000e-200	4.410559e-06	1.956951e-194
9.440000e-01	-2.000000e+02	8.790225e+00	1.000000e-200	4.491795e-06	1.956951e-194
9.520737e-01	-2.000000e+02	8.955167e+00	1.000000e-200	4.576080e-06	1.956951e-194
9.600000e-01	-2.000000e+02	9.120108e+00	1.000000e-200	4.660365e-06	1.956951e-194
9.680737e-01	-2.000000e+02	9.291240e+00	1.000000e-200	4.747814e-06	1.956951e-194
9.760000e-01	-2.000000e+02	9.462372e+00	1.000000e-200	4.835262e-06	1.956951e-194
9.840737e-01	-2.000000e+02	9.639926e+00	1.000000e-200	4.925991e-06	1.956951e-194
9.920000e-01	-2.000000e+02	9.817479e+00	1.000000e-200	5.016721e-06	1.956951e-194
1.000074e+00	-2.000000e+02	1.000170e+01	1.000000e-200	5.110856e-06	1.956951e-194
1.008000e+00	-2.000000e+02	1.018591e+01	1.000000e-200	5.204991e-06	1.956951e-194
1.016074e+00	-2.000000e+02	1.037704e+01	1.000000e-200	5.302658e-06	1.956951e-194
1.024000e+00	-2.000000e+02	1.056818e+01	1.000000e-200	5.400326e-06	1.956951e-194
1.032074e+00	-2.000000e+02	1.076648e+01	1.000000e-200	5.501659e-06	1.956951e-194
1.040000e+00	-2.000000e+02	1.096478e+01	1.000000e-200	5.602992e-06	1.956951e-194
1.048074e+00	-2.000000e+02	1.117053e+01	1.000000e-200	5.708127e-06	1.956951e-194
1.056000e+00	-2.000000e+02	1.137627e+01	1.000000e-200	5.813263e-06	1.956951e-194
1.064074e+00	-2.000000e+02	1.158974e+01	1.000000e-200	5.922344e-06	1.956951e-194
1.072000e+00	-2.000000e+02	1.180321e+01	1.000000e-200	6.031426e-06	1.956951e-194
1.080074e+00	-2.000000e+02	1.202468e+01	1.000000e-200	6.144601e-06	1.956951e-194
1.088000e+00	-2.000000e+02	1.224616e+01	1.000000e-200	6.257775e-06	1.956951e-194
1.096074e+00	-2.000000e+02	1.247595e+01	1.000000e-200	6.375198e-06	1.956951e-194
1.104000e+00	-2.000000e+02	1.270574e+01	1.000000e-200	6.492620e-06	1.956951e-194
1.112074e+00	-2.000000e+02	1.294415e+01	1.000000e-200	6.614449e-06	1.956951e-194
1.120000e+00	-2.000000e+02	1.318257e+01	1.000000e-200	6.736278e-06	1.956951e-194
1.128074e+00	-2.000000e+02	1.342993e+01	1.000000e-200	6.862678e-06	1.956951e-194
1.136000e+00	-2.000000e+02	1.367729e+01	1.000000e-200	6.989079e-06	1.956951e-194
1.144074e+00	-2.000000e+02	1.393393e+01	1.000000e-200	7.120224e-06	1.956951e-194
1.152000e+00	-2.000000e+02	1.419058e+01	1.000000e-200	7.251368e-06	1.956951e-194
1.160074e+00	-2.000000e+02	1.445685e+01	1.000000e-200	7.387435e-06	1.956951e-194
1.168000e+00	-2.000000e+02	1.472313e+01	1.000000e-200	7.523501e-06	1.956951e-194
1.176074e+00	-2.000000e+02	1.499939e+01	1.000000e-200	7.664673e-06	1.956951e-194
1.184000e+00	-2.000000e+02	1.527566e+01	1.000000e-200	7.805846e-06	1.956951e-194
1.192074e+00	-2.000000e+02	1.556230e+01	1.000000e-200	7.952316e-06	1.956951e-194
1.200000e+00	-2.000000e+02	1.584893e+01	1.000000e-200	8.098787e-06	1.956951e-194
1.208074e+00	-2.000000e+02	1.614632e+01	1.000000e-200	8.250754e-06	1.956951e-194
1.216000e+00	-2.000000e+02	1.644372e+01	1.000000e-200	8.402722e-06	1.956951e-194
1.224074e+00	-2.000000e+02	1.675227e+01	1.000000e-200	8.560392e-06	1.956951e-194
1.232000e+00	-2.000000e+02	1.706082e+01	1.000000e-200	8.718062e-06	1.956951e-194
1.240074e+00	-2.000000e+02	1.738096e+01	1.000000e-200	8.881650e-06	1.956951e-194
1.248000e+00	-2.000000e+02	1.770109e+01	1.000000e-200	9.045237e-06	1.956951e-194
1.256074e+00	-2.000000e+02	1.803324e+01	1.000000e-200	9.214964e-06	1.956951e-194
1.264000e+00	-2.000000e+02	1.836538e+01	1.000000e-200	9.384691e-06	1.956951e-194
1.272074e+00	-2.000000e+02	1.871000e+01	1.000000e-200	9.560787e-06	1.956951e-194
1.280000e+00	-2.000000e+02	1.905461e+01	1.000000e-200	9.736883e-06	1.956951e-194
1.288074e+00	-2.000000e+02	1.941215e+01	1.000000e-200	9.919588e-06	1.956951e-194
1.296000e+00	-2.000000e+02	1.976970e+01	1.000000e-200	1.010229e-05	1.956951e-194
1.304074e+00	-2.000000e+02	2.014066e+01	1.000000e-200	1.029185e-05	1.956951e-194
1.312000e+00	-2.000000e+02	2.051162e+01	1.000000e-200	1.048142e-05	1.956951e-194
1.320074e+00	-2.000000e+02	2.089651e+01	1.000000e-200	1.067809e-05	1.956951e-194
1.328000e+00	-2.000000e+02	2.128139e+01	1.000000e-200	1.087477e-05	1.956951e-194
1.336074e+00	-2.000000e+02	2.168072e+01	1.000000e-200	1.107882e-05	1.956951e-194
1.344000e+00	-2.000000e+02	2.208005e+01	1.000000e-200	1.128288e-05	1.956951e-194
1.352074e+00	-2.000000e+02	2.249436e+01	1.000000e-200	1.149459e-05	1.956951e-194
1.360000e+00	-2.000000e+02	2.290868e+01	1.000000e-200	1.170631e-05	1.956951e-194
1.368074e+00	-2.000000e+02	2.333854e+01	1.000000e-200	1.192597e-05	1.956951e-194
1.376000e+00	-2.000000e+02	2.376840e+01	1.000000e-200	1.214563e-05	1.956951e-194
1.384074e+00	-2.000000e+02	2.421440e+01	1.000000e-200	1.237353e-05	1.956951e-194
1.392000e+00	-2.000000e+02	2.466039e+01	1.000000e-200	1.260143e-05	1.956951e-194
1.400074e+00	-2.000000e+02	2.512313e+01	1.000000e-200	1.283789e-05	1.956951e-194
1.408000e+00	-2.000000e+02	2.558586e+01	1.000000e-200	1.307435e-05	1.956951e-194
1.416074e+00	-2.000000e+02	2.606596e+01	1.000000e-200	1.331968e-05	1.956951e-194
1.424000e+00	-2.000000e+02	2.654606e+01	1.000000e-200	1.356501e-05	1.956951e-194
1.432074e+00	-2.000000e+02	2.704417e+01	1.000000e-200	1.381954e-05	1.956951e-194
1.440000e+00	-2.000000e+02	2.754229e+01	1.000000e-200	1.407408e-05	1.956951e-194
1.448074e+00	-2.000000e+02	2.805910e+01	1.000000e-200	1.433817e-05	1.956951e-194
1.456000e+00	-2.000000e+02	2.857591e+01	1.000000e-200	1.460226e-05	1.956951e-194
1.464074e+00	-2.000000e+02	2.911211e+01	1.000000e-200	1.487626e-05	1.956951e-194
1.472000e+00	-2.000000e+02	2.964831e+01	1.000000e-200	1.515026e-05	1.956951e-194
1.480074e+00	-2.000000e+02	3.020464e+01	1.000000e-200	1.543454e-05	1.956951e-194
1.488000e+00	-2.000000e+02	3.076097e+01	1.000000e-200	1.571882e-05	1.956951e-194
1.496074e+00	-2.000000e+02	3.133817e+01	1.000000e-200	1.601377e-05	1.956951e-194
1.504000e+00	-2.000000e+02	3.191538e+01	1.000000e-200	1.630872e-05	1.956951e-194
1.512074e+00	-2.000000e+02	3.251425e+01	1.000000e-200	1.661474e-05	1.956951e-194
1.520000e+00	-2.000000e+02	3.311311e+01	1.000000e-200	1.692076e-05	1.956951e-194
1.528074e+00	-2.000000e+02	3.373445e+01	1.000000e-200	1.723827e-05	1.956951e-194
1.536000e+00	-2.000000e+02	3.435579e+01	1.000000e-200	1.755577e-05	1.956951e-194
1.544074e+00	-2.000000e+02	3.500045e+01	1.000000e-200	1.788519e-05	1.956951e-194
1.552000e+00	-2.000000e+02	3.564511e+01	1.000000e-200	1.821461e-05	1.956951e-194
1.560074e+00	-2.000000e+02	3.631397e+01	1.000000e-200	1.855640e-05	1.956951e-194
1.568000e+00	-2.000000e+02	3.698282e+01	1.000000e-200	1.889818e-05	1.956951e-194
1.576074e+00	-2.000000e+02	3.767677e+01	1.000000e-200	1.925279e-05	1.956951e-194
1.584000e+00	-2.000000e+02	3.837072e+01	1.000000e-200	1.960740e-05	1.956951e-194
1.592074e+00	-2.000000e+02	3.909072e+01	1.000000e-200	1.997532e-05	1.956951e-194
1.600000e+00	-2.000000e+02	3.981072e+01	1.000000e-200	2.034323e-05	1.956951e-194
1.608074e+00	-2.000000e+02	4.055773e+01	1.000000e-200	2.072496e-05	1.956951e-194
1.616000e+00	-2.000000e+02	4.130475e+01	1.000000e-200	2.110668e-05	1.956951e-194
1.624074e+00	-2.000000e+02	4.207980e+01	1.000000e-200	2.150273e-05	1.956951e-194
1.632000e+00	-2.000000e+02	4.285485e+01	1.000000e-200	2.189878e-05	1.956951e-194
1.640074e+00	-2.000000e+02	4.365899e+01	1.000000e-200	2.230970e-05	1.956951e-194
1.648000e+00	-2.000000e+02	4.446313e+01	1.000000e-200	2.272061e-05	1.956951e-194
1.656074e+00	-2.000000e+02	4.529744e+01	1.000000e-200	2.314694e-05	1.956951e-194
1.664000e+00	-2.000000e+02	4.613176e+01	1.000000e-200	2.357328e-05	1.956951e-194
1.672074e+00	-2.000000e+02	4.699738e+01	1.000000e-200	2.401561e-05	1.956951e-194
1.680000e+00	-2.000000e+02	4.786301e+01	1.000000e-200	2.445795e-05	1.956951e-194
1.688074e+00	-2.000000e+02	4.876112e+01	1.000000e-200	2.491688e-05	1.956951e-194
1.696000e+00	-2.000000e+02	4.965923e+01	1.000000e-200	2.537581e-05	1.956951e-194
1.704074e+00	-2.000000e+02	5.059105e+01	1.000000e-200	2.585197e-05	1.956951e-194
1.712000e+00	-2.000000e+02	5.152286e+01	1.000000e-200	2.632813e-05	1.956951e-194
1.720074e+00	-2.000000e+02	5.248965e+01	1.000000e-200	2.682215e-05	1.956951e-194
1.728000e+00	-2.000000e+02	5.345644e+01	1.000000e-200	2.731618e-05	1.956951e-194
1.736074e+00	-2.000000e+02	5.445950e+01	1.000000e-200	2.782875e-05	1.956951e-194
1.744000e+00	-2.000000e+02	5.546257e+01	1.000000e-200	2.834131e-05	1.956951e-194
1.752074e+00	-2.000000e+02	5.650328e+01	1.000000e-200	2.887312e-05	1.956951e-194
1.760000e+00	-2.000000e+02	5.754399e+01	1.000000e-200	2.940492e-05	1.956951e-194
1.768074e+00	-2.000000e+02	5.862376e+01	1.000000e-200	2.995668e-05	1.956951e-194
1.776000e+00	-2.000000e+02	5.970353e+01	1.000000e-200	3.050844e-05	1.956951e-194
1.784074e+00	-2.000000e+02	6.082382e+01	1.000000e-200	3.108090e-05	1.956951e-194
1.792000e+00	-2.000000e+02	6.194411e+01	1.000000e-200	3.165337e-05	1.956951e-194
1.800074e+00	-2.000000e+02	6.310644e+01	1.000000e-200	3.224732e-05	1.956951e-194
1.808000e+00	-2.000000e+02	6.426877e+01	1.000000e-200	3.284127e-05	1.956951e-194
1.816074e+00	-2.000000e+02	6.547472e+01	1.000000e-200	3.345751e-05	1.956951e-194
1.824000e+00	-2.000000e+02	6.668068e+01	1.000000e-200	3.407375e-05	1.956951e-194
1.832074e+00	-2.000000e+02	6.793189e+01	1.000000e-200	3.471312e-05	1.956951e-194
1.840000e+00	-2.000000e+02	6.918310e+01	1.000000e-200	3.535249e-05	1.956951e-194
1.848074e+00	-2.000000e+02	7.048126e+01	1.000000e-200	3.601585e-05	1.956951e-194
1.856000e+00	-2.000000e+02	7.177943e+01	1.000000e-200	3.667921e-05	1.956951e-194
1.864074e+00	-2.000000e+02	7.312631e+01	1.000000e-200	3.736747e-05	1.956951e-194
1.872000e+00	-2.000000e+02	7.447320e+01	1.000000e-200	3.805572e-05	1.956951e-194
1.880074e+00	-2.000000e+02	7.587063e+01	1.000000e-200	3.876981e-05	1.956951e-194
1.888000e+00	-2.000000e+02	7.726806e+01	1.000000e-200	3.948389e-05	1.956951e-194
1.896074e+00	-2.000000e+02	7.871793e+01	1.000000e-200	4.022478e-05	1.956951e-194
1.904000e+00	-2.000000e+02	8.016781e+01	1.000000e-200	4.096566e-05	1.956951e-194
1.912074e+00	-2.000000e+02	8.167209e+01	1.000000e-200	4.173435e-05	1.956951e-194
1.920000e+00	-2.000000e+02	8.317638e+01	1.000000e-200	4.250304e-05	1.956951e-194
1.928074e+00	-2.000000e+02	8.473712e+01	1.000000e-200	4.330057e-05	1.956951e-194
1.936000e+00	-2.000000e+02	8.629785e+01	1.000000e-200	4.409811e-05	1.956951e-194
1.944074e+00	-2.000000e+02	8.791717e+01	1.000000e-200	4.492558e-05	1.956951e-194
1.952000e+00	-2.000000e+02	8.953648e+01	1.000000e-200	4.575304e-05	1.956951e-194
1.960074e+00	-2.000000e+02	9.121656e+01	1.000000e-200	4.661156e-05	1.956951e-194
1.968000e+00	-2.000000e+02	9.289664e+01	1.000000e-200	4.747008e-05	1.956951e-194
1.976074e+00	-2.000000e+02	9.463977e+01	1.000000e-200	4.836082e-05	1.956951e-194
1.984000e+00	-2.000000e+02	9.638290e+01	1.000000e-200	4.925156e-05	1.956951e-194
1.992074e+00	-2.000000e+02	9.819145e+01	1.000000e-200	5.017572e-05	1.956951e-194
2.000000e+00	-2.000000e+02	1.000000e+02	1.000000e-200	5.109989e-05	1.956951e-194
2.008074e+00	-2.000000e+02	1.018764e+02	1.000000e-200	5.205874e-05	1.956951e-194
2.016000e+00	-2.000000e+02	1.037528e+02	1.000000e-200	5.301759e-05	1.956951e-194
2.024074e+00	-2.000000e+02	1.056997e+02	1.000000e-200	5.401242e-05	1.956951e-194
2.032000e+00	-2.000000e+02	1.076465e+02	1.000000e-200	5.500726e-05	1.956951e-194
2.040074e+00	-2.000000e+02	1.096664e+02	1.000000e-200	5.603942e-05	1.956951e-194
2.048000e+00	-2.000000e+02	1.116863e+02	1.000000e-200	5.707159e-05	1.956951e-194
2.056074e+00	-2.000000e+02	1.137820e+02	1.000000e-200	5.814249e-05	1.956951e-194
2.064000e+00	-2.000000e+02	1.158777e+02	1.000000e-200	5.921340e-05	1.956951e-194
2.072074e+00	-2.000000e+02	1.180521e+02	1.000000e-200	6.032449e-05	1.956951e-194
2.080000e+00	-2.000000e+02	1.202264e+02	1.000000e-200	6.143558e-05	1.956951e-194
2.088074e+00	-2.000000e+02	1.224824e+02	1.000000e-200	6.258837e-05	1.956951e-194
2.096000e+00	-2.000000e+02	1.247384e+02	1.000000e-200	6.374116e-05	1.956951e-194
2.104074e+00	-2.000000e+02	1.270790e+02	1.000000e-200	6.493721e-05	1.956951e-194
2.112000e+00	-2.000000e+02	1.294196e+02	1.000000e-200	6.613327e-05	1.956951e-194
2.120074e+00	-2.000000e+02	1.318480e+02	1.000000e-200	6.737420e-05	1.956951e-194
2.128000e+00	-2.000000e+02	1.342765e+02	1.000000e-200	6.861514e-05	1.956951e-194
2.136074e+00	-2.000000e+02	1.367961e+02	1.000000e-200	6.990265e-05	1.956951e-194
2.144000e+00	-2.000000e+02	1.393157e+02	1.000000e-200	7.119016e-05	1.956951e-194
2.152074e+00	-2.000000e+02	1.419298e+02	1.000000e-200	7.252599e-05	1.956951e-194
2.160000e+00	-2.000000e+02	1.445440e+02	1.000000e-200	7.386181e-05	1.956951e-194
2.168074e+00	-2.000000e+02	1.472562e+02	1.000000e-200	7.524777e-05	1.956951e-194
2.176000e+00	-2.000000e+02	1.499685e+02	1.000000e-200	7.663373e-05	1.956951e-194
2.184074e+00	-2.000000e+02	1.527825e+02	1.000000e-200	7.807170e-05	1.956951e-194
2.192000e+00	-2.000000e+02	1.555966e+02	1.000000e-200	7.950967e-05	1.956951e-194
2.200074e+00	-2.000000e+02	1.585162e+02	1.000000e-200	8.100161e-05	1.956951e-194
2.208000e+00	-2.000000e+02	1.614359e+02	1.000000e-200	8.249355e-05	1.956951e-194
2.216074e+00	-2.000000e+02	1.644651e+02	1.000000e-200	8.404147e-05	1.956951e-194
2.224000e+00	-2.000000e+02	1.674943e+02	1.000000e-200	8.558940e-05	1.956951e-194
2.232074e+00	-2.000000e+02	1.706372e+02	1.000000e-200	8.719542e-05	1.956951e-194
2.240000e+00	-2.000000e+02	1.737801e+02	1.000000e-200	8.880143e-05	1.956951e-194
2.248074e+00	-2.000000e+02	1.770409e+02	1.000000e-200	9.046772e-05	1.956951e-194
2.256000e+00	-2.000000e+02	1.803018e+02	1.000000e-200	9.213401e-05	1.956951e-194
2.264074e+00	-2.000000e+02	1.836850e+02	1.000000e-200	9.386283e-05	1.956951e-194
2.272000e+00	-2.000000e+02	1.870682e+02	1.000000e-200	9.559165e-05	1.956951e-194
2.280074e+00	-2.000000e+02	1.905784e+02	1.000000e-200	9.738536e-05	1.956951e-194
2.288000e+00	-2.000000e+02	1.940886e+02	1.000000e-200	9.917906e-05	1.956951e-194
2.296074e+00	-2.000000e+02	1.977305e+02	1.000000e-200	1.010401e-04	1.956951e-194
2.304000e+00	-2.000000e+02	2.013724e+02	1.000000e-200	1.029011e-04	1.956951e-194
2.312074e+00	-2.000000e+02	2.051510e+02	1.000000e-200	1.048319e-04	1.956951e-194
2.320000e+00	-2.000000e+02	2.089296e+02	1.000000e-200	1.067628e-04	1.956951e-194
2.328074e+00	-2.000000e+02	2.128500e+02	1.000000e-200	1.087661e-04	1.956951e-194
2.336000e+00	-2.000000e+02	2.167704e+02	1.000000e-200	1.107694e-04	1.956951e-194
2.344074e+00	-2.000000e+02	2.208379e+02	1.000000e-200	1.128479e-04	1.956951e-194
2.352000e+00	-2.000000e+02	2.249055e+02	1.000000e-200	1.149264e-04	1.956951e-194
2.360074e+00	-2.000000e+02	2.291256e+02	1.000000e-200	1.170829e-04	1.956951e-194
2.368000e+00	-2.000000e+02	2.333458e+02	1.000000e-200	1.192395e-04	1.956951e-194
2.376074e+00	-2.000000e+02	2.377244e+02	1.000000e-200	1.214769e-04	1.956951e-194
2.384000e+00	-2.000000e+02	2.421029e+02	1.000000e-200	1.237143e-04	1.956951e-194
2.392074e+00	-2.000000e+02	2.466458e+02	1.000000e-200	1.260357e-04	1.956951e-194
2.400000e+00	-2.000000e+02	2.511886e+02	1.000000e-200	1.283571e-04	1.956951e-194
2.408074e+00	-2.000000e+02	2.559020e+02	1.000000e-200	1.307656e-04	1.956951e-194
2.416000e+00	-2.000000e+02	2.606154e+02	1.000000e-200	1.331742e-04	1.956951e-194
2.424074e+00	-2.000000e+02	2.655056e+02	1.000000e-200	1.356731e-04	1.956951e-194
2.432000e+00	-2.000000e+02	2.703958e+02	1.000000e-200	1.381720e-04	1.956951e-194
2.440074e+00	-2.000000e+02	2.754696e+02	1.000000e-200	1.407647e-04	1.956951e-194
2.448000e+00	-2.000000e+02	2.805434e+02	1.000000e-200	1.433574e-04	1.956951e-194
2.456074e+00	-2.000000e+02	2.858075e+02	1.000000e-200	1.460473e-04	1.956951e-194
2.464000e+00	-2.000000e+02	2.910717e+02	1.000000e-200	1.487373e-04	1.956951e-194
2.472074e+00	-2.000000e+02	2.965334e+02	1.000000e-200	1.515283e-04	1.956951e-194
2.480000e+00	-2.000000e+02	3.019952e+02	1.000000e-200	1.543192e-04	1.956951e-194
2.488074e+00	-2.000000e+02	3.076619e+02	1.000000e-200	1.572149e-04	1.956951e-194
2.496000e+00	-2.000000e+02	3.133286e+02	1.000000e-200	1.601106e-04	1.956951e-194
2.504074e+00	-2.000000e+02	3.192079e+02	1.000000e-200	1.631149e-04	1.956951e-194
2.512000e+00	-2.000000e+02	3.250873e+02	1.000000e-200	1.661193e-04	1.956951e-194
2.520074e+00	-2.000000e+02	3.311873e+02	1.000000e-200	1.692364e-04	1.956951e-194
2.528000e+00	-2.000000e+02	3.372873e+02	1.000000e-200	1.723534e-04	1.956951e-194
2.536074e+00	-2.000000e+02	3.436162e+02	1.000000e-200	1.755875e-04	1.956951e-194
2.544000e+00	-2.000000e+02	3.499452e+02	1.000000e-200	1.788216e-04	1.956951e-194
2.552074e+00	-2.000000e+02	3.565116e+02	1.000000e-200	1.821770e-04	1.956951e-194
2.560000e+00	-2.000000e+02	3.630781e+02	1.000000e-200	1.855325e-04	1.956951e-194
2.568074e+00	-2.000000e+02	3.698909e+02	1.000000e-200	1.890139e-04	1.956951e-194
2.576000e+00	-2.000000e+02	3.767038e+02	1.000000e-200	1.924952e-04	1.956951e-194
2.584074e+00	-2.000000e+02	3.837723e+02	1.000000e-200	1.961073e-04	1.956951e-194
2.592000e+00	-2.000000e+02	3.908409e+02	1.000000e-200	1.997193e-04	1.956951e-194
2.600074e+00	-2.000000e+02	3.981747e+02	1.000000e-200	2.034668e-04	1.956951e-194
2.608000e+00	-2.000000e+02	4.055085e+02	1.000000e-200	2.072144e-04	1.956951e-194
2.616074e+00	-2.000000e+02	4.131176e+02	1.000000e-200	2.111026e-04	1.956951e-194
2.624000e+00	-2.000000e+02	4.207266e+02	1.000000e-200	2.149908e-04	1.956951e-194
2.632074e+00	-2.000000e+02	4.286212e+02	1.000000e-200	2.190250e-04	1.956951e-194
2.640000e+00	-2.000000e+02	4.365158e+02	1.000000e-200	2.230591e-04	1.956951e-194
2.648074e+00	-2.000000e+02	4.447067e+02	1.000000e-200	2.272446e-04	1.956951e-194
2.656000e+00	-2.000000e+02	4.528976e+02	1.000000e-200	2.314302e-04	1.956951e-194
2.664074e+00	-2.000000e+02	4.613958e+02	1.000000e-200	2.357728e-04	1.956951e-194
2.672000e+00	-2.000000e+02	4.698941e+02	1.000000e-200	2.401154e-04	1.956951e-194
2.680074e+00	-2.000000e+02	4.787113e+02	1.000000e-200	2.446210e-04	1.956951e-194
2.688000e+00	-2.000000e+02	4.875285e+02	1.000000e-200	2.491265e-04	1.956951e-194
2.696074e+00	-2.000000e+02	4.966766e+02	1.000000e-200	2.538012e-04	1.956951e-194
2.704000e+00	-2.000000e+02	5.058247e+02	1.000000e-200	2.584759e-04	1.956951e-194
2.712074e+00	-2.000000e+02	5.153161e+02	1.000000e-200	2.633259e-04	1.956951e-194
2.720000e+00	-2.000000e+02	5.248075e+02	1.000000e-200	2.681760e-04	1.956951e-194
2.728074e+00	-2.000000e+02	5.346551e+02	1.000000e-200	2.732082e-04	1.956951e-194
2.736000e+00	-2.000000e+02	5.445027e+02	1.000000e-200	2.782403e-04	1.956951e-194
2.744074e+00	-2.000000e+02	5.547198e+02	1.000000e-200	2.834612e-04	1.956951e-194
2.752000e+00	-2.000000e+02	5.649370e+02	1.000000e-200	2.886822e-04	1.956951e-194
2.760074e+00	-2.000000e+02	5.755376e+02	1.000000e-200	2.940991e-04	1.956951e-194
2.768000e+00	-2.000000e+02	5.861382e+02	1.000000e-200	2.995160e-04	1.956951e-194
2.776074e+00	-2.000000e+02	5.971366e+02	1.000000e-200	3.051361e-04	1.956951e-194
2.784000e+00	-2.000000e+02	6.081350e+02	1.000000e-200	3.107563e-04	1.956951e-194
2.792074e+00	-2.000000e+02	6.195462e+02	1.000000e-200	3.165874e-04	1.956951e-194
2.800000e+00	-2.000000e+02	6.309573e+02	1.000000e-200	3.224185e-04	1.956951e-194
2.808074e+00	-2.000000e+02	6.427968e+02	1.000000e-200	3.284684e-04	1.956951e-194
2.816000e+00	-2.000000e+02	6.546362e+02	1.000000e-200	3.345184e-04	1.956951e-194
2.824074e+00	-2.000000e+02	6.669199e+02	1.000000e-200	3.407953e-04	1.956951e-194
2.832000e+00	-2.000000e+02	6.792036e+02	1.000000e-200	3.470723e-04	1.956951e-194
2.840074e+00	-2.000000e+02	6.919484e+02	1.000000e-200	3.535849e-04	1.956951e-194
2.848000e+00	-2.000000e+02	7.046931e+02	1.000000e-200	3.600974e-04	1.956951e-194
2.856074e+00	-2.000000e+02	7.179161e+02	1.000000e-200	3.668543e-04	1.956951e-194
2.864000e+00	-2.000000e+02	7.311391e+02	1.000000e-200	3.736113e-04	1.956951e-194
2.872074e+00	-2.000000e+02	7.448583e+02	1.000000e-200	3.806218e-04	1.956951e-194
2.880000e+00	-2.000000e+02	7.585776e+02	1.000000e-200	3.876323e-04	1.956951e-194
2.888074e+00	-2.000000e+02	7.728117e+02	1.000000e-200	3.949059e-04	1.956951e-194
2.896000e+00	-2.000000e+02	7.870458e+02	1.000000e-200	4.021795e-04	1.956951e-194
2.904074e+00	-2.000000e+02	8.018141e+02	1.000000e-200	4.097261e-04	1.956951e-194
2.912000e+00	-2.000000e+02	8.165824e+02	1.000000e-200	4.172727e-04	1.956951e-194
2.920074e+00	-2.000000e+02	8.319049e+02	1.000000e-200	4.251025e-04	1.956951e-194
2.928000e+00	-2.000000e+02	8.472274e+02	1.000000e-200	4.329323e-04	1.956951e-194
2.936074e+00	-2.000000e+02	8.631250e+02	1.000000e-200	4.410559e-04	1.956951e-194
2.944000e+00	-2.000000e+02	8.790225e+02	1.000000e-200	4.491795e-04	1.956951e-194
2.952074e+00	-2.000000e+02	8.955167e+02	1.000000e-200	4.576080e-04	1.956951e-194
2.960000e+00	-2.000000e+02	9.120108e+02	1.000000e-200	4.660365e-04	1.956951e-194
2.968074e+00	-2.000000e+02	9.291240e+02	1.000000e-200	4.747814e-04	1.956951e-194
2.976000e+00	-2.000000e+02	9.462372e+02	1.000000e-200	4.835262e-04	1.956951e-194
2.984074e+00	-2.000000e+02	9.639926e+02	1.000000e-200	4.925991e-04	1.956951e-194
2.992000e+00	-2.000000e+02	9.817479e+02	1.000000e-200	5.016721e-04	1.956951e-194
3.000074e+00	-2.000000e+02	1.000170e+03	1.000000e-200	5.110856e-04	1.956951e-194
3.008000e+00	-5.660451e+00	1.018591e+03	2.185490e-06	5.204991e-04	4.276898e+00
3.016074e+00	-5.688709e+00	1.037704e+03	2.047816e-06	5.302658e-04	4.007477e+00
3.024000e+00	-5.716451e+00	1.056818e+03	1.921095e-06	5.400326e-04	3.759489e+00
3.032074e+00	-5.744709e+00	1.076648e+03	1.800077e-06	5.501659e-04	3.522662e+00
3.040000e+00	-5.772451e+00	1.096478e+03	1.688686e-06	5.602992e-04	3.304676e+00
3.048074e+00	-5.800709e+00	1.117053e+03	1.582308e-06	5.708127e-04	3.096499e+00
3.056000e+00	-5.828451e+00	1.137627e+03	1.484393e-06	5.813263e-04	2.904884e+00
3.064074e+00	-5.856709e+00	1.158974e+03	1.390884e-06	5.922344e-04	2.721893e+00
3.072000e+00	-5.884451e+00	1.180321e+03	1.304815e-06	6.031426e-04	2.553459e+00
3.080074e+00	-5.912709e+00	1.202468e+03	1.222618e-06	6.144601e-04	2.392605e+00
3.088000e+00	-5.940451e+00	1.224616e+03	1.146961e-06	6.257775e-04	2.244548e+00
3.096074e+00	-5.968709e+00	1.247595e+03	1.074709e-06	6.375198e-04	2.103154e+00
3.104000e+00	-5.996451e+00	1.270574e+03	1.008205e-06	6.492620e-04	1.973008e+00
3.112074e+00	-6.024709e+00	1.294415e+03	9.446936e-07	6.614449e-04	1.848719e+00
3.120000e+00	-6.052451e+00	1.318257e+03	8.862349e-07	6.736278e-04	1.734319e+00
3.128074e+00	-6.080709e+00	1.342993e+03	8.304069e-07	6.862678e-04	1.625066e+00
3.136000e+00	-6.108451e+00	1.367729e+03	7.790204e-07	6.989079e-04	1.524505e+00
3.144074e+00	-6.136709e+00	1.393393e+03	7.299464e-07	7.120224e-04	1.428470e+00
3.152000e+00	-6.164451e+00	1.419058e+03	6.847765e-07	7.251368e-04	1.340074e+00
3.160074e+00	-6.192709e+00	1.445685e+03	6.416393e-07	7.387435e-04	1.255657e+00
3.168000e+00	-6.220451e+00	1.472313e+03	6.019339e-07	7.523501e-04	1.177955e+00
3.176074e+00	-6.248709e+00	1.499939e+03	5.640154e-07	7.664673e-04	1.103751e+00
3.184000e+00	-6.276451e+00	1.527566e+03	5.291135e-07	7.805846e-04	1.035449e+00
3.192074e+00	-6.304709e+00	1.556230e+03	4.957822e-07	7.952316e-04	9.702217e-01
3.200000e+00	-6.332451e+00	1.584893e+03	4.651027e-07	8.098787e-04	9.101833e-01
3.208074e+00	-6.360709e+00	1.614632e+03	4.358037e-07	8.250754e-04	8.528467e-01
3.216000e+00	-6.388451e+00	1.644372e+03	4.088357e-07	8.402722e-04	8.000716e-01
3.224074e+00	-6.416709e+00	1.675227e+03	3.830813e-07	8.560392e-04	7.496715e-01
3.232000e+00	-6.444451e+00	1.706082e+03	3.593758e-07	8.718062e-04	7.032810e-01
3.240074e+00	-6.472709e+00	1.738096e+03	3.367371e-07	8.881650e-04	6.589781e-01
3.248000e+00	-6.500451e+00	1.770109e+03	3.158994e-07	9.045237e-04	6.181998e-01
3.256074e+00	-6.528709e+00	1.803324e+03	2.959995e-07	9.214964e-04	5.792566e-01
3.264000e+00	-6.556451e+00	1.836538e+03	2.776827e-07	9.384691e-04	5.434115e-01
3.272074e+00	-6.584709e+00	1.871000e+03	2.601902e-07	9.560787e-04	5.091796e-01
3.280000e+00	-6.612451e+00	1.905461e+03	2.440894e-07	9.736883e-04	4.776710e-01
3.288074e+00	-6.640709e+00	1.941215e+03	2.287131e-07	9.919588e-04	4.475803e-01
3.296000e+00	-6.668451e+00	1.976970e+03	2.145600e-07	1.010229e-03	4.198836e-01
3.304074e+00	-6.696709e+00	2.014066e+03	2.010439e-07	1.029185e-03	3.934332e-01
3.312000e+00	-6.724451e+00	2.051162e+03	1.886031e-07	1.048142e-03	3.690871e-01
3.320074e+00	-6.752709e+00	2.089651e+03	1.767221e-07	1.067809e-03	3.458366e-01
3.328000e+00	-6.780451e+00	2.128139e+03	1.657864e-07	1.087477e-03	3.244359e-01
3.336074e+00	-6.808709e+00	2.168072e+03	1.553427e-07	1.107882e-03	3.039982e-01
3.344000e+00	-6.836451e+00	2.208005e+03	1.457300e-07	1.128288e-03	2.851864e-01
3.352074e+00	-6.864709e+00	2.249436e+03	1.365498e-07	1.149459e-03	2.672212e-01
3.360000e+00	-6.892451e+00	2.290868e+03	1.280999e-07	1.170631e-03	2.506853e-01
3.368074e+00	-6.920709e+00	2.333854e+03	1.200303e-07	1.192597e-03	2.348935e-01
3.376000e+00	-6.948451e+00	2.376840e+03	1.126027e-07	1.214563e-03	2.203580e-01
3.384074e+00	-6.976709e+00	2.421440e+03	1.055094e-07	1.237353e-03	2.064767e-01
3.392000e+00	-7.004451e+00	2.466039e+03	9.898032e-08	1.260143e-03	1.936997e-01
3.400074e+00	-7.032709e+00	2.512313e+03	9.274510e-08	1.283789e-03	1.814976e-01
3.408000e+00	-7.060451e+00	2.558586e+03	8.700593e-08	1.307435e-03	1.702664e-01
3.416074e+00	-7.088709e+00	2.606596e+03	8.152503e-08	1.331968e-03	1.595405e-01
3.424000e+00	-7.116451e+00	2.654606e+03	7.648017e-08	1.356501e-03	1.496680e-01
3.432074e+00	-7.144709e+00	2.704417e+03	7.166234e-08	1.381954e-03	1.402397e-01
3.440000e+00	-7.172451e+00	2.754229e+03	6.722779e-08	1.407408e-03	1.315615e-01
3.448074e+00	-7.200709e+00	2.805910e+03	6.299281e-08	1.433817e-03	1.232739e-01
3.456000e+00	-7.228451e+00	2.857591e+03	5.909474e-08	1.460226e-03	1.156455e-01
3.464074e+00	-7.256709e+00	2.911211e+03	5.537210e-08	1.487626e-03	1.083605e-01
3.472000e+00	-7.284451e+00	2.964831e+03	5.194561e-08	1.515026e-03	1.016550e-01
3.480074e+00	-7.312709e+00	3.020464e+03	4.867332e-08	1.543454e-03	9.525132e-02
3.488000e+00	-7.340451e+00	3.076097e+03	4.566136e-08	1.571882e-03	8.935706e-02
3.496074e+00	-7.368709e+00	3.133817e+03	4.278494e-08	1.601377e-03	8.372805e-02
3.504000e+00	-7.396451e+00	3.191538e+03	4.013736e-08	1.630872e-03	7.854687e-02
3.512074e+00	-7.424709e+00	3.251425e+03	3.760893e-08	1.661474e-03	7.359884e-02
3.520000e+00	-7.452451e+00	3.311311e+03	3.528165e-08	1.692076e-03	6.904446e-02
3.528074e+00	-7.480709e+00	3.373445e+03	3.305910e-08	1.723827e-03	6.469504e-02
3.536000e+00	-7.508451e+00	3.435579e+03	3.101336e-08	1.755577e-03	6.069164e-02
3.544074e+00	-7.536709e+00	3.500045e+03	2.905969e-08	1.788519e-03	5.686840e-02
3.552000e+00	-7.564451e+00	3.564511e+03	2.726144e-08	1.821461e-03	5.334932e-02
3.560074e+00	-7.592709e+00	3.631397e+03	2.554412e-08	1.855640e-03	4.998860e-02
3.568000e+00	-7.620451e+00	3.698282e+03	2.396342e-08	1.889818e-03	4.689525e-02
3.576074e+00	-7.648709e+00	3.767677e+03	2.245386e-08	1.925279e-03	4.394111e-02
3.584000e+00	-7.676451e+00	3.837072e+03	2.106439e-08	1.960740e-03	4.122198e-02
3.592074e+00	-7.704709e+00	3.909072e+03	1.973745e-08	1.997532e-03	3.862522e-02
3.600000e+00	-7.732451e+00	3.981072e+03	1.851607e-08	2.034323e-03	3.623505e-02
3.608074e+00	-7.760709e+00	4.055773e+03	1.734966e-08	2.072496e-03	3.395244e-02
3.616000e+00	-7.788451e+00	4.130475e+03	1.627604e-08	2.110668e-03	3.185142e-02
3.624074e+00	-7.816709e+00	4.207980e+03	1.525074e-08	2.150273e-03	2.984496e-02
3.632000e+00	-7.844451e+00	4.285485e+03	1.430701e-08	2.189878e-03	2.799812e-02
3.640074e+00	-7.872709e+00	4.365899e+03	1.340575e-08	2.230970e-03	2.623439e-02
3.648000e+00	-7.900451e+00	4.446313e+03	1.257618e-08	2.272061e-03	2.461098e-02
3.656074e+00	-7.928709e+00	4.529744e+03	1.178395e-08	2.314694e-03	2.306062e-02
3.664000e+00	-7.956451e+00	4.613176e+03	1.105475e-08	2.357328e-03	2.163360e-02
3.672074e+00	-7.984709e+00	4.699738e+03	1.035836e-08	2.401561e-03	2.027080e-02
3.680000e+00	-8.012451e+00	4.786301e+03	9.717372e-09	2.445795e-03	1.901642e-02
3.688074e+00	-8.040709e+00	4.876112e+03	9.105231e-09	2.491688e-03	1.781849e-02
3.696000e+00	-8.068451e+00	4.965923e+03	8.541789e-09	2.537581e-03	1.671587e-02
3.704074e+00	-8.096709e+00	5.059105e+03	8.003703e-09	2.585197e-03	1.566286e-02
3.712000e+00	-8.124451e+00	5.152286e+03	7.508425e-09	2.632813e-03	1.469362e-02
3.720074e+00	-8.152709e+00	5.248965e+03	7.035435e-09	2.682215e-03	1.376800e-02
3.728000e+00	-8.180451e+00	5.345644e+03	6.600074e-09	2.731618e-03	1.291602e-02
3.736074e+00	-8.208709e+00	5.445950e+03	6.184306e-09	2.782875e-03	1.210239e-02
3.744000e+00	-8.236451e+00	5.546257e+03	5.801614e-09	2.834131e-03	1.135348e-02
3.752074e+00	-8.264709e+00	5.650328e+03	5.436144e-09	2.887312e-03	1.063827e-02
3.760000e+00	-8.292451e+00	5.754399e+03	5.099749e-09	2.940492e-03	9.979961e-03
3.768074e+00	-8.320709e+00	5.862376e+03	4.778493e-09	2.995668e-03	9.351278e-03
3.776000e+00	-8.348451e+00	5.970353e+03	4.482795e-09	3.050844e-03	8.772611e-03
3.784074e+00	-8.376709e+00	6.082382e+03	4.200403e-09	3.108090e-03	8.219984e-03
3.792000e+00	-8.404451e+00	6.194411e+03	3.940477e-09	3.165337e-03	7.711322e-03
3.800074e+00	-8.432709e+00	6.310644e+03	3.692249e-09	3.224732e-03	7.225551e-03
3.808000e+00	-8.460451e+00	6.426877e+03	3.463768e-09	3.284127e-03	6.778426e-03
3.816074e+00	-8.488709e+00	6.547472e+03	3.245570e-09	3.345751e-03	6.351422e-03
3.824000e+00	-8.516451e+00	6.668068e+03	3.044730e-09	3.407375e-03	5.958389e-03
3.832074e+00	-8.544709e+00	6.793189e+03	2.852929e-09	3.471312e-03	5.583043e-03
3.840000e+00	-8.572451e+00	6.918310e+03	2.676387e-09	3.535249e-03	5.237558e-03
3.848074e+00	-8.600709e+00	7.048126e+03	2.507789e-09	3.601585e-03	4.907621e-03
3.856000e+00	-8.628451e+00	7.177943e+03	2.352604e-09	3.667921e-03	4.603932e-03
3.864074e+00	-8.656709e+00	7.312631e+03	2.204403e-09	3.736747e-03	4.313909e-03
3.872000e+00	-8.684451e+00	7.447320e+03	2.067992e-09	3.805572e-03	4.046960e-03
3.880074e+00	-8.712709e+00	7.587063e+03	1.937720e-09	3.876981e-03	3.792023e-03
3.888000e+00	-8.740451e+00	7.726806e+03	1.817811e-09	3.948389e-03	3.557369e-03
3.896074e+00	-8.768709e+00	7.871793e+03	1.703299e-09	4.022478e-03	3.333274e-03
3.904000e+00	-8.796451e+00	8.016781e+03	1.597897e-09	4.096566e-03	3.127007e-03
3.912074e+00	-8.824709e+00	8.167209e+03	1.497238e-09	4.173435e-03	2.930023e-03
3.920000e+00	-8.852451e+00	8.317638e+03	1.404588e-09	4.250304e-03	2.748710e-03
3.928074e+00	-8.880709e+00	8.473712e+03	1.316106e-09	4.330057e-03	2.575556e-03
3.936000e+00	-8.908451e+00	8.629785e+03	1.234664e-09	4.409811e-03	2.416178e-03
3.944074e+00	-8.936709e+00	8.791717e+03	1.156887e-09	4.492558e-03	2.263972e-03
3.952000e+00	-8.964451e+00	8.953648e+03	1.085298e-09	4.575304e-03	2.123875e-03
3.960074e+00	-8.992709e+00	9.121656e+03	1.016930e-09	4.661156e-03	1.990082e-03
3.968000e+00	-9.020451e+00	9.289664e+03	9.540010e-10	4.747008e-03	1.866934e-03
3.976074e+00	-9.048709e+00	9.463977e+03	8.939042e-10	4.836082e-03	1.749327e-03
3.984000e+00	-9.076451e+00	9.638290e+03	8.385884e-10	4.925156e-03	1.641077e-03
3.992074e+00	-9.104709e+00	9.819145e+03	7.857619e-10	5.017572e-03	1.537698e-03
4.000000e+00	-9.132451e+00	1.000000e+04	7.371381e-10	5.109989e-03	1.442543e-03
4.008074e+00	-9.160709e+00	1.018764e+04	6.907024e-10	5.205874e-03	1.351671e-03
4.016000e+00	-9.188451e+00	1.037528e+04	6.479610e-10	5.301759e-03	1.268028e-03
4.024074e+00	-9.216709e+00	1.056997e+04	6.071430e-10	5.401242e-03	1.188149e-03
4.032000e+00	-9.244451e+00	1.076465e+04	5.695723e-10	5.500726e-03	1.114625e-03
4.040074e+00	-9.272709e+00	1.096664e+04	5.336923e-10	5.603942e-03	1.044410e-03
4.048000e+00	-9.300451e+00	1.116863e+04	5.006669e-10	5.707159e-03	9.797807e-04
4.056074e+00	-9.328709e+00	1.137820e+04	4.691276e-10	5.814249e-03	9.180598e-04
4.064000e+00	-9.356451e+00	1.158777e+04	4.400974e-10	5.921340e-03	8.612493e-04
4.072074e+00	-9.384709e+00	1.180521e+04	4.123737e-10	6.032449e-03	8.069953e-04
4.080000e+00	-9.412451e+00	1.202264e+04	3.868556e-10	6.143558e-03	7.570575e-04
4.088074e+00	-9.440709e+00	1.224824e+04	3.624858e-10	6.258837e-03	7.093670e-04
4.096000e+00	-9.468451e+00	1.247384e+04	3.400547e-10	6.374116e-03	6.654706e-04
4.104074e+00	-9.496709e+00	1.270790e+04	3.186332e-10	6.493721e-03	6.235496e-04
4.112000e+00	-9.524451e+00	1.294196e+04	2.989158e-10	6.613327e-03	5.849636e-04
4.120074e+00	-9.552709e+00	1.318480e+04	2.800857e-10	6.737420e-03	5.481141e-04
4.128000e+00	-9.580451e+00	1.342765e+04	2.627537e-10	6.861514e-03	5.141962e-04
4.136074e+00	-9.608709e+00	1.367961e+04	2.462017e-10	6.990265e-03	4.818047e-04
4.144000e+00	-9.636451e+00	1.393157e+04	2.309664e-10	7.119016e-03	4.519900e-04
4.152074e+00	-9.664709e+00	1.419298e+04	2.164168e-10	7.252599e-03	4.235171e-04
4.160000e+00	-9.692451e+00	1.445440e+04	2.030247e-10	7.386181e-03	3.973094e-04
4.168074e+00	-9.720709e+00	1.472562e+04	1.902352e-10	7.524777e-03	3.722811e-04
4.176000e+00	-9.748451e+00	1.499685e+04	1.784633e-10	7.663373e-03	3.492439e-04
4.184074e+00	-9.776709e+00	1.527825e+04	1.672211e-10	7.807170e-03	3.272435e-04
4.192000e+00	-9.804451e+00	1.555966e+04	1.568732e-10	7.950967e-03	3.069933e-04
4.200074e+00	-9.832709e+00	1.585162e+04	1.469911e-10	8.100161e-03	2.876544e-04
4.208000e+00	-9.860451e+00	1.614359e+04	1.378951e-10	8.249355e-03	2.698540e-04
4.216074e+00	-9.888709e+00	1.644651e+04	1.292085e-10	8.404147e-03	2.528547e-04
4.224000e+00	-9.916451e+00	1.674943e+04	1.212129e-10	8.558940e-03	2.372077e-04
4.232074e+00	-9.944709e+00	1.706372e+04	1.135771e-10	8.719542e-03	2.222650e-04
4.240000e+00	-9.972451e+00	1.737801e+04	1.065489e-10	8.880143e-03	2.085109e-04
4.248074e+00	-1.000071e+01	1.770409e+04	9.983687e-11	9.046772e-03	1.953759e-04
4.256000e+00	-1.002845e+01	1.803018e+04	9.365885e-11	9.213401e-03	1.832858e-04
4.264074e+00	-1.005671e+01	1.836850e+04	8.775886e-11	9.386283e-03	1.717398e-04
4.272000e+00	-1.008445e+01	1.870682e+04	8.232824e-11	9.559165e-03	1.611124e-04
4.280074e+00	-1.011271e+01	1.905784e+04	7.714201e-11	9.738536e-03	1.509632e-04
4.288000e+00	-1.014045e+01	1.940886e+04	7.236838e-11	9.917906e-03	1.416214e-04
4.296074e+00	-1.016871e+01	1.977305e+04	6.780957e-11	1.010401e-02	1.327000e-04
4.304000e+00	-1.019645e+01	2.013724e+04	6.361343e-11	1.029011e-02	1.244884e-04
4.312074e+00	-1.022471e+01	2.051510e+04	5.960614e-11	1.048319e-02	1.166463e-04
4.320000e+00	-1.025245e+01	2.089296e+04	5.591764e-11	1.067628e-02	1.094281e-04
4.328074e+00	-1.028071e+01	2.128500e+04	5.239513e-11	1.087661e-02	1.025347e-04
4.336000e+00	-1.030845e+01	2.167704e+04	4.915287e-11	1.107694e-02	9.618977e-05
4.344074e+00	-1.033671e+01	2.208379e+04	4.605650e-11	1.128479e-02	9.013034e-05
4.352000e+00	-1.036445e+01	2.249055e+04	4.320648e-11	1.149264e-02	8.455297e-05
4.360074e+00	-1.039271e+01	2.291256e+04	4.048470e-11	1.170829e-02	7.922659e-05
4.368000e+00	-1.042045e+01	2.333458e+04	3.797946e-11	1.192395e-02	7.432396e-05
4.376074e+00	-1.044871e+01	2.377244e+04	3.558697e-11	1.214769e-02	6.964196e-05
4.384000e+00	-1.047645e+01	2.421029e+04	3.338480e-11	1.237143e-02	6.533244e-05
4.392074e+00	-1.050471e+01	2.466458e+04	3.128174e-11	1.260357e-02	6.121685e-05
4.400000e+00	-1.053245e+01	2.511886e+04	2.934599e-11	1.283571e-02	5.742868e-05
4.408074e+00	-1.056071e+01	2.559020e+04	2.749736e-11	1.307656e-02	5.381099e-05
4.416000e+00	-1.058845e+01	2.606154e+04	2.579579e-11	1.331742e-02	5.048111e-05
4.424074e+00	-1.061671e+01	2.655056e+04	2.417080e-11	1.356731e-02	4.730107e-05
4.432000e+00	-1.064445e+01	2.703958e+04	2.267508e-11	1.381720e-02	4.437403e-05
4.440074e+00	-1.067271e+01	2.754696e+04	2.124667e-11	1.407647e-02	4.157871e-05
4.448000e+00	-1.070045e+01	2.805434e+04	1.993191e-11	1.433574e-02	3.900577e-05
4.456074e+00	-1.072871e+01	2.858075e+04	1.867631e-11	1.460473e-02	3.654862e-05
4.464000e+00	-1.075645e+01	2.910717e+04	1.752059e-11	1.487373e-02	3.428695e-05
4.472074e+00	-1.078471e+01	2.965334e+04	1.641689e-11	1.515283e-02	3.212706e-05
4.480000e+00	-1.081245e+01	3.019952e+04	1.540100e-11	1.543192e-02	3.013900e-05
4.488074e+00	-1.084071e+01	3.076619e+04	1.443082e-11	1.572149e-02	2.824041e-05
4.496000e+00	-1.086845e+01	3.133286e+04	1.353782e-11	1.601106e-02	2.649286e-05
4.504074e+00	-1.089671e+01	3.192079e+04	1.268501e-11	1.631149e-02	2.482396e-05
4.512000e+00	-1.092445e+01	3.250873e+04	1.190005e-11	1.661193e-02	2.328782e-05
4.520074e+00	-1.095271e+01	3.311873e+04	1.115041e-11	1.692364e-02	2.182082e-05
4.528000e+00	-1.098045e+01	3.372873e+04	1.046041e-11	1.723534e-02	2.047052e-05
4.536074e+00	-1.100871e+01	3.436162e+04	9.801464e-12	1.755875e-02	1.918099e-05
4.544000e+00	-1.103645e+01	3.499452e+04	9.194939e-12	1.788216e-02	1.799405e-05
4.552074e+00	-1.106471e+01	3.565116e+04	8.615708e-12	1.821770e-02	1.686052e-05
4.560000e+00	-1.109245e+01	3.630781e+04	8.082558e-12	1.855325e-02	1.581717e-05
4.568074e+00	-1.112071e+01	3.698909e+04	7.573401e-12	1.890139e-02	1.482078e-05
4.576000e+00	-1.114845e+01	3.767038e+04	7.104751e-12	1.924952e-02	1.390365e-05
4.584074e+00	-1.117671e+01	3.837723e+04	6.657190e-12	1.961073e-02	1.302780e-05
4.592000e+00	-1.120445e+01	3.908409e+04	6.245236e-12	1.997193e-02	1.222162e-05
4.600074e+00	-1.123271e+01	3.981747e+04	5.851820e-12	2.034668e-02	1.145173e-05
4.608000e+00	-1.126045e+01	4.055085e+04	5.489703e-12	2.072144e-02	1.074308e-05
4.616074e+00	-1.128871e+01	4.131176e+04	5.143882e-12	2.111026e-02	1.006633e-05
4.624000e+00	-1.131645e+01	4.207266e+04	4.825572e-12	2.149908e-02	9.443410e-06
4.632074e+00	-1.134471e+01	4.286212e+04	4.521588e-12	2.190250e-02	8.848527e-06
4.640000e+00	-1.137245e+01	4.365158e+04	4.241787e-12	2.230591e-02	8.300970e-06
4.648074e+00	-1.140071e+01	4.447067e+04	3.974577e-12	2.272446e-02	7.778055e-06
4.656000e+00	-1.142845e+01	4.528976e+04	3.728626e-12	2.314302e-02	7.296740e-06
4.664074e+00	-1.145671e+01	4.613958e+04	3.493743e-12	2.357728e-02	6.837085e-06
4.672000e+00	-1.148445e+01	4.698941e+04	3.277546e-12	2.401154e-02	6.413999e-06
4.680074e+00	-1.151271e+01	4.787113e+04	3.071079e-12	2.446210e-02	6.009952e-06
4.688000e+00	-1.154045e+01	4.875285e+04	2.881037e-12	2.491265e-02	5.638049e-06
4.696074e+00	-1.156871e+01	4.966766e+04	2.699547e-12	2.538012e-02	5.282883e-06
4.704000e+00	-1.159645e+01	5.058247e+04	2.532496e-12	2.584759e-02	4.955972e-06
4.712074e+00	-1.162471e+01	5.153161e+04	2.372963e-12	2.633259e-02	4.643773e-06
4.720000e+00	-1.165245e+01	5.248075e+04	2.226121e-12	2.681760e-02	4.356411e-06
4.728074e+00	-1.168071e+01	5.346551e+04	2.085888e-12	2.732082e-02	4.081981e-06
4.736000e+00	-1.170845e+01	5.445027e+04	1.956811e-12	2.782403e-02	3.829384e-06
4.744074e+00	-1.173671e+01	5.547198e+04	1.833542e-12	2.834612e-02	3.588153e-06
4.752000e+00	-1.176445e+01	5.649370e+04	1.720081e-12	2.886822e-02	3.366114e-06
4.760074e+00	-1.179271e+01	5.755376e+04	1.611725e-12	2.940991e-02	3.154068e-06
4.768000e+00	-1.182045e+01	5.861382e+04	1.511990e-12	2.995160e-02	2.958890e-06
4.776074e+00	-1.184871e+01	5.971366e+04	1.416743e-12	3.051361e-02	2.772496e-06
4.784000e+00	-1.187645e+01	6.081350e+04	1.329073e-12	3.107563e-02	2.600931e-06
4.792074e+00	-1.190471e+01	6.195462e+04	1.245349e-12	3.165874e-02	2.437087e-06
4.800000e+00	-1.193245e+01	6.309573e+04	1.168285e-12	3.224185e-02	2.286277e-06
4.808074e+00	-1.196071e+01	6.427968e+04	1.094690e-12	3.284684e-02	2.142254e-06
4.816000e+00	-1.198845e+01	6.546362e+04	1.026949e-12	3.345184e-02	2.009689e-06
4.824074e+00	-1.201671e+01	6.669199e+04	9.622567e-13	3.407953e-02	1.883090e-06
4.832000e+00	-1.204445e+01	6.792036e+04	9.027112e-13	3.470723e-02	1.766562e-06
4.840074e+00	-1.207271e+01	6.919484e+04	8.458453e-13	3.535849e-02	1.655278e-06
4.848000e+00	-1.210045e+01	7.046931e+04	7.935035e-13	3.600974e-02	1.552848e-06
4.856074e+00	-1.212871e+01	7.179161e+04	7.435171e-13	3.668543e-02	1.455027e-06
4.864000e+00	-1.215645e+01	7.311391e+04	6.975074e-13	3.736113e-02	1.364988e-06
4.872074e+00	-1.218471e+01	7.448583e+04	6.535683e-13	3.806218e-02	1.279001e-06
4.880000e+00	-1.221245e+01	7.585776e+04	6.131247e-13	3.876323e-02	1.199855e-06
4.888074e+00	-1.224071e+01	7.728117e+04	5.745012e-13	3.949059e-02	1.124271e-06
4.896000e+00	-1.226845e+01	7.870458e+04	5.389504e-13	4.021795e-02	1.054700e-06
4.904074e+00	-1.229671e+01	8.018141e+04	5.049995e-13	4.097261e-02	9.882595e-07
4.912000e+00	-1.232445e+01	8.165824e+04	4.737496e-13	4.172727e-02	9.271049e-07
4.920074e+00	-1.235271e+01	8.319049e+04	4.439059e-13	4.251025e-02	8.687023e-07
4.928000e+00	-1.238045e+01	8.472274e+04	4.164365e-13	4.329323e-02	8.149461e-07
4.936074e+00	-1.240871e+01	8.631250e+04	3.902033e-13	4.410559e-02	7.636089e-07
4.944000e+00	-1.243645e+01	8.790225e+04	3.660571e-13	4.491795e-02	7.163559e-07
4.952074e+00	-1.246471e+01	8.955167e+04	3.429975e-13	4.576080e-02	6.712294e-07
4.960000e+00	-1.249245e+01	9.120108e+04	3.217724e-13	4.660365e-02	6.296930e-07
4.968074e+00	-1.252071e+01	9.291240e+04	3.015025e-13	4.747814e-02	5.900258e-07
4.976000e+00	-1.254845e+01	9.462372e+04	2.828452e-13	4.835262e-02	5.535143e-07
4.984074e+00	-1.257671e+01	9.639926e+04	2.650275e-13	4.925991e-02	5.186459e-07
4.992000e+00	-1.260445e+01	9.817479e+04	2.486273e-13	5.016721e-02	4.865516e-07
5.000074e+00	-1.263271e+01	1.000170e+05	2.329652e-13	5.110856e-02	4.559015e-07
5.008000e+00	-1.266045e+01	1.018591e+05	2.185490e-13	5.204991e-02	4.276898e-07
5.016074e+00	-1.268871e+01	1.037704e+05	2.047816e-13	5.302658e-02	4.007477e-07
5.024000e+00	-1.271645e+01	1.056818e+05	1.921095e-13	5.400326e-02	3.759489e-07
5.032074e+00	-1.274471e+01	1.076648e+05	1.800077e-13	5.501659e-02	3.522662e-07
5.040000e+00	-1.277245e+01	1.096478e+05	1.688686e-13	5.602992e-02	3.304676e-07
5.048074e+00	-1.280071e+01	1.117053e+05	1.582308e-13	5.708127e-02	3.096499e-07
5.056000e+00	-1.282845e+01	1.137627e+05	1.484393e-13	5.813263e-02	2.904884e-07
5.064074e+00	-1.285671e+01	1.158974e+05	1.390884e-13	5.922344e-02	2.721893e-07
5.072000e+00	-1.288445e+01	1.180321e+05	1.304815e-13	6.031426e-02	2.553459e-07
5.080074e+00	-1.291271e+01	1.202468e+05	1.222618e-13	6.144601e-02	2.392605e-07
5.088000e+00	-1.294045e+01	1.224616e+05	1.146961e-13	6.257775e-02	2.244548e-07
5.096074e+00	-1.296871e+01	1.247595e+05	1.074709e-13	6.375198e-02	2.103154e-07
5.104000e+00	-1.299645e+01	1.270574e+05	1.008205e-13	6.492620e-02	1.973008e-07
5.112074e+00	-1.302471e+01	1.294415e+05	9.446936e-14	6.614449e-02	1.848719e-07
5.120000e+00	-1.305245e+01	1.318257e+05	8.862349e-14	6.736278e-02	1.734319e-07
5.128074e+00	-1.308071e+01	1.342993e+05	8.304069e-14	6.862678e-02	1.625066e-07
5.136000e+00	-1.310845e+01	1.367729e+05	7.790204e-14	6.989079e-02	1.524505e-07
5.144074e+00	-1.313671e+01	1.393393e+05	7.299464e-14	7.120224e-02	1.428470e-07
5.152000e+00	-1.316445e+01	1.419058e+05	6.847765e-14	7.251368e-02	1.340074e-07
5.160074e+00	-1.319271e+01	1.445685e+05	6.416393e-14	7.387435e-02	1.255657e-07
5.168000e+00	-1.322045e+01	1.472313e+05	6.019339e-14	7.523501e-02	1.177955e-07
5.176074e+00	-1.324871e+01	1.499939e+05	5.640154e-14	7.664673e-02	1.103751e-07
5.184000e+00	-1.327645e+01	1.527566e+05	5.291135e-14	7.805846e-02	1.035449e-07
5.192074e+00	-1.330471e+01	1.556230e+05	4.957822e-14	7.952316e-02	9.702217e-08
5.200000e+00	-1.333245e+01	1.584893e+05	4.651027e-14	8.098787e-02	9.101833e-08
5.208074e+00	-1.336071e+01	1.614632e+05	4.358037e-14	8.250754e-02	8.528467e-08
5.216000e+00	-1.338845e+01	1.644372e+05	4.088357e-14	8.402722e-02	8.000716e-08
5.224074e+00	-1.341671e+01	1.675227e+05	3.830813e-14	8.560392e-02	7.496715e-08
5.232000e+00	-1.344445e+01	1.706082e+05	3.593758e-14	8.718062e-02	7.032810e-08
5.240074e+00	-1.347271e+01	1.738096e+05	3.367371e-14	8.881650e-02	6.589781e-08
5.248000e+00	-1.350045e+01	1.770109e+05	3.158994e-14	9.045237e-02	6.181998e-08
5.256074e+00	-1.352871e+01	1.803324e+05	2.959995e-14	9.214964e-02	5.792566e-08
5.264000e+00	-1.355645e+01	1.836538e+05	2.776827e-14	9.384691e-02	5.434115e-08
5.272074e+00	-1.358471e+01	1.871000e+05	2.601902e-14	9.560787e-02	5.091796e-08
5.280000e+00	-1.361245e+01	1.905461e+05	2.440894e-14	9.736883e-02	4.776710e-08
5.288074e+00	-1.364071e+01	1.941215e+05	2.287131e-14	9.919588e-02	4.475803e-08
5.296000e+00	-1.366845e+01	1.976970e+05	2.145600e-14	1.010229e-01	4.198836e-08
5.304074e+00	-1.369671e+01	2.014066e+05	2.010439e-14	1.029185e-01	3.934332e-08
5.312000e+00	-1.372445e+01	2.051162e+05	1.886031e-14	1.048142e-01	3.690871e-08
5.320074e+00	-1.375271e+01	2.089651e+05	1.767221e-14	1.067809e-01	3.458366e-08
5.328000e+00	-1.378045e+01	2.128139e+05	1.657864e-14	1.087477e-01	3.244359e-08
5.336074e+00	-1.380871e+01	2.168072e+05	1.553427e-14	1.107882e-01	3.039982e-08
5.344000e+00	-1.383645e+01	2.208005e+05	1.457300e-14	1.128288e-01	2.851864e-08
5.352074e+00	-1.386471e+01	2.249436e+05	1.365498e-14	1.149459e-01	2.672212e-08
5.360000e+00	-1.389245e+01	2.290868e+05	1.280999e-14	1.170631e-01	2.506853e-08
5.368074e+00	-1.392071e+01	2.333854e+05	1.200303e-14	1.192597e-01	2.348935e-08
5.376000e+00	-1.394845e+01	2.376840e+05	1.126027e-14	1.214563e-01	2.203580e-08
5.384074e+00	-1.397671e+01	2.421440e+05	1.055094e-14	1.237353e-01	2.064767e-08
5.392000e+00	-1.400445e+01	2.466039e+05	9.898032e-15	1.260143e-01	1.936997e-08
5.400074e+00	-1.403271e+01	2.512313e+05	9.274510e-15	1.283789e-01	1.814976e-08
5.408000e+00	-1.406045e+01	2.558586e+05	8.700593e-15	1.307435e-01	1.702664e-08
5.416074e+00	-1.408871e+01	2.606596e+05	8.152503e-15	1.331968e-01	1.595405e-08
5.424000e+00	-1.411645e+01	2.654606e+05	7.648017e-15	1.356501e-01	1.496680e-08
5.432074e+00	-1.414471e+01	2.704417e+05	7.166234e-15	1.381954e-01	1.402397e-08
5.440000e+00	-1.417245e+01	2.754229e+05	6.722779e-15	1.407408e-01	1.315615e-08
5.448074e+00	-1.420071e+01	2.805910e+05	6.299281e-15	1.433817e-01	1.232739e-08
5.456000e+00	-1.422845e+01	2.857591e+05	5.909474e-15	1.460226e-01	1.156455e-08
5.464074e+00	-1.425671e+01	2.911211e+05	5.537210e-15	1.487626e-01	1.083605e-08
5.472000e+00	-1.428445e+01	2.964831e+05	5.194561e-15	1.515026e-01	1.016550e-08
5.480074e+00	-1.431271e+01	3.020464e+05	4.867332e-15	1.543454e-01	9.525132e-09
5.488000e+00	-1.434045e+01	3.076097e+05	4.566136e-15	1.571882e-01	8.935706e-09
5.496074e+00	-1.436871e+01	3.133817e+05	4.278494e-15	1.601377e-01	8.372805e-09
5.504000e+00	-1.439645e+01	3.191538e+05	4.013736e-15	1.630872e-01	7.854687e-09
5.512074e+00	-1.442471e+01	3.251425e+05	3.760893e-15	1.661474e-01	7.359884e-09
5.520000e+00	-1.445245e+01	3.311311e+05	3.528165e-15	1.692076e-01	6.904446e-09
5.528074e+00	-1.448071e+01	3.373445e+05	3.305910e-15	1.723827e-01	6.469504e-09
5.536000e+00	-1.450845e+01	3.435579e+05	3.101336e-15	1.755577e-01	6.069164e-09
5.544074e+00	-1.453671e+01	3.500045e+05	2.905969e-15	1.788519e-01	5.686840e-09
5.552000e+00	-1.456445e+01	3.564511e+05	2.726144e-15	1.821461e-01	5.334932e-09
5.560074e+00	-1.459271e+01	3.631397e+05	2.554412e-15	1.855640e-01	4.998860e-09
5.568000e+00	-1.462045e+01	3.698282e+05	2.396342e-15	1.889818e-01	4.689525e-09
5.576074e+00	-1.464871e+01	3.767677e+05	2.245386e-15	1.925279e-01	4.394111e-09
5.584000e+00	-1.467645e+01	3.837072e+05	2.106439e-15	1.960740e-01	4.122198e-09
5.592074e+00	-1.470471e+01	3.909072e+05	1.973745e-15	1.997532e-01	3.862522e-09
5.600000e+00	-1.473245e+01	3.981072e+05	1.851607e-15	2.034323e-01	3.623505e-09
5.608074e+00	-1.476071e+01	4.055773e+05	1.734966e-15	2.072496e-01	3.395244e-09
5.616000e+00	-1.478845e+01	4.130475e+05	1.627604e-15	2.110668e-01	3.185142e-09
5.624074e+00	-1.481671e+01	4.207980e+05	1.525074e-15	2.150273e-01	2.984496e-09
5.632000e+00	-1.484445e+01	4.285485e+05	1.430701e-15	2.189878e-01	2.799812e-09
5.640074e+00	-1.487271e+01	4.365899e+05	1.340575e-15	2.230970e-01	2.623439e-09
5.648000e+00	-1.490045e+01	4.446313e+05	1.257618e-15	2.272061e-01	2.461098e-09
5.656074e+00	-1.492871e+01	4.529744e+05	1.178395e-15	2.314694e-01	2.306062e-09
5.664000e+00	-1.495645e+01	4.613176e+05	1.105475e-15	2.357328e-01	2.163360e-09
5.672074e+00	-1.498471e+01	4.699738e+05	1.035836e-15	2.401561e-01	2.027080e-09
5.680000e+00	-1.501245e+01	4.786301e+05	9.717372e-16	2.445795e-01	1.901642e-09
5.688074e+00	-1.504071e+01	4.876112e+05	9.105231e-16	2.491688e-01	1.781849e-09
5.696000e+00	-1.506845e+01	4.965923e+05	8.541789e-16	2.537581e-01	1.671587e-09
5.704074e+00	-1.509671e+01	5.059105e+05	8.003703e-16	2.585197e-01	1.566286e-09
5.712000e+00	-1.512445e+01	5.152286e+05	7.508425e-16	2.632813e-01	1.469362e-09
5.720074e+00	-1.515271e+01	5.248965e+05	7.035435e-16	2.682215e-01	1.376800e-09
5.728000e+00	-1.518045e+01	5.345644e+05	6.600074e-16	2.731618e-01	1.291602e-09
5.736074e+00	-1.520871e+01	5.445950e+05	6.184306e-16	2.782875e-01	1.210239e-09
5.744000e+00	-1.523645e+01	5.546257e+05	5.801614e-16	2.834131e-01	1.135348e-09
5.752074e+00	-1.526471e+01	5.650328e+05	5.436144e-16	2.887312e-01	1.063827e-09
5.760000e+00	-1.529245e+01	5.754399e+05	5.099749e-16	2.940492e-01	9.979961e-10
5.768074e+00	-1.532071e+01	5.862376e+05	4.778493e-16	2.995668e-01	9.351278e-10
5.776000e+00	-1.534845e+01	5.970353e+05	4.482795e-16	3.050844e-01	8.772611e-10
5.784074e+00	-1.537671e+01	6.082382e+05	4.200403e-16	3.108090e-01	8.219984e-10
5.792000e+00	-1.540445e+01	6.194411e+05	3.940477e-16	3.165337e-01	7.711322e-10
5.800074e+00	-1.543271e+01	6.310644e+05	3.692249e-16	3.224732e-01	7.225551e-10
5.808000e+00	-1.546045e+01	6.426877e+05	3.463768e-16	3.284127e-01	6.778426e-10
5.816074e+00	-2.000000e+02	6.547472e+05	1.000000e-200	3.345751e-01	1.956951e-194
5.824000e+00	-2.000000e+02	6.668068e+05	1.000000e-200	3.407375e-01	1.956951e-194
5.832074e+00	-2.000000e+02	6.793189e+05	1.000000e-200	3.471312e-01	1.956951e-194
5.840000e+00	-2.000000e+02	6.918310e+05	1.000000e-200	3.535249e-01	1.956951e-194
5.848074e+00	-2.000000e+02	7.048126e+05	1.000000e-200	3.601585e-01	1.956951e-194
5.856000e+00	-2.000000e+02	7.177943e+05	1.000000e-200	3.667921e-01	1.956951e-194
5.864074e+00	-2.000000e+02	7.312631e+05	1.000000e-200	3.736747e-01	1.956951e-194
5.872000e+00	-2.000000e+02	7.447320e+05	1.000000e-200	3.805572e-01	1.956951e-194
5.880074e+00	-2.000000e+02	7.587063e+05	1.000000e-200	3.876981e-01	1.956951e-194
5.888000e+00	-2.000000e+02	7.726806e+05	1.000000e-200	3.948389e-01	1.956951e-194
5.896074e+00	-2.000000e+02	7.871793e+05	1.000000e-200	4.022478e-01	1.956951e-194
5.904000e+00	-2.000000e+02	8.016781e+05	1.000000e-200	4.096566e-01	1.956951e-194
5.912074e+00	-2.000000e+02	8.167209e+05	1.000000e-200	4.173435e-01	1.956951e-194
5.920000e+00	-2.000000e+02	8.317638e+05	1.000000e-200	4.250304e-01	1.956951e-194
5.928074e+00	-2.000000e+02	8.473712e+05	1.000000e-200	4.330057e-01	1.956951e-194
5.936000e+00	-2.000000e+02	8.629785e+05	1.000000e-200	4.409811e-01	1.956951e-194
5.944074e+00	-2.000000e+02	8.791717e+05	1.000000e-200	4.492558e-01	1.956951e-194
5.952000e+00	-2.000000e+02	8.953648e+05	1.000000e-200	4.575304e-01	1.956951e-194
5.960074e+00	-2.000000e+02	9.121656e+05	1.000000e-200	4.661156e-01	1.956951e-194
5.968000e+00	-2.000000e+02	9.289664e+05	1.000000e-200	4.747008e-01	1.956951e-194
5.976074e+00	-2.000000e+02	9.463977e+05	1.000000e-200	4.836082e-01	1.956951e-194
5.984000e+00	-2.000000e+02	9.638290e+05	1.000000e-200	4.925156e-01	1.956951e-194
5.992074e+00	-2.000000e+02	9.819145e+05	1.000000e-200	5.017572e-01	1.956951e-194
6.000000e+00	-2.000000e+02	1.000000e+06	1.000000e-200	5.109989e-01	1.956951e-194
6.008074e+00	-2.000000e+02	1.018764e+06	1.000000e-200	5.205874e-01	1.956951e-194
6.016000e+00	-2.000000e+02	1.037528e+06	1.000000e-200	5.301759e-01	1.956951e-194
6.024074e+00	-2.000000e+02	1.056997e+06	1.000000e-200	5.401242e-01	1.956951e-194
6.032000e+00	-2.000000e+02	1.076465e+06	1.000000e-200	5.500726e-01	1.956951e-194
6.040074e+00	-2.000000e+02	1.096664e+06	1.000000e-200	5.603942e-01	1.956951e-194
6.048000e+00	-2.000000e+02	1.116863e+06	1.000000e-200	5.707159e-01	1.956951e-194
6.056074e+00	-2.000000e+02	1.137820e+06	1.000000e-200	5.814249e-01	1.956951e-194
6.064000e+00	-2.000000e+02	1.158777e+06	1.000000e-200	5.921340e-01	1.956951e-194
6.072074e+00	-2.000000e+02	1.180521e+06	1.000000e-200	6.032449e-01	1.956951e-194
6.080000e+00	-2.000000e+02	1.202264e+06	1.000000e-200	6.143558e-01	1.956951e-194
6.088074e+00	-2.000000e+02	1.224824e+06	1.000000e-200	6.258837e-01	1.956951e-194
6.096000e+00	-2.000000e+02	1.247384e+06	1.000000e-200	6.374116e-01	1.956951e-194
6.104074e+00	-2.000000e+02	1.270790e+06	1.000000e-200	6.493721e-01	1.956951e-194
6.112000e+00	-2.000000e+02	1.294196e+06	1.000000e-200	6.613327e-01	1.956951e-194
6.120074e+00	-2.000000e+02	1.318480e+06	1.000000e-200	6.737420e-01	1.956951e-194
6.128000e+00	-2.000000e+02	1.342765e+06	1.000000e-200	6.861514e-01	1.956951e-194
6.136074e+00	-2.000000e+02	1.367961e+06	1.000000e-200	6.990265e-01	1.956951e-194
6.144000e+00	-2.000000e+02	1.393157e+06	1.000000e-200	7.119016e-01	1.956951e-194
6.152074e+00	-2.000000e+02	1.419298e+06	1.000000e-200	7.252599e-01	1.956951e-194
6.160000e+00	-2.000000e+02	1.445440e+06	1.000000e-200	7.386181e-01	1.956951e-194
6.168074e+00	-2.000000e+02	1.472562e+06	1.000000e-200	7.524777e-01	1.956951e-194
6.176000e+00	-2.000000e+02	1.499685e+06	1.000000e-200	7.663373e-01	1.956951e-194
6.184074e+00	-2.000000e+02	1.527825e+06	1.000000e-200	7.807170e-01	1.956951e-194
6.192000e+00	-2.000000e+02	1.555966e+06	1.000000e-200	7.950967e-01	1.956951e-194
6.200074e+00	-2.000000e+02	1.585162e+06	1.000000e-200	8.100161e-01	1.956951e-194
6.208000e+00	-2.000000e+02	1.614359e+06	1.000000e-200	8.249355e-01	1.956951e-194
6.216074e+00	-2.000000e+02	1.644651e+06	1.000000e-200	8.404147e-01	1.956951e-194
6.224000e+00	-2.000000e+02	1.674943e+06	1.000000e-200	8.558940e-01	1.956951e-194
6.232074e+00	-2.000000e+02	1.706372e+06	1.000000e-200	8.719542e-01	1.956951e-194
6.240000e+00	-2.000000e+02	1.737801e+06	1.000000e-200	8.880143e-01	1.956951e-194
6.248074e+00	-2.000000e+02	1.770409e+06	1.000000e-200	9.046772e-01	1.956951e-194
6.256000e+00	-2.000000e+02	1.803018e+06	1.000000e-200	9.213401e-01	1.956951e-194
6.264074e+00	-2.000000e+02	1.836850e+06	1.000000e-200	9.386283e-01	1.956951e-194
6.272000e+00	-2.000000e+02	1.870682e+06	1.000000e-200	9.559165e-01	1.956951e-194
6.280074e+00	-2.000000e+02	1.905784e+06	1.000000e-200	9.738536e-01	1.956951e-194
6.288000e+00	-2.000000e+02	1.940886e+06	1.000000e-200	9.917906e-01	1.956951e-194
6.296074e+00	-2.000000e+02	1.977305e+06	1.000000e-200	1.010401e+00	1.956951e-194
6.304000e+00	-2.000000e+02	2.013724e+06	1.000000e-200	1.029011e+00	1.956951e-194
6.312074e+00	-2.000000e+02	2.051510e+06	1.000000e-200	1.048319e+00	1.956951e-194
6.320000e+00	-2.000000e+02	2.089296e+06	1.000000e-200	1.067628e+00	1.956951e-194
6.328074e+00	-2.000000e+02	2.128500e+06	1.000000e-200	1.087661e+00	1.956951e-194
6.336000e+00	-2.000000e+02	2.167704e+06	1.000000e-200	1.107694e+00	1.956951e-194
6.344074e+00	-2.000000e+02	2.208379e+06	1.000000e-200	1.128479e+00	1.956951e-194
6.352000e+00	-2.000000e+02	2.249055e+06	1.000000e-200	1.149264e+00	1.956951e-194
6.360074e+00	-2.000000e+02	2.291256e+06	1.000000e-200	1.170829e+00	1.956951e-194
6.368000e+00	-2.000000e+02	2.333458e+06	1.000000e-200	1.192395e+00	1.956951e-194
6.376074e+00	-2.000000e+02	2.377244e+06	1.000000e-200	1.214769e+00	1.956951e-194
6.384000e+00	-2.000000e+02	2.421029e+06	1.000000e-200	1.237143e+00	1.956951e-194
6.392074e+00	-2.000000e+02	2.466458e+06	1.000000e-200	1.260357e+00	1.956951e-194
6.400000e+00	-2.000000e+02	2.511886e+06	1.000000e-200	1.283571e+00	1.956951e-194
6.408074e+00	-2.000000e+02	2.559020e+06	1.000000e-200	1.307656e+00	1.956951e-194
6.416000e+00	-2.000000e+02	2.606154e+06	1.000000e-200	1.331742e+00	1.956951e-194
6.424074e+00	-2.000000e+02	2.655056e+06	1.000000e-200	1.356731e+00	1.956951e-194
6.432000e+00	-2.000000e+02	2.703958e+06	1.000000e-200	1.381720e+00	1.956951e-194
6.440074e+00	-2.000000e+02	2.754696e+06	1.000000e-200	1.407647e+00	1.956951e-194
6.448000e+00	-2.000000e+02	2.805434e+06	1.000000e-200	1.433574e+00	1.956951e-194
6.456074e+00	-2.000000e+02	2.858075e+06	1.000000e-200	1.460473e+00	1.956951e-194
6.464000e+00	-2.000000e+02	2.910717e+06	1.000000e-200	1.487373e+00	1.956951e-194
6.472074e+00	-2.000000e+02	2.965334e+06	1.000000e-200	1.515283e+00	1.956951e-194
6.480000e+00	-2.000000e+02	3.019952e+06	1.000000e-200	1.543192e+00	1.956951e-194
6.488074e+00	-2.000000e+02	3.076619e+06	1.000000e-200	1.572149e+00	1.956951e-194
6.496000e+00	-2.000000e+02	3.133286e+06	1.000000e-200	1.601106e+00	1.956951e-194
6.504074e+00	-2.000000e+02	3.192079e+06	1.000000e-200	1.631149e+00	1.956951e-194
6.512000e+00	-2.000000e+02	3.250873e+06	1.000000e-200	1.661193e+00	1.956951e-194
6.520074e+00	-2.000000e+02	3.311873e+06	1.000000e-200	1.692364e+00	1.956951e-194
6.528000e+00	-2.000000e+02	3.372873e+06	1.000000e-200	1.723534e+00	1.956951e-194
6.536074e+00	-2.000000e+02	3.436162e+06	1.000000e-200	1.755875e+00	1.956951e-194
6.544000e+00	-2.000000e+02	3.499452e+06	1.000000e-200	1.788216e+00	1.956951e-194
6.552074e+00	-2.000000e+02	3.565116e+06	1.000000e-200	1.821770e+00	1.956951e-194
6.560000e+00	-2.000000e+02	3.630781e+06	1.000000e-200	1.855325e+00	1.956951e-194
6.568074e+00	-2.000000e+02	3.698909e+06	1.000000e-200	1.890139e+00	1.956951e-194
6.576000e+00	-2.000000e+02	3.767038e+06	1.000000e-200	1.924952e+00	1.956951e-194
6.584074e+00	-2.000000e+02	3.837723e+06	1.000000e-200	1.961073e+00	1.956951e-194
6.592000e+00	-2.000000e+02	3.908409e+06	1.000000e-200	1.997193e+00	1.956951e-194
6.600074e+00	-2.000000e+02	3.981747e+06	1.000000e-200	2.034668e+00	1.956951e-194
6.608000e+00	-2.000000e+02	4.055085e+06	1.000000e-200	2.072144e+00	1.956951e-194
6.616074e+00	-2.000000e+02	4.131176e+06	1.000000e-200	2.111026e+00	1.956951e-194
6.624000e+00	-2.000000e+02	4.207266e+06	1.000000e-200	2.149908e+00	1.956951e-194
6.632074e+00	-2.000000e+02	4.286212e+06	1.000000e-200	2.190250e+00	1.956951e-194
6.640000e+00	-2.000000e+02	4.365158e+06	1.000000e-200	2.230591e+00	1.956951e-194
6.648074e+00	-2.000000e+02	4.447067e+06	1.000000e-200	2.272446e+00	1.956951e-194
6.656000e+00	-2.000000e+02	4.528976e+06	1.000000e-200	2.314302e+00	1.956951e-194
6.664074e+00	-2.000000e+02	4.613958e+06	1.000000e-200	2.357728e+00	1.956951e-194
6.672000e+00	-2.000000e+02	4.698941e+06	1.000000e-200	2.401154e+00	1.956951e-194
6.680074e+00	-2.000000e+02	4.787113e+06	1.000000e-200	2.446210e+00	1.956951e-194
6.688000e+00	-2.000000e+02	4.875285e+06	1.000000e-200	2.491265e+00	1.956951e-194
6.696074e+00	-2.000000e+02	4.966766e+06	1.000000e-200	2.538012e+00	1.956951e-194
6.704000e+00	-2.000000e+02	5.058247e+06	1.000000e-200	2.584759e+00	1.956951e-194
6.712074e+00	-2.000000e+02	5.153161e+06	1.000000e-200	2.633259e+00	1.956951e-194
6.720000e+00	-2.000000e+02	5.248075e+06	1.000000e-200	2.681760e+00	1.956951e-194
6.728074e+00	-2.000000e+02	5.346551e+06	1.000000e-200	2.732082e+00	1.956951e-194
6.736000e+00	-2.000000e+02	5.445027e+06	1.000000e-200	2.782403e+00	1.956951e-194
6.744074e+00	-2.000000e+02	5.547198e+06	1.000000e-200	2.834612e+00	1.956951e-194
6.752000e+00	-2.000000e+02	5.649370e+06	1.000000e-200	2.886822e+00	1.956951e-194
6.760074e+00	-2.000000e+02	5.755376e+06	1.000000e-200	2.940991e+00	1.956951e-194
6.768000e+00	-2.000000e+02	5.861382e+06	1.000000e-200	2.995160e+00	1.956951e-194
6.776074e+00	-2.000000e+02	5.971366e+06	1.000000e-200	3.051361e+00	1.956951e-194
6.784000e+00	-2.000000e+02	6.081350e+06	1.000000e-200	3.107563e+00	1.956951e-194
6.792074e+00	-2.000000e+02	6.195462e+06	1.000000e-200	3.165874e+00	1.956951e-194
6.800000e+00	-2.000000e+02	6.309573e+06	1.000000e-200	3.224185e+00	1.956951e-194
6.808074e+00	-2.000000e+02	6.427968e+06	1.000000e-200	3.284684e+00	1.956951e-194
6.816000e+00	-2.000000e+02	6.546362e+06	1.000000e-200	3.345184e+00	1.956951e-194
6.824074e+00	-2.000000e+02	6.669199e+06	1.000000e-200	3.407953e+00	1.956951e-194
6.832000e+00	-2.000000e+02	6.792036e+06	1.000000e-200	3.470723e+00	1.956951e-194
6.840074e+00	-2.000000e+02	6.919484e+06	1.000000e-200	3.535849e+00	1.956951e-194
6.848000e+00	-2.000000e+02	7.046931e+06	1.000000e-200	3.600974e+00	1.956951e-194
6.856074e+00	-2.000000e+02	7.179161e+06	1.000000e-200	3.668543e+00	1.956951e-194
6.864000e+00	-2.000000e+02	7.311391e+06	1.000000e-200	3.736113e+00	1.956951e-194
6.872074e+00	-2.000000e+02	7.448583e+06	1.000000e-200	3.806218e+00	1.956951e-194
6.880000e+00	-2.000000e+02	7.585776e+06	1.000000e-200	3.876323e+00	1.956951e-194
6.888074e+00	-2.000000e+02	7.728117e+06	1.000000e-200	3.949059e+00	1.956951e-194
6.896000e+00	-2.000000e+02	7.870458e+06	1.000000e-200	4.021795e+00	1.956951e-194
6.904074e+00	-2.000000e+02	8.018141e+06	1.000000e-200	4.097261e+00	1.956951e-194
6.912000e+00	-2.000000e+02	8.165824e+06	1.000000e-200	4.172727e+00	1.956951e-194
6.920074e+00	-2.000000e+02	8.319049e+06	1.000000e-200	4.251025e+00	1.956951e-194
6.928000e+00	-2.000000e+02	8.472274e+06	1.000000e-200	4.329323e+00	1.956951e-194
6.936074e+00	-2.000000e+02	8.631250e+06	1.000000e-200	4.410559e+00	1.956951e-194
6.944000e+00	-2.000000e+02	8.790225e+06	1.000000e-200	4.491795e+00	1.956951e-194
6.952074e+00	-2.000000e+02	8.955167e+06	1.000000e-200	4.576080e+00	1.956951e-194
6.960000e+00	-2.000000e+02	9.120108e+06	1.000000e-200	4.660365e+00	1.956951e-194
6.968074e+00	-2.000000e+02	9.291240e+06	1.000000e-200	4.747814e+00	1.956951e-194
6.976000e+00	-2.000000e+02	9.462372e+06	1.000000e-200	4.835262e+00	1.956951e-194
6.984074e+00	-2.000000e+02	9.639926e+06	1.000000e-200	4.925991e+00	1.956951e-194
6.992000e+00	-2.000000e+02	9.817479e+06	1.000000e-200	5.016721e+00	1.956951e-194
7.000074e+00	-2.000000e+02	1.000170e+07	1.000000e-200	5.110856e+00	1.956951e-194
7.008000e+00	-2.000000e+02	1.018591e+07	1.000000e-200	5.204991e+00	1.956951e-194
7.016074e+00	-2.000000e+02	1.037704e+07	1.000000e-200	5.302658e+00	1.956951e-194
7.024000e+00	-2.000000e+02	1.056818e+07	1.000000e-200	5.400326e+00	1.956951e-194
7.032074e+00	-2.000000e+02	1.076648e+07	1.000000e-200	5.501659e+00	1.956951e-194
7.040000e+00	-2.000000e+02	1.096478e+07	1.000000e-200	5.602992e+00	1.956951e-194
7.048074e+00	-2.000000e+02	1.117053e+07	1.000000e-200	5.708127e+00	1.956951e-194
7.056000e+00	-2.000000e+02	1.137627e+07	1.000000e-200	5.813263e+00	1.956951e-194
7.064074e+00	-2.000000e+02	1.158974e+07	1.000000e-200	5.922344e+00	1.956951e-194
7.072000e+00	-2.000000e+02	1.180321e+07	1.000000e-200	6.031426e+00	1.956951e-194
7.080074e+00	-2.000000e+02	1.202468e+07	1.000000e-200	6.144601e+00	1.956951e-194
7.088000e+00	-2.000000e+02	1.224616e+07	1.000000e-200	6.257775e+00	1.956951e-194
7.096074e+00	-2.000000e+02	1.247595e+07	1.000000e-200	6.375198e+00	1.956951e-194
7.104000e+00	-2.000000e+02	1.270574e+07	1.000000e-200	6.492620e+00	1.956951e-194
7.112074e+00	-2.000000e+02	1.294415e+07	1.000000e-200	6.614449e+00	1.956951e-194
7.120000e+00	-2.000000e+02	1.318257e+07	1.000000e-200	6.736278e+00	1.956951e-194
7.128074e+00	-2.000000e+02	1.342993e+07	1.000000e-200	6.862678e+00	1.956951e-194
7.136000e+00	-2.000000e+02	1.367729e+07	1.000000e-200	6.989079e+00	1.956951e-194
7.144074e+00	-2.000000e+02	1.393393e+07	1.000000e-200	7.120224e+00	1.956951e-194
7.152000e+00	-2.000000e+02	1.419058e+07	1.000000e-200	7.251368e+00	1.956951e-194
7.160074e+00	-2.000000e+02	1.445685e+07	1.000000e-200	7.387435e+00	1.956951e-194
7.168000e+00	-2.000000e+02	1.472313e+07	1.000000e-200	7.523501e+00	1.956951e-194
7.176074e+00	-2.000000e+02	1.499939e+07	1.000000e-200	7.664673e+00	1.956951e-194
7.184000e+00	-2.000000e+02	1.527566e+07	1.000000e-200	7.805846e+00	1.956951e-194
7.192074e+00	-2.000000e+02	1.556230e+07	1.000000e-200	7.952316e+00	1.956951e-194
7.200000e+00	-2.000000e+02	1.584893e+07	1.000000e-200	8.098787e+00	1.956951e-194
7.208074e+00	-2.000000e+02	1.614632e+07	1.000000e-200	8.250754e+00	1.956951e-194
7.216000e+00	-2.000000e+02	1.644372e+07	1.000000e-200	8.402722e+00	1.956951e-194
7.224074e+00	-2.000000e+02	1.675227e+07	1.000000e-200	8.560392e+00	1.956951e-194
7.232000e+00	-2.000000e+02	1.706082e+07	1.000000e-200	8.718062e+00	1.956951e-194
7.240074e+00	-2.000000e+02	1.738096e+07	1.000000e-200	8.881650e+00	1.956951e-194
7.248000e+00	-2.000000e+02	1.770109e+07	1.000000e-200	9.045237e+00	1.956951e-194
7.256074e+00	-2.000000e+02	1.803324e+07	1.000000e-200	9.214964e+00	1.956951e-194
7.264000e+00	-2.000000e+02	1.836538e+07	1.000000e-200	9.384691e+00	1.956951e-194
7.272074e+00	-2.000000e+02	1.871000e+07	1.000000e-200	9.560787e+00	1.956951e-194
7.280000e+00	-2.000000e+02	1.905461e+07	1.000000e-200	9.736883e+00	1.956951e-194
7.288074e+00	-2.000000e+02	1.941215e+07	1.000000e-200	9.919588e+00	1.956951e-194
7.296000e+00	-2.000000e+02	1.976970e+07	1.000000e-200	1.010229e+01	1.956951e-194
7.304074e+00	-2.000000e+02	2.014066e+07	1.000000e-200	1.029185e+01	1.956951e-194
7.312000e+00	-2.000000e+02	2.051162e+07	1.000000e-200	1.048142e+01	1.956951e-194
7.320074e+00	-2.000000e+02	2.089651e+07	1.000000e-200	1.067809e+01	1.956951e-194
7.328000e+00	-2.000000e+02	2.128139e+07	1.000000e-200	1.087477e+01	1.956951e-194
7.336074e+00	-2.000000e+02	2.168072e+07	1.000000e-200	1.107882e+01	1.956951e-194
7.344000e+00	-2.000000e+02	2.208005e+07	1.000000e-200	1.128288e+01	1.956951e-194
7.352074e+00	-2.000000e+02	2.249436e+07	1.000000e-200	1.149459e+01	1.956951e-194
7.360000e+00	-2.000000e+02	2.290868e+07	1.000000e-200	1.170631e+01	1.956951e-194
7.368074e+00	-2.000000e+02	2.333854e+07	1.000000e-200	1.192597e+01	1.956951e-194
7.376000e+00	-2.000000e+02	2.376840e+07	1.000000e-200	1.214563e+01	1.956951e-194
7.384074e+00	-2.000000e+02	2.421440e+07	1.000000e-200	1.237353e+01	1.956951e-194
7.392000e+00	-2.000000e+02	2.466039e+07	1.000000e-200	1.260143e+01	1.956951e-194
7.400074e+00	-2.000000e+02	2.512313e+07	1.000000e-200	1.283789e+01	1.956951e-194
7.408000e+00	-2.000000e+02	2.558586e+07	1.000000e-200	1.307435e+01	1.956951e-194
7.416074e+00	-2.000000e+02	2.606596e+07	1.000000e-200	1.331968e+01	1.956951e-194
7.424000e+00	-2.000000e+02	2.654606e+07	1.000000e-200	1.356501e+01	1.956951e-194
7.432074e+00	-2.000000e+02	2.704417e+07	1.000000e-200	1.381954e+01	1.956951e-194
7.440000e+00	-2.000000e+02	2.754229e+07	1.000000e-200	1.407408e+01	1.956951e-194
7.448074e+00	-2.000000e+02	2.805910e+07	1.000000e-200	1.433817e+01	1.956951e-194
7.456000e+00	-2.000000e+02	2.857591e+07	1.000000e-200	1.460226e+01	1.956951e-194
7.464074e+00	-2.000000e+02	2.911211e+07	1.000000e-200	1.487626e+01	1.956951e-194
7.472000e+00	-2.000000e+02	2.964831e+07	1.000000e-200	1.515026e+01	1.956951e-194
7.480074e+00	-2.000000e+02	3.020464e+07	1.000000e-200	1.543454e+01	1.956951e-194
7.488000e+00	-2.000000e+02	3.076097e+07	1.000000e-200	1.571882e+01	1.956951e-194
7.496074e+00	-2.000000e+02	3.133817e+07	1.000000e-200	1.601377e+01	1.956951e-194
7.504000e+00	-2.000000e+02	3.191538e+07	1.000000e-200	1.630872e+01	1.956951e-194
7.512074e+00	-2.000000e+02	3.251425e+07	1.000000e-200	1.661474e+01	1.956951e-194
7.520000e+00	-2.000000e+02	3.311311e+07	1.000000e-200	1.692076e+01	1.956951e-194
7.528074e+00	-2.000000e+02	3.373445e+07	1.000000e-200	1.723827e+01	1.956951e-194
7.536000e+00	-2.000000e+02	3.435579e+07	1.000000e-200	1.755577e+01	1.956951e-194
7.544074e+00	-2.000000e+02	3.500045e+07	1.000000e-200	1.788519e+01	1.956951e-194
7.552000e+00	-2.000000e+02	3.564511e+07	1.000000e-200	1.821461e+01	1.956951e-194
7.560074e+00	-2.000000e+02	3.631397e+07	1.000000e-200	1.855640e+01	1.956951e-194
7.568000e+00	-2.000000e+02	3.698282e+07	1.000000e-200	1.889818e+01	1.956951e-194
7.576074e+00	-2.000000e+02	3.767677e+07	1.000000e-200	1.925279e+01	1.956951e-194
7.584000e+00	-2.000000e+02	3.837072e+07	1.000000e-200	1.960740e+01	1.956951e-194
7.592074e+00	-2.000000e+02	3.909072e+07	1.000000e-200	1.997532e+01	1.956951e-194
7.600000e+00	-2.000000e+02	3.981072e+07	1.000000e-200	2.034323e+01	1.956951e-194
7.608074e+00	-2.000000e+02	4.055773e+07	1.000000e-200	2.072496e+01	1.956951e-194
7.616000e+00	-2.000000e+02	4.130475e+07	1.000000e-200	2.110668e+01	1.956951e-194
7.624074e+00	-2.000000e+02	4.207980e+07	1.000000e-200	2.150273e+01	1.956951e-194
7.632000e+00	-2.000000e+02	4.285485e+07	1.000000e-200	2.189878e+01	1.956951e-194
7.640074e+00	-2.000000e+02	4.365899e+07	1.000000e-200	2.230970e+01	1.956951e-194
7.648000e+00	-2.000000e+02	4.446313e+07	1.000000e-200	2.272061e+01	1.956951e-194
7.656074e+00	-2.000000e+02	4.529744e+07	1.000000e-200	2.314694e+01	1.956951e-194
7.664000e+00	-2.000000e+02	4.613176e+07	1.000000e-200	2.357328e+01	1.956951e-194
7.672074e+00	-2.000000e+02	4.699738e+07	1.000000e-200	2.401561e+01	1.956951e-194
7.680000e+00	-2.000000e+02	4.786301e+07	1.000000e-200	2.445795e+01	1.956951e-194
7.688074e+00	-2.000000e+02	4.876112e+07	1.000000e-200	2.491688e+01	1.956951e-194
7.696000e+00	-2.000000e+02	4.965923e+07	1.000000e-200	2.537581e+01	1.956951e-194
7.704074e+00	-2.000000e+02	5.059105e+07	1.000000e-200	2.585197e+01	1.956951e-194
7.712000e+00	-2.000000e+02	5.152286e+07	1.000000e-200	2.632813e+01	1.956951e-194
7.720074e+00	-2.000000e+02	5.248965e+07	1.000000e-200	2.682215e+01	1.956951e-194
7.728000e+00	-2.000000e+02	5.345644e+07	1.000000e-200	2.731618e+01	1.956951e-194
7.736074e+00	-2.000000e+02	5.445950e+07	1.000000e-200	2.782875e+01	1.956951e-194
7.744000e+00	-2.000000e+02	5.546257e+07	1.000000e-200	2.834131e+01	1.956951e-194
7.752074e+00	-2.000000e+02	5.650328e+07	1.000000e-200	2.887312e+01	1.956951e-194
7.760000e+00	-2.000000e+02	5.754399e+07	1.000000e-200	2.940492e+01	1.956951e-194
7.768074e+00	-2.000000e+02	5.862376e+07	1.000000e-200	2.995668e+01	1.956951e-194
7.776000e+00	-2.000000e+02	5.970353e+07	1.000000e-200	3.050844e+01	1.956951e-194
7.784074e+00	-2.000000e+02	6.082382e+07	1.000000e-200	3.108090e+01	1.956951e-194
7.792000e+00	-2.000000e+02	6.194411e+07	1.000000e-200	3.165337e+01	1.956951e-194
7.800074e+00	-2.000000e+02	6.310644e+07	1.000000e-200	3.224732e+01	1.956951e-194
7.808000e+00	-2.000000e+02	6.426877e+07	1.000000e-200	3.284127e+01	1.956951e-194
7.816074e+00	-2.000000e+02	6.547472e+07	1.000000e-200	3.345751e+01	1.956951e-194
7.824000e+00	-2.000000e+02	6.668068e+07	1.000000e-200	3.407375e+01	1.956951e-194
7.832074e+00	-2.000000e+02	6.793189e+07	1.000000e-200	3.471312e+01	1.956951e-194
7.840000e+00	-2.000000e+02	6.918310e+07	1.000000e-200	3.535249e+01	1.956951e-194
7.848074e+00	-2.000000e+02	7.048126e+07	1.000000e-200	3.601585e+01	1.956951e-194
7.856000e+00	-2.000000e+02	7.177943e+07	1.000000e-200	3.667921e+01	1.956951e-194
7.864074e+00	-2.000000e+02	7.312631e+07	1.000000e-200	3.736747e+01	1.956951e-194
7.872000e+00	-2.000000e+02	7.447320e+07	1.000000e-200	3.805572e+01	1.956951e-194
7.880074e+00	-2.000000e+02	7.587063e+07	1.000000e-200	3.876981e+01	1.956951e-194
7.888000e+00	-2.000000e+02	7.726806e+07	1.000000e-200	3.948389e+01	1.956951e-194
7.896074e+00	-2.000000e+02	7.871793e+07	1.000000e-200	4.022478e+01	1.956951e-194
7.904000e+00	-2.000000e+02	8.016781e+07	1.000000e-200	4.096566e+01	1.956951e-194
7.912074e+00	-2.000000e+02	8.167209e+07	1.000000e-200	4.173435e+01	1.956951e-194
7.920000e+00	-2.000000e+02	8.317638e+07	1.000000e-200	4.250304e+01	1.956951e-194
7.928074e+00	-2.000000e+02	8.473712e+07	1.000000e-200	4.330057e+01	1.956951e-194
7.936000e+00	-2.000000e+02	8.629785e+07	1.000000e-200	4.409811e+01	1.956951e-194
7.944074e+00	-2.000000e+02	8.791717e+07	1.000000e-200	4.492558e+01	1.956951e-194
7.952000e+00	-2.000000e+02	8.953648e+07	1.000000e-200	4.575304e+01	1.956951e-194
7.960074e+00	-2.000000e+02	9.121656e+07	1.000000e-200	4.661156e+01	1.956951e-194
7.968000e+00	-2.000000e+02	9.289664e+07	1.000000e-200	4.747008e+01	1.956951e-194
7.976074e+00	-2.000000e+02	9.463977e+07	1.000000e-200	4.836082e+01	1.956951e-194
7.984000e+00	-2.000000e+02	9.638290e+07	1.000000e-200	4.925156e+01	1.956951e-194
7.992074e+00	-2.000000e+02	9.819145e+07	1.000000e-200	5.017572e+01	1.956951e-194
8.000000e+00	-2.000000e+02	1.000000e+08	1.000000e-200	5.109989e+01	1.956951e-194
