#######################################################################################################
#_obs is as observed from the earth: beaming+cosmo   
#_src is in the AGN rest frame     :cosmo         
#_blob is in the blob rest frame                   
# log(nu_obs)|  log(nu_obs*F_nu_obs)|  nu_obs| nu_obs*F_nu_obs|   nu_src| nu_src*L_nu_src|  nu_blob| nu_blob*L_nu_blob|     
#######################################################################################################
7.3848e+00	 -1.7907e+01	 2.4253e+07	 1.2394e-18	2.5000e+07	2.6316e+36	1.0000e+06	6.7508e+30 
7.7408e+00	 -1.6852e+01	 5.5059e+07	 1.4068e-17	5.6755e+07	2.9870e+37	2.2702e+06	7.7470e+31 
8.0969e+00	 -1.5921e+01	 1.2499e+08	 1.1999e-16	1.2884e+08	2.5478e+38	5.1538e+06	5.8713e+32 
8.4530e+00	 -1.5247e+01	 2.8376e+08	 5.6686e-16	2.9250e+08	1.2036e+39	1.1700e+07	2.4523e+33 
8.8090e+00	 -1.4713e+01	 6.4419e+08	 1.9382e-15	6.6403e+08	4.1153e+39	2.6561e+07	8.0295e+33 
9.1651e+00	 -1.4222e+01	 1.4624e+09	 5.9927e-15	1.5075e+09	1.2724e+40	6.0299e+07	2.4533e+34 
9.5211e+00	 -1.3744e+01	 3.3200e+09	 1.8031e-14	3.4223e+09	3.8285e+40	1.3689e+08	7.3585e+34 
9.8772e+00	 -1.3269e+01	 7.5370e+09	 5.3838e-14	7.7692e+09	1.1431e+41	3.1077e+08	2.1954e+35 
1.0233e+01	 -1.2795e+01	 1.7110e+10	 1.6028e-13	1.7637e+10	3.4032e+41	7.0550e+08	6.5347e+35 
1.0589e+01	 -1.2322e+01	 3.8844e+10	 4.7595e-13	4.0040e+10	1.0106e+42	1.6016e+09	1.9404e+36 
1.0945e+01	 -1.1851e+01	 8.8183e+10	 1.4082e-12	9.0899e+10	2.9900e+42	3.6360e+09	5.7409e+36 
1.1301e+01	 -1.1383e+01	 2.0019e+11	 4.1398e-12	2.0636e+11	8.7901e+42	8.2543e+09	1.6877e+37 
1.1658e+01	 -1.0920e+01	 4.5448e+11	 1.2034e-11	4.6847e+11	2.5552e+43	1.8739e+10	4.9060e+37 
1.2014e+01	 -1.0465e+01	 1.0317e+12	 3.4281e-11	1.0635e+12	7.2788e+43	4.2541e+10	1.3975e+38 
1.2370e+01	 -1.0027e+01	 2.3423e+12	 9.4073e-11	2.4144e+12	1.9974e+44	9.6576e+10	3.8351e+38 
1.2726e+01	 -9.6187e+00	 5.3174e+12	 2.4060e-10	5.4811e+12	5.1086e+44	2.1925e+11	9.8085e+38 
1.3082e+01	 -9.2691e+00	 1.2071e+13	 5.3811e-10	1.2443e+13	1.1426e+45	4.9773e+11	2.1937e+39 
1.3438e+01	 -9.0264e+00	 2.7404e+13	 9.4097e-10	2.8248e+13	1.9979e+45	1.1299e+12	3.8360e+39 
1.3794e+01	 -8.9466e+00	 6.2213e+13	 1.1310e-09	6.4129e+13	2.4013e+45	2.5652e+12	4.6106e+39 
1.4150e+01	 -9.0043e+00	 1.4124e+14	 9.9016e-10	1.4559e+14	2.1024e+45	5.8234e+12	4.0366e+39 
1.4506e+01	 -9.0928e+00	 3.2063e+14	 8.0769e-10	3.3051e+14	1.7150e+45	1.3220e+13	3.2927e+39 
1.4862e+01	 -9.1818e+00	 7.2790e+14	 6.5801e-10	7.5031e+14	1.3971e+45	3.0013e+13	2.6825e+39 
1.5218e+01	 -9.2708e+00	 1.6525e+15	 5.3606e-10	1.7034e+15	1.1382e+45	6.8134e+13	2.1854e+39 
1.5574e+01	 -9.3598e+00	 3.7514e+15	 4.3671e-10	3.8669e+15	9.2727e+44	1.5468e+14	1.7804e+39 
1.5930e+01	 -9.4488e+00	 8.5164e+15	 3.5577e-10	8.7787e+15	7.5541e+44	3.5115e+14	1.4504e+39 
1.6286e+01	 -9.5379e+00	 1.9334e+16	 2.8982e-10	1.9929e+16	6.1538e+44	7.9717e+14	1.1815e+39 
1.6642e+01	 -9.6270e+00	 4.3891e+16	 2.3606e-10	4.5243e+16	5.0122e+44	1.8097e+15	9.6235e+38 
1.6998e+01	 -9.7163e+00	 9.9642e+16	 1.9216e-10	1.0271e+17	4.0802e+44	4.1084e+15	7.8339e+38 
1.7355e+01	 -9.8066e+00	 2.2621e+17	 1.5612e-10	2.3317e+17	3.3148e+44	9.3269e+15	6.3644e+38 
1.7711e+01	 -9.8997e+00	 5.1353e+17	 1.2597e-10	5.2935e+17	2.6746e+44	2.1174e+16	5.1353e+38 
1.8067e+01	 -1.0003e+01	 1.1658e+18	 9.9382e-11	1.2017e+18	2.1102e+44	4.8069e+16	4.0515e+38 
1.8423e+01	 -1.0136e+01	 2.6466e+18	 7.3165e-11	2.7281e+18	1.5535e+44	1.0912e+17	2.9827e+38 
1.8779e+01	 -1.0354e+01	 6.0083e+18	 4.4273e-11	6.1934e+18	9.4004e+43	2.4773e+17	1.8049e+38 
1.9135e+01	 -1.0793e+01	 1.3640e+19	 1.6111e-11	1.4060e+19	3.4208e+43	5.6240e+17	6.5679e+37 
1.9491e+01	 -1.1765e+01	 3.0965e+19	 1.7179e-12	3.1919e+19	3.6475e+42	1.2768e+18	7.0033e+36 
1.9847e+01	 -1.3972e+01	 7.0297e+19	 1.0670e-14	7.2462e+19	2.2656e+40	2.8985e+18	4.3500e+34 
2.0203e+01	 -1.8994e+01	 1.5959e+20	 1.0128e-19	1.6450e+20	2.1504e+35	6.5801e+18	4.1287e+29 
2.0559e+01	 -3.0432e+01	 3.6229e+20	 3.7000e-31	3.7345e+20	7.8561e+23	1.4938e+19	1.5084e+18 
2.0915e+01	 -5.6508e+01	 8.2248e+20	 3.1038e-57	8.4781e+20	6.5903e-03	3.3912e+19	1.2653e-08 
