########################################################################
#_obs is as observed from the earth: beaming+cosmo   
#log(nu_obs) log(nuFnu_somma_obs)  log(nuFnu_Sync_obs) log(nuFnu_SSC_obs)  log(nu_Fnu_Disk_obs) log(nu_Fnu_DT_obs)  log(nu_Fnu_Star_obs) log(nu_Fnu_EC_Disk_obs) log(nu_Fnu_EC_BLR_obs) log(nu_Fnu_EC_DT_obs)   log(nu_Fnu_EC_Star_obs) log(nu_Fnu_EC_CMB_obs)  
########################################################################
6.0000e+00	 -1.2000e+02	 -1.2000e+02	 -1.2000e+02	 -1.2000e+02	 -1.2000e+02	 -1.2000e+02	 -1.2000e+02	 -1.2000e+02	 -1.2000e+02	 -1.2000e+02	 -1.2000e+02	 -1.2000e+02
6.1200e+00	 -1.2000e+02	 -1.2000e+02	 -1.2000e+02	 -1.2000e+02	 -1.2000e+02	 -1.2000e+02	 -1.2000e+02	 -1.2000e+02	 -1.2000e+02	 -1.2000e+02	 -1.2000e+02	 -1.2000e+02
6.2400e+00	 -1.2000e+02	 -1.2000e+02	 -1.2000e+02	 -1.2000e+02	 -1.2000e+02	 -1.2000e+02	 -1.2000e+02	 -1.2000e+02	 -1.2000e+02	 -1.2000e+02	 -1.2000e+02	 -1.2000e+02
6.3600e+00	 -1.2000e+02	 -1.2000e+02	 -1.2000e+02	 -1.2000e+02	 -1.2000e+02	 -1.2000e+02	 -1.2000e+02	 -1.2000e+02	 -1.2000e+02	 -1.2000e+02	 -1.2000e+02	 -1.2000e+02
6.4800e+00	 -1.2000e+02	 -1.2000e+02	 -1.2000e+02	 -1.2000e+02	 -1.2000e+02	 -1.2000e+02	 -1.2000e+02	 -1.2000e+02	 -1.2000e+02	 -1.2000e+02	 -1.2000e+02	 -1.2000e+02
6.6000e+00	 -1.2000e+02	 -1.2000e+02	 -1.2000e+02	 -1.2000e+02	 -1.2000e+02	 -1.2000e+02	 -1.2000e+02	 -1.2000e+02	 -1.2000e+02	 -1.2000e+02	 -1.2000e+02	 -1.2000e+02
6.7200e+00	 -1.2000e+02	 -1.2000e+02	 -1.2000e+02	 -1.2000e+02	 -1.2000e+02	 -1.2000e+02	 -1.2000e+02	 -1.2000e+02	 -1.2000e+02	 -1.2000e+02	 -1.2000e+02	 -1.2000e+02
6.8400e+00	 -1.2000e+02	 -1.2000e+02	 -1.2000e+02	 -1.2000e+02	 -1.2000e+02	 -1.2000e+02	 -1.2000e+02	 -1.2000e+02	 -1.2000e+02	 -1.2000e+02	 -1.2000e+02	 -1.2000e+02
6.9600e+00	 -1.2000e+02	 -1.2000e+02	 -1.2000e+02	 -1.2000e+02	 -1.2000e+02	 -1.2000e+02	 -1.2000e+02	 -1.2000e+02	 -1.2000e+02	 -1.2000e+02	 -1.2000e+02	 -1.2000e+02
7.0800e+00	 -1.2000e+02	 -1.2000e+02	 -1.2000e+02	 -1.2000e+02	 -1.2000e+02	 -1.2000e+02	 -1.2000e+02	 -1.2000e+02	 -1.2000e+02	 -1.2000e+02	 -1.2000e+02	 -1.2000e+02
7.2000e+00	 -1.2000e+02	 -1.2000e+02	 -1.2000e+02	 -1.2000e+02	 -1.2000e+02	 -1.2000e+02	 -1.2000e+02	 -1.2000e+02	 -1.2000e+02	 -1.2000e+02	 -1.2000e+02	 -1.2000e+02
7.3200e+00	 -1.2000e+02	 -1.2000e+02	 -1.2000e+02	 -1.2000e+02	 -1.2000e+02	 -1.2000e+02	 -1.2000e+02	 -1.2000e+02	 -1.2000e+02	 -1.2000e+02	 -1.2000e+02	 -1.2000e+02
7.4400e+00	 -1.9866e+01	 -1.9866e+01	 -1.2000e+02	 -1.2000e+02	 -1.2000e+02	 -1.2000e+02	 -1.2000e+02	 -1.2000e+02	 -1.2000e+02	 -1.2000e+02	 -1.2000e+02	 -1.2000e+02
7.5600e+00	 -1.9506e+01	 -1.9506e+01	 -1.2000e+02	 -1.2000e+02	 -1.2000e+02	 -1.2000e+02	 -1.2000e+02	 -1.2000e+02	 -1.2000e+02	 -1.2000e+02	 -1.2000e+02	 -1.2000e+02
7.6800e+00	 -1.9146e+01	 -1.9146e+01	 -1.2000e+02	 -1.2000e+02	 -1.2000e+02	 -1.2000e+02	 -1.2000e+02	 -1.2000e+02	 -1.2000e+02	 -1.2000e+02	 -1.2000e+02	 -1.2000e+02
7.8000e+00	 -1.8786e+01	 -1.8786e+01	 -1.2000e+02	 -1.2000e+02	 -1.2000e+02	 -1.2000e+02	 -1.2000e+02	 -1.2000e+02	 -1.2000e+02	 -1.2000e+02	 -1.2000e+02	 -1.2000e+02
7.9200e+00	 -1.8426e+01	 -1.8426e+01	 -1.2000e+02	 -1.2000e+02	 -1.2000e+02	 -1.2000e+02	 -1.2000e+02	 -1.2000e+02	 -1.2000e+02	 -1.2000e+02	 -1.2000e+02	 -1.2000e+02
8.0400e+00	 -1.8066e+01	 -1.8066e+01	 -1.2000e+02	 -1.2000e+02	 -1.2000e+02	 -1.2000e+02	 -1.2000e+02	 -1.2000e+02	 -1.2000e+02	 -1.2000e+02	 -1.2000e+02	 -1.2000e+02
8.1600e+00	 -1.7706e+01	 -1.7706e+01	 -1.2000e+02	 -1.2000e+02	 -1.2000e+02	 -1.2000e+02	 -1.2000e+02	 -1.2000e+02	 -1.2000e+02	 -1.2000e+02	 -1.2000e+02	 -1.2000e+02
8.2800e+00	 -1.7347e+01	 -1.7347e+01	 -1.2000e+02	 -1.2000e+02	 -1.2000e+02	 -1.2000e+02	 -1.2000e+02	 -1.2000e+02	 -1.2000e+02	 -1.2000e+02	 -1.2000e+02	 -1.2000e+02
8.4000e+00	 -1.6987e+01	 -1.6987e+01	 -1.2000e+02	 -1.2000e+02	 -1.2000e+02	 -1.2000e+02	 -1.2000e+02	 -1.2000e+02	 -1.2000e+02	 -1.2000e+02	 -1.2000e+02	 -1.2000e+02
8.5200e+00	 -1.6628e+01	 -1.6628e+01	 -1.2000e+02	 -1.2000e+02	 -1.2000e+02	 -1.2000e+02	 -1.2000e+02	 -1.2000e+02	 -1.2000e+02	 -1.2000e+02	 -1.2000e+02	 -1.2000e+02
8.6400e+00	 -1.6270e+01	 -1.6270e+01	 -1.2000e+02	 -1.2000e+02	 -1.2000e+02	 -1.2000e+02	 -1.2000e+02	 -1.2000e+02	 -1.2000e+02	 -1.2000e+02	 -1.2000e+02	 -1.2000e+02
8.7600e+00	 -1.5913e+01	 -1.5913e+01	 -1.2000e+02	 -1.2000e+02	 -1.2000e+02	 -1.2000e+02	 -1.2000e+02	 -1.2000e+02	 -1.2000e+02	 -1.2000e+02	 -1.2000e+02	 -1.2000e+02
8.8800e+00	 -1.5570e+01	 -1.5570e+01	 -1.2000e+02	 -1.2000e+02	 -1.2000e+02	 -1.2000e+02	 -1.2000e+02	 -1.2000e+02	 -1.2000e+02	 -1.2000e+02	 -1.2000e+02	 -1.2000e+02
9.0000e+00	 -1.5238e+01	 -1.5238e+01	 -1.2000e+02	 -1.2000e+02	 -1.2000e+02	 -1.2000e+02	 -1.2000e+02	 -1.2000e+02	 -1.2000e+02	 -1.2000e+02	 -1.2000e+02	 -1.2000e+02
9.1200e+00	 -1.4907e+01	 -1.4907e+01	 -1.2000e+02	 -1.2000e+02	 -1.2000e+02	 -1.2000e+02	 -1.2000e+02	 -1.2000e+02	 -1.2000e+02	 -1.2000e+02	 -1.2000e+02	 -1.2000e+02
9.2400e+00	 -1.4627e+01	 -1.4627e+01	 -1.2000e+02	 -1.2000e+02	 -1.2000e+02	 -1.2000e+02	 -1.2000e+02	 -1.2000e+02	 -1.2000e+02	 -1.2000e+02	 -1.2000e+02	 -1.2000e+02
9.3600e+00	 -1.4379e+01	 -1.4379e+01	 -1.2000e+02	 -1.2000e+02	 -1.2000e+02	 -1.2000e+02	 -1.2000e+02	 -1.2000e+02	 -1.2000e+02	 -1.2000e+02	 -1.2000e+02	 -1.2000e+02
9.4800e+00	 -1.4131e+01	 -1.4131e+01	 -1.2000e+02	 -1.2000e+02	 -1.2000e+02	 -1.2000e+02	 -1.2000e+02	 -1.2000e+02	 -1.2000e+02	 -1.2000e+02	 -1.2000e+02	 -1.2000e+02
9.6000e+00	 -1.3923e+01	 -1.3923e+01	 -1.2000e+02	 -1.2000e+02	 -1.2000e+02	 -1.2000e+02	 -1.2000e+02	 -1.2000e+02	 -1.2000e+02	 -1.2000e+02	 -1.2000e+02	 -1.2000e+02
9.7200e+00	 -1.3735e+01	 -1.3735e+01	 -1.2000e+02	 -1.2000e+02	 -1.2000e+02	 -1.2000e+02	 -1.2000e+02	 -1.2000e+02	 -1.2000e+02	 -1.2000e+02	 -1.2000e+02	 -1.2000e+02
9.8400e+00	 -1.3548e+01	 -1.3548e+01	 -1.2000e+02	 -1.2000e+02	 -1.2000e+02	 -1.2000e+02	 -1.2000e+02	 -1.2000e+02	 -1.2000e+02	 -1.2000e+02	 -1.2000e+02	 -1.2000e+02
9.9600e+00	 -1.3374e+01	 -1.3374e+01	 -1.2000e+02	 -1.2000e+02	 -1.2000e+02	 -1.2000e+02	 -1.2000e+02	 -1.2000e+02	 -1.2000e+02	 -1.2000e+02	 -1.2000e+02	 -1.2000e+02
1.0080e+01	 -1.3207e+01	 -1.3207e+01	 -1.2000e+02	 -1.2000e+02	 -1.2000e+02	 -1.2000e+02	 -1.2000e+02	 -1.2000e+02	 -1.2000e+02	 -1.2000e+02	 -1.2000e+02	 -1.2000e+02
1.0200e+01	 -1.3040e+01	 -1.3040e+01	 -1.2000e+02	 -1.2000e+02	 -1.2000e+02	 -1.2000e+02	 -1.2000e+02	 -1.2000e+02	 -1.2000e+02	 -1.2000e+02	 -1.2000e+02	 -1.2000e+02
1.0320e+01	 -1.2878e+01	 -1.2878e+01	 -1.2000e+02	 -1.2000e+02	 -1.2000e+02	 -1.2000e+02	 -1.2000e+02	 -1.2000e+02	 -1.2000e+02	 -1.2000e+02	 -1.2000e+02	 -1.2000e+02
1.0440e+01	 -1.2717e+01	 -1.2717e+01	 -1.2000e+02	 -1.2000e+02	 -1.2000e+02	 -1.2000e+02	 -1.2000e+02	 -1.2000e+02	 -1.2000e+02	 -1.2000e+02	 -1.2000e+02	 -1.2000e+02
1.0560e+01	 -1.2556e+01	 -1.2556e+01	 -1.2000e+02	 -1.2000e+02	 -1.2000e+02	 -1.2000e+02	 -1.2000e+02	 -1.2000e+02	 -1.2000e+02	 -1.2000e+02	 -1.2000e+02	 -1.2000e+02
1.0680e+01	 -1.2397e+01	 -1.2397e+01	 -1.2000e+02	 -1.2000e+02	 -1.2000e+02	 -1.2000e+02	 -1.2000e+02	 -1.2000e+02	 -1.2000e+02	 -1.2000e+02	 -1.2000e+02	 -1.2000e+02
1.0800e+01	 -1.2238e+01	 -1.2238e+01	 -1.2000e+02	 -1.2000e+02	 -1.2000e+02	 -1.2000e+02	 -1.2000e+02	 -1.2000e+02	 -1.2000e+02	 -1.2000e+02	 -1.2000e+02	 -1.2000e+02
1.0920e+01	 -1.2080e+01	 -1.2080e+01	 -1.2000e+02	 -1.2000e+02	 -1.2000e+02	 -1.2000e+02	 -1.2000e+02	 -1.2000e+02	 -1.2000e+02	 -1.2000e+02	 -1.2000e+02	 -1.2000e+02
1.1040e+01	 -1.1922e+01	 -1.1922e+01	 -1.2000e+02	 -1.2000e+02	 -1.2000e+02	 -1.2000e+02	 -1.2000e+02	 -1.2000e+02	 -1.2000e+02	 -1.2000e+02	 -1.2000e+02	 -1.2000e+02
1.1160e+01	 -1.1765e+01	 -1.1765e+01	 -1.2000e+02	 -1.2000e+02	 -1.2000e+02	 -1.2000e+02	 -1.2000e+02	 -1.2000e+02	 -1.2000e+02	 -1.2000e+02	 -1.2000e+02	 -1.2000e+02
1.1280e+01	 -1.1609e+01	 -1.1609e+01	 -1.2000e+02	 -1.2000e+02	 -1.2000e+02	 -1.2000e+02	 -1.2000e+02	 -1.2000e+02	 -1.2000e+02	 -1.2000e+02	 -1.2000e+02	 -1.2000e+02
1.1400e+01	 -1.1454e+01	 -1.1454e+01	 -1.2000e+02	 -1.2000e+02	 -1.2000e+02	 -1.2000e+02	 -1.2000e+02	 -1.2000e+02	 -1.2000e+02	 -1.2000e+02	 -1.2000e+02	 -1.2000e+02
1.1520e+01	 -1.1300e+01	 -1.1300e+01	 -1.2000e+02	 -1.2000e+02	 -1.2000e+02	 -1.2000e+02	 -1.2000e+02	 -1.2000e+02	 -1.2000e+02	 -1.2000e+02	 -1.2000e+02	 -1.2000e+02
1.1640e+01	 -1.1145e+01	 -1.1145e+01	 -1.2000e+02	 -1.2000e+02	 -1.2000e+02	 -1.2000e+02	 -1.2000e+02	 -1.2000e+02	 -1.2000e+02	 -1.2000e+02	 -1.2000e+02	 -1.2000e+02
1.1760e+01	 -1.0995e+01	 -1.0995e+01	 -1.2000e+02	 -1.2000e+02	 -1.2000e+02	 -1.2000e+02	 -1.2000e+02	 -1.2000e+02	 -1.2000e+02	 -1.2000e+02	 -1.2000e+02	 -1.2000e+02
1.1880e+01	 -1.0845e+01	 -1.0845e+01	 -1.2000e+02	 -1.2000e+02	 -1.2000e+02	 -1.2000e+02	 -1.2000e+02	 -1.2000e+02	 -1.2000e+02	 -1.2000e+02	 -1.2000e+02	 -1.2000e+02
1.2000e+01	 -1.0696e+01	 -1.0696e+01	 -1.2000e+02	 -1.2000e+02	 -1.2000e+02	 -1.2000e+02	 -1.2000e+02	 -1.2000e+02	 -1.2000e+02	 -1.2000e+02	 -1.2000e+02	 -1.2000e+02
1.2120e+01	 -1.0554e+01	 -1.0554e+01	 -1.2000e+02	 -1.2000e+02	 -1.2000e+02	 -1.2000e+02	 -1.2000e+02	 -1.2000e+02	 -1.2000e+02	 -1.2000e+02	 -1.2000e+02	 -1.2000e+02
1.2240e+01	 -1.0413e+01	 -1.0413e+01	 -1.2000e+02	 -1.2000e+02	 -1.2000e+02	 -1.2000e+02	 -1.2000e+02	 -1.2000e+02	 -1.2000e+02	 -1.2000e+02	 -1.2000e+02	 -1.2000e+02
1.2360e+01	 -1.0272e+01	 -1.0272e+01	 -1.2000e+02	 -1.2000e+02	 -1.2000e+02	 -1.2000e+02	 -1.2000e+02	 -1.2000e+02	 -1.2000e+02	 -1.2000e+02	 -1.2000e+02	 -1.2000e+02
1.2480e+01	 -1.0146e+01	 -1.0146e+01	 -1.2000e+02	 -1.2000e+02	 -1.2000e+02	 -1.2000e+02	 -1.2000e+02	 -1.2000e+02	 -1.2000e+02	 -1.2000e+02	 -1.2000e+02	 -1.2000e+02
1.2600e+01	 -1.0021e+01	 -1.0021e+01	 -1.2000e+02	 -1.2000e+02	 -1.2000e+02	 -1.2000e+02	 -1.2000e+02	 -1.2000e+02	 -1.2000e+02	 -1.2000e+02	 -1.2000e+02	 -1.2000e+02
1.2720e+01	 -9.8963e+00	 -9.8963e+00	 -1.2000e+02	 -1.2000e+02	 -1.2000e+02	 -1.2000e+02	 -1.2000e+02	 -1.2000e+02	 -1.2000e+02	 -1.2000e+02	 -1.2000e+02	 -1.2000e+02
1.2840e+01	 -9.8009e+00	 -9.8009e+00	 -1.2000e+02	 -1.2000e+02	 -1.2000e+02	 -1.2000e+02	 -1.2000e+02	 -1.2000e+02	 -1.2000e+02	 -1.2000e+02	 -1.2000e+02	 -1.2000e+02
1.2960e+01	 -9.7069e+00	 -9.7069e+00	 -1.2000e+02	 -1.2000e+02	 -1.2000e+02	 -1.2000e+02	 -1.2000e+02	 -1.2000e+02	 -1.2000e+02	 -1.2000e+02	 -1.2000e+02	 -1.2000e+02
1.3080e+01	 -9.6129e+00	 -9.6129e+00	 -1.2000e+02	 -1.2000e+02	 -1.2000e+02	 -1.2000e+02	 -1.2000e+02	 -1.2000e+02	 -1.2000e+02	 -1.2000e+02	 -1.2000e+02	 -1.2000e+02
1.3200e+01	 -9.5687e+00	 -9.5687e+00	 -1.2000e+02	 -1.2000e+02	 -1.2000e+02	 -1.2000e+02	 -1.2000e+02	 -1.2000e+02	 -1.2000e+02	 -1.2000e+02	 -1.2000e+02	 -1.2000e+02
1.3320e+01	 -9.5252e+00	 -9.5252e+00	 -1.2000e+02	 -1.2000e+02	 -1.2000e+02	 -1.2000e+02	 -1.2000e+02	 -1.2000e+02	 -1.2000e+02	 -1.2000e+02	 -1.2000e+02	 -1.2000e+02
1.3440e+01	 -9.4827e+00	 -9.4827e+00	 -2.0761e+01	 -1.2000e+02	 -1.2000e+02	 -1.2000e+02	 -1.2000e+02	 -1.2000e+02	 -1.2000e+02	 -1.2000e+02	 -1.2000e+02	 -1.2000e+02
1.3560e+01	 -9.4928e+00	 -9.4928e+00	 -2.0549e+01	 -1.2000e+02	 -1.2000e+02	 -1.2000e+02	 -1.2000e+02	 -1.2000e+02	 -1.2000e+02	 -1.2000e+02	 -1.2000e+02	 -1.2000e+02
1.3680e+01	 -9.5029e+00	 -9.5029e+00	 -2.0338e+01	 -1.2000e+02	 -1.2000e+02	 -1.2000e+02	 -1.2000e+02	 -1.2000e+02	 -1.2000e+02	 -1.2000e+02	 -1.2000e+02	 -1.2000e+02
1.3800e+01	 -9.5140e+00	 -9.5140e+00	 -2.0126e+01	 -1.2000e+02	 -1.2000e+02	 -1.2000e+02	 -1.2000e+02	 -1.2000e+02	 -1.2000e+02	 -1.2000e+02	 -1.2000e+02	 -1.2000e+02
1.3920e+01	 -9.5432e+00	 -9.5432e+00	 -1.9930e+01	 -1.2000e+02	 -1.2000e+02	 -1.2000e+02	 -1.2000e+02	 -1.2000e+02	 -1.2000e+02	 -1.2000e+02	 -1.2000e+02	 -1.2000e+02
1.4040e+01	 -9.5723e+00	 -9.5723e+00	 -1.9739e+01	 -1.2000e+02	 -1.2000e+02	 -1.2000e+02	 -1.2000e+02	 -1.2000e+02	 -1.2000e+02	 -1.2000e+02	 -1.2000e+02	 -1.2000e+02
1.4160e+01	 -9.6015e+00	 -9.6015e+00	 -1.9548e+01	 -1.2000e+02	 -1.2000e+02	 -1.2000e+02	 -1.2000e+02	 -1.2000e+02	 -1.2000e+02	 -1.2000e+02	 -1.2000e+02	 -1.2000e+02
1.4280e+01	 -9.6315e+00	 -9.6315e+00	 -1.9366e+01	 -1.2000e+02	 -1.2000e+02	 -1.2000e+02	 -1.2000e+02	 -1.2000e+02	 -1.2000e+02	 -1.2000e+02	 -1.2000e+02	 -1.2000e+02
1.4400e+01	 -9.6615e+00	 -9.6615e+00	 -1.9191e+01	 -1.2000e+02	 -1.2000e+02	 -1.2000e+02	 -1.2000e+02	 -1.2000e+02	 -1.2000e+02	 -1.2000e+02	 -1.2000e+02	 -1.2000e+02
1.4520e+01	 -9.6915e+00	 -9.6915e+00	 -1.9016e+01	 -1.2000e+02	 -1.2000e+02	 -1.2000e+02	 -1.2000e+02	 -1.2000e+02	 -1.2000e+02	 -1.2000e+02	 -1.2000e+02	 -1.2000e+02
1.4640e+01	 -9.7215e+00	 -9.7215e+00	 -1.8844e+01	 -1.2000e+02	 -1.2000e+02	 -1.2000e+02	 -1.2000e+02	 -1.2000e+02	 -1.2000e+02	 -1.2000e+02	 -1.2000e+02	 -1.2000e+02
1.4760e+01	 -9.7515e+00	 -9.7515e+00	 -1.8678e+01	 -1.2000e+02	 -1.2000e+02	 -1.2000e+02	 -1.2000e+02	 -1.2000e+02	 -1.2000e+02	 -1.2000e+02	 -1.2000e+02	 -1.2000e+02
1.4880e+01	 -9.7815e+00	 -9.7815e+00	 -1.8513e+01	 -1.2000e+02	 -1.2000e+02	 -1.2000e+02	 -1.2000e+02	 -1.2000e+02	 -1.2000e+02	 -1.2000e+02	 -1.2000e+02	 -1.2000e+02
1.5000e+01	 -9.8115e+00	 -9.8115e+00	 -1.8347e+01	 -1.2000e+02	 -1.2000e+02	 -1.2000e+02	 -1.2000e+02	 -1.2000e+02	 -1.2000e+02	 -1.2000e+02	 -1.2000e+02	 -1.2000e+02
1.5120e+01	 -9.8415e+00	 -9.8415e+00	 -1.8186e+01	 -1.2000e+02	 -1.2000e+02	 -1.2000e+02	 -1.2000e+02	 -1.2000e+02	 -1.2000e+02	 -1.2000e+02	 -1.2000e+02	 -1.2000e+02
1.5240e+01	 -9.8715e+00	 -9.8715e+00	 -1.8025e+01	 -1.2000e+02	 -1.2000e+02	 -1.2000e+02	 -1.2000e+02	 -1.2000e+02	 -1.2000e+02	 -1.2000e+02	 -1.2000e+02	 -1.2000e+02
1.5360e+01	 -9.9015e+00	 -9.9015e+00	 -1.7864e+01	 -1.2000e+02	 -1.2000e+02	 -1.2000e+02	 -1.2000e+02	 -1.2000e+02	 -1.2000e+02	 -1.2000e+02	 -1.2000e+02	 -1.2000e+02
1.5480e+01	 -9.9315e+00	 -9.9315e+00	 -1.7704e+01	 -1.2000e+02	 -1.2000e+02	 -1.2000e+02	 -1.2000e+02	 -1.2000e+02	 -1.2000e+02	 -1.2000e+02	 -1.2000e+02	 -1.2000e+02
1.5600e+01	 -9.9616e+00	 -9.9616e+00	 -1.7546e+01	 -1.2000e+02	 -1.2000e+02	 -1.2000e+02	 -1.2000e+02	 -1.2000e+02	 -1.2000e+02	 -1.2000e+02	 -1.2000e+02	 -1.2000e+02
1.5720e+01	 -9.9916e+00	 -9.9916e+00	 -1.7387e+01	 -1.2000e+02	 -1.2000e+02	 -1.2000e+02	 -1.2000e+02	 -1.2000e+02	 -1.2000e+02	 -1.2000e+02	 -1.2000e+02	 -1.2000e+02
1.5840e+01	 -1.0022e+01	 -1.0022e+01	 -1.7229e+01	 -1.2000e+02	 -1.2000e+02	 -1.2000e+02	 -1.2000e+02	 -1.2000e+02	 -1.2000e+02	 -1.2000e+02	 -1.2000e+02	 -1.2000e+02
1.5960e+01	 -1.0052e+01	 -1.0052e+01	 -1.7072e+01	 -1.2000e+02	 -1.2000e+02	 -1.2000e+02	 -1.2000e+02	 -1.2000e+02	 -1.2000e+02	 -1.2000e+02	 -1.2000e+02	 -1.2000e+02
1.6080e+01	 -1.0082e+01	 -1.0082e+01	 -1.6915e+01	 -1.2000e+02	 -1.2000e+02	 -1.2000e+02	 -1.2000e+02	 -1.2000e+02	 -1.2000e+02	 -1.2000e+02	 -1.2000e+02	 -1.2000e+02
1.6200e+01	 -1.0112e+01	 -1.0112e+01	 -1.6758e+01	 -1.2000e+02	 -1.2000e+02	 -1.2000e+02	 -1.2000e+02	 -1.2000e+02	 -1.2000e+02	 -1.2000e+02	 -1.2000e+02	 -1.2000e+02
1.6320e+01	 -1.0142e+01	 -1.0142e+01	 -1.6602e+01	 -1.2000e+02	 -1.2000e+02	 -1.2000e+02	 -1.2000e+02	 -1.2000e+02	 -1.2000e+02	 -1.2000e+02	 -1.2000e+02	 -1.2000e+02
1.6440e+01	 -1.0172e+01	 -1.0172e+01	 -1.6446e+01	 -1.2000e+02	 -1.2000e+02	 -1.2000e+02	 -1.2000e+02	 -1.2000e+02	 -1.2000e+02	 -1.2000e+02	 -1.2000e+02	 -1.2000e+02
1.6560e+01	 -1.0202e+01	 -1.0202e+01	 -1.6290e+01	 -1.2000e+02	 -1.2000e+02	 -1.2000e+02	 -1.2000e+02	 -1.2000e+02	 -1.2000e+02	 -1.2000e+02	 -1.2000e+02	 -1.2000e+02
1.6680e+01	 -1.0232e+01	 -1.0232e+01	 -1.6135e+01	 -1.2000e+02	 -1.2000e+02	 -1.2000e+02	 -1.2000e+02	 -1.2000e+02	 -1.2000e+02	 -1.2000e+02	 -1.2000e+02	 -1.2000e+02
1.6800e+01	 -1.0262e+01	 -1.0262e+01	 -1.5980e+01	 -1.2000e+02	 -1.2000e+02	 -1.2000e+02	 -1.2000e+02	 -1.2000e+02	 -1.2000e+02	 -1.2000e+02	 -1.2000e+02	 -1.2000e+02
1.6920e+01	 -1.0293e+01	 -1.0293e+01	 -1.5826e+01	 -1.2000e+02	 -1.2000e+02	 -1.2000e+02	 -1.2000e+02	 -1.2000e+02	 -1.2000e+02	 -1.2000e+02	 -1.2000e+02	 -1.2000e+02
1.7040e+01	 -1.0323e+01	 -1.0323e+01	 -1.5673e+01	 -1.2000e+02	 -1.2000e+02	 -1.2000e+02	 -1.2000e+02	 -1.2000e+02	 -1.2000e+02	 -1.2000e+02	 -1.2000e+02	 -1.2000e+02
1.7160e+01	 -1.0354e+01	 -1.0354e+01	 -1.5521e+01	 -1.2000e+02	 -1.2000e+02	 -1.2000e+02	 -1.2000e+02	 -1.2000e+02	 -1.2000e+02	 -1.2000e+02	 -1.2000e+02	 -1.2000e+02
1.7280e+01	 -1.0385e+01	 -1.0385e+01	 -1.5368e+01	 -1.2000e+02	 -1.2000e+02	 -1.2000e+02	 -1.2000e+02	 -1.2000e+02	 -1.2000e+02	 -1.2000e+02	 -1.2000e+02	 -1.2000e+02
1.7400e+01	 -1.0417e+01	 -1.0417e+01	 -1.5219e+01	 -1.2000e+02	 -1.2000e+02	 -1.2000e+02	 -1.2000e+02	 -1.2000e+02	 -1.2000e+02	 -1.2000e+02	 -1.2000e+02	 -1.2000e+02
1.7520e+01	 -1.0450e+01	 -1.0450e+01	 -1.5070e+01	 -1.2000e+02	 -1.2000e+02	 -1.2000e+02	 -1.2000e+02	 -1.2000e+02	 -1.2000e+02	 -1.2000e+02	 -1.2000e+02	 -1.2000e+02
1.7640e+01	 -1.0484e+01	 -1.0484e+01	 -1.4922e+01	 -1.2000e+02	 -1.2000e+02	 -1.2000e+02	 -1.2000e+02	 -1.2000e+02	 -1.2000e+02	 -1.2000e+02	 -1.2000e+02	 -1.2000e+02
1.7760e+01	 -1.0520e+01	 -1.0520e+01	 -1.4776e+01	 -1.2000e+02	 -1.2000e+02	 -1.2000e+02	 -1.2000e+02	 -1.2000e+02	 -1.2000e+02	 -1.2000e+02	 -1.2000e+02	 -1.2000e+02
1.7880e+01	 -1.0561e+01	 -1.0561e+01	 -1.4634e+01	 -1.2000e+02	 -1.2000e+02	 -1.2000e+02	 -1.2000e+02	 -1.2000e+02	 -1.2000e+02	 -1.2000e+02	 -1.2000e+02	 -1.2000e+02
1.8000e+01	 -1.0602e+01	 -1.0602e+01	 -1.4491e+01	 -1.2000e+02	 -1.2000e+02	 -1.2000e+02	 -1.2000e+02	 -1.2000e+02	 -1.2000e+02	 -1.2000e+02	 -1.2000e+02	 -1.2000e+02
1.8120e+01	 -1.0652e+01	 -1.0652e+01	 -1.4350e+01	 -1.2000e+02	 -1.2000e+02	 -1.2000e+02	 -1.2000e+02	 -1.2000e+02	 -1.2000e+02	 -1.2000e+02	 -1.2000e+02	 -1.2000e+02
1.8240e+01	 -1.0714e+01	 -1.0715e+01	 -1.4217e+01	 -1.2000e+02	 -1.2000e+02	 -1.2000e+02	 -1.2000e+02	 -1.2000e+02	 -1.2000e+02	 -1.2000e+02	 -1.2000e+02	 -1.2000e+02
1.8360e+01	 -1.0777e+01	 -1.0777e+01	 -1.4083e+01	 -1.2000e+02	 -1.2000e+02	 -1.2000e+02	 -1.2000e+02	 -1.2000e+02	 -1.2000e+02	 -1.2000e+02	 -1.2000e+02	 -1.2000e+02
1.8480e+01	 -1.0866e+01	 -1.0867e+01	 -1.3950e+01	 -1.2000e+02	 -1.2000e+02	 -1.2000e+02	 -1.2000e+02	 -1.2000e+02	 -1.2000e+02	 -1.2000e+02	 -1.2000e+02	 -1.2000e+02
1.8600e+01	 -1.0986e+01	 -1.0987e+01	 -1.3828e+01	 -1.2000e+02	 -1.2000e+02	 -1.2000e+02	 -1.2000e+02	 -1.2000e+02	 -1.2000e+02	 -1.2000e+02	 -1.2000e+02	 -1.2000e+02
1.8720e+01	 -1.1105e+01	 -1.1106e+01	 -1.3708e+01	 -1.2000e+02	 -1.2000e+02	 -1.2000e+02	 -1.2000e+02	 -1.2000e+02	 -1.2000e+02	 -1.2000e+02	 -1.2000e+02	 -1.2000e+02
1.8840e+01	 -1.1296e+01	 -1.1298e+01	 -1.3587e+01	 -1.2000e+02	 -1.2000e+02	 -1.2000e+02	 -1.2000e+02	 -1.2000e+02	 -1.2000e+02	 -1.2000e+02	 -1.2000e+02	 -1.2000e+02
1.8960e+01	 -1.1554e+01	 -1.1559e+01	 -1.3480e+01	 -1.2000e+02	 -1.2000e+02	 -1.2000e+02	 -1.2000e+02	 -1.2000e+02	 -1.2000e+02	 -1.2000e+02	 -1.2000e+02	 -1.2000e+02
1.9080e+01	 -1.1808e+01	 -1.1820e+01	 -1.3378e+01	 -1.2000e+02	 -1.2000e+02	 -1.2000e+02	 -1.2000e+02	 -1.2000e+02	 -1.2000e+02	 -1.2000e+02	 -1.2000e+02	 -1.2000e+02
1.9200e+01	 -1.2220e+01	 -1.2260e+01	 -1.3275e+01	 -1.2000e+02	 -1.2000e+02	 -1.2000e+02	 -1.2000e+02	 -1.2000e+02	 -1.2000e+02	 -1.2000e+02	 -1.2000e+02	 -1.2000e+02
1.9320e+01	 -1.2685e+01	 -1.2850e+01	 -1.3185e+01	 -1.2000e+02	 -1.2000e+02	 -1.2000e+02	 -1.2000e+02	 -1.2000e+02	 -1.2000e+02	 -1.2000e+02	 -1.2000e+02	 -1.2000e+02
1.9440e+01	 -1.2942e+01	 -1.3440e+01	 -1.3108e+01	 -1.2000e+02	 -1.2000e+02	 -1.2000e+02	 -1.2000e+02	 -1.2000e+02	 -1.2000e+02	 -1.2000e+02	 -1.2000e+02	 -1.2000e+02
1.9560e+01	 -1.3015e+01	 -1.4465e+01	 -1.3031e+01	 -1.2000e+02	 -1.2000e+02	 -1.2000e+02	 -1.2000e+02	 -1.2000e+02	 -1.2000e+02	 -1.2000e+02	 -1.2000e+02	 -1.2000e+02
1.9680e+01	 -1.2960e+01	 -1.5808e+01	 -1.2960e+01	 -1.2000e+02	 -1.2000e+02	 -1.2000e+02	 -1.2000e+02	 -1.2000e+02	 -1.2000e+02	 -1.2000e+02	 -1.2000e+02	 -1.2000e+02
1.9800e+01	 -1.2913e+01	 -1.7152e+01	 -1.2913e+01	 -1.2000e+02	 -1.2000e+02	 -1.2000e+02	 -1.2000e+02	 -1.2000e+02	 -1.2000e+02	 -1.2000e+02	 -1.2000e+02	 -1.2000e+02
1.9920e+01	 -1.2866e+01	 -1.9540e+01	 -1.2866e+01	 -1.2000e+02	 -1.2000e+02	 -1.2000e+02	 -1.2000e+02	 -1.2000e+02	 -1.2000e+02	 -1.2000e+02	 -1.2000e+02	 -1.2000e+02
2.0040e+01	 -1.2819e+01	 -2.2599e+01	 -1.2819e+01	 -1.2000e+02	 -1.2000e+02	 -1.2000e+02	 -1.2000e+02	 -1.2000e+02	 -1.2000e+02	 -1.2000e+02	 -1.2000e+02	 -1.2000e+02
2.0160e+01	 -1.2797e+01	 -2.5657e+01	 -1.2797e+01	 -1.2000e+02	 -1.2000e+02	 -1.2000e+02	 -1.2000e+02	 -1.2000e+02	 -1.2000e+02	 -1.2000e+02	 -1.2000e+02	 -1.2000e+02
2.0280e+01	 -1.2776e+01	 -3.1224e+01	 -1.2776e+01	 -1.2000e+02	 -1.2000e+02	 -1.2000e+02	 -1.2000e+02	 -1.2000e+02	 -1.2000e+02	 -1.2000e+02	 -1.2000e+02	 -1.2000e+02
2.0400e+01	 -1.2754e+01	 -3.8192e+01	 -1.2754e+01	 -1.2000e+02	 -1.2000e+02	 -1.2000e+02	 -1.2000e+02	 -1.2000e+02	 -1.2000e+02	 -1.2000e+02	 -1.2000e+02	 -1.2000e+02
2.0520e+01	 -1.2743e+01	 -4.5160e+01	 -1.2743e+01	 -1.2000e+02	 -1.2000e+02	 -1.2000e+02	 -1.2000e+02	 -1.2000e+02	 -1.2000e+02	 -1.2000e+02	 -1.2000e+02	 -1.2000e+02
2.0640e+01	 -1.2736e+01	 -5.8153e+01	 -1.2736e+01	 -1.2000e+02	 -1.2000e+02	 -1.2000e+02	 -1.2000e+02	 -1.2000e+02	 -1.2000e+02	 -1.2000e+02	 -1.2000e+02	 -1.2000e+02
2.0760e+01	 -1.2728e+01	 -7.4055e+01	 -1.2728e+01	 -1.2000e+02	 -1.2000e+02	 -1.2000e+02	 -1.2000e+02	 -1.2000e+02	 -1.2000e+02	 -1.2000e+02	 -1.2000e+02	 -1.2000e+02
2.0880e+01	 -1.2725e+01	 -8.9957e+01	 -1.2725e+01	 -1.2000e+02	 -1.2000e+02	 -1.2000e+02	 -1.2000e+02	 -1.2000e+02	 -1.2000e+02	 -1.2000e+02	 -1.2000e+02	 -1.2000e+02
2.1000e+01	 -1.2725e+01	 -1.2000e+02	 -1.2725e+01	 -1.2000e+02	 -1.2000e+02	 -1.2000e+02	 -1.2000e+02	 -1.2000e+02	 -1.2000e+02	 -1.2000e+02	 -1.2000e+02	 -1.2000e+02
2.1120e+01	 -1.2726e+01	 -1.2000e+02	 -1.2726e+01	 -1.2000e+02	 -1.2000e+02	 -1.2000e+02	 -1.2000e+02	 -1.2000e+02	 -1.2000e+02	 -1.2000e+02	 -1.2000e+02	 -1.2000e+02
2.1240e+01	 -1.2728e+01	 -1.2000e+02	 -1.2728e+01	 -1.2000e+02	 -1.2000e+02	 -1.2000e+02	 -1.2000e+02	 -1.2000e+02	 -1.2000e+02	 -1.2000e+02	 -1.2000e+02	 -1.2000e+02
2.1360e+01	 -1.2733e+01	 -1.2000e+02	 -1.2733e+01	 -1.2000e+02	 -1.2000e+02	 -1.2000e+02	 -1.2000e+02	 -1.2000e+02	 -1.2000e+02	 -1.2000e+02	 -1.2000e+02	 -1.2000e+02
2.1480e+01	 -1.2739e+01	 -1.2000e+02	 -1.2739e+01	 -1.2000e+02	 -1.2000e+02	 -1.2000e+02	 -1.2000e+02	 -1.2000e+02	 -1.2000e+02	 -1.2000e+02	 -1.2000e+02	 -1.2000e+02
2.1600e+01	 -1.2745e+01	 -1.2000e+02	 -1.2745e+01	 -1.2000e+02	 -1.2000e+02	 -1.2000e+02	 -1.2000e+02	 -1.2000e+02	 -1.2000e+02	 -1.2000e+02	 -1.2000e+02	 -1.2000e+02
2.1720e+01	 -1.2754e+01	 -1.2000e+02	 -1.2754e+01	 -1.2000e+02	 -1.2000e+02	 -1.2000e+02	 -1.2000e+02	 -1.2000e+02	 -1.2000e+02	 -1.2000e+02	 -1.2000e+02	 -1.2000e+02
2.1840e+01	 -1.2764e+01	 -1.2000e+02	 -1.2764e+01	 -1.2000e+02	 -1.2000e+02	 -1.2000e+02	 -1.2000e+02	 -1.2000e+02	 -1.2000e+02	 -1.2000e+02	 -1.2000e+02	 -1.2000e+02
2.1960e+01	 -1.2773e+01	 -1.2000e+02	 -1.2773e+01	 -1.2000e+02	 -1.2000e+02	 -1.2000e+02	 -1.2000e+02	 -1.2000e+02	 -1.2000e+02	 -1.2000e+02	 -1.2000e+02	 -1.2000e+02
2.2080e+01	 -1.2785e+01	 -1.2000e+02	 -1.2785e+01	 -1.2000e+02	 -1.2000e+02	 -1.2000e+02	 -1.2000e+02	 -1.2000e+02	 -1.2000e+02	 -1.2000e+02	 -1.2000e+02	 -1.2000e+02
2.2200e+01	 -1.2797e+01	 -1.2000e+02	 -1.2797e+01	 -1.2000e+02	 -1.2000e+02	 -1.2000e+02	 -1.2000e+02	 -1.2000e+02	 -1.2000e+02	 -1.2000e+02	 -1.2000e+02	 -1.2000e+02
2.2320e+01	 -1.2809e+01	 -1.2000e+02	 -1.2809e+01	 -1.2000e+02	 -1.2000e+02	 -1.2000e+02	 -1.2000e+02	 -1.2000e+02	 -1.2000e+02	 -1.2000e+02	 -1.2000e+02	 -1.2000e+02
2.2440e+01	 -1.2823e+01	 -1.2000e+02	 -1.2823e+01	 -1.2000e+02	 -1.2000e+02	 -1.2000e+02	 -1.2000e+02	 -1.2000e+02	 -1.2000e+02	 -1.2000e+02	 -1.2000e+02	 -1.2000e+02
2.2560e+01	 -1.2838e+01	 -1.2000e+02	 -1.2838e+01	 -1.2000e+02	 -1.2000e+02	 -1.2000e+02	 -1.2000e+02	 -1.2000e+02	 -1.2000e+02	 -1.2000e+02	 -1.2000e+02	 -1.2000e+02
2.2680e+01	 -1.2852e+01	 -1.2000e+02	 -1.2852e+01	 -1.2000e+02	 -1.2000e+02	 -1.2000e+02	 -1.2000e+02	 -1.2000e+02	 -1.2000e+02	 -1.2000e+02	 -1.2000e+02	 -1.2000e+02
2.2800e+01	 -1.2868e+01	 -1.2000e+02	 -1.2868e+01	 -1.2000e+02	 -1.2000e+02	 -1.2000e+02	 -1.2000e+02	 -1.2000e+02	 -1.2000e+02	 -1.2000e+02	 -1.2000e+02	 -1.2000e+02
2.2920e+01	 -1.2885e+01	 -1.2000e+02	 -1.2885e+01	 -1.2000e+02	 -1.2000e+02	 -1.2000e+02	 -1.2000e+02	 -1.2000e+02	 -1.2000e+02	 -1.2000e+02	 -1.2000e+02	 -1.2000e+02
2.3040e+01	 -1.2902e+01	 -1.2000e+02	 -1.2902e+01	 -1.2000e+02	 -1.2000e+02	 -1.2000e+02	 -1.2000e+02	 -1.2000e+02	 -1.2000e+02	 -1.2000e+02	 -1.2000e+02	 -1.2000e+02
2.3160e+01	 -1.2920e+01	 -1.2000e+02	 -1.2920e+01	 -1.2000e+02	 -1.2000e+02	 -1.2000e+02	 -1.2000e+02	 -1.2000e+02	 -1.2000e+02	 -1.2000e+02	 -1.2000e+02	 -1.2000e+02
2.3280e+01	 -1.2941e+01	 -1.2000e+02	 -1.2941e+01	 -1.2000e+02	 -1.2000e+02	 -1.2000e+02	 -1.2000e+02	 -1.2000e+02	 -1.2000e+02	 -1.2000e+02	 -1.2000e+02	 -1.2000e+02
2.3400e+01	 -1.2962e+01	 -1.2000e+02	 -1.2962e+01	 -1.2000e+02	 -1.2000e+02	 -1.2000e+02	 -1.2000e+02	 -1.2000e+02	 -1.2000e+02	 -1.2000e+02	 -1.2000e+02	 -1.2000e+02
2.3520e+01	 -1.2983e+01	 -1.2000e+02	 -1.2983e+01	 -1.2000e+02	 -1.2000e+02	 -1.2000e+02	 -1.2000e+02	 -1.2000e+02	 -1.2000e+02	 -1.2000e+02	 -1.2000e+02	 -1.2000e+02
2.3640e+01	 -1.3009e+01	 -1.2000e+02	 -1.3009e+01	 -1.2000e+02	 -1.2000e+02	 -1.2000e+02	 -1.2000e+02	 -1.2000e+02	 -1.2000e+02	 -1.2000e+02	 -1.2000e+02	 -1.2000e+02
2.3760e+01	 -1.3036e+01	 -1.2000e+02	 -1.3036e+01	 -1.2000e+02	 -1.2000e+02	 -1.2000e+02	 -1.2000e+02	 -1.2000e+02	 -1.2000e+02	 -1.2000e+02	 -1.2000e+02	 -1.2000e+02
2.3880e+01	 -1.3064e+01	 -1.2000e+02	 -1.3064e+01	 -1.2000e+02	 -1.2000e+02	 -1.2000e+02	 -1.2000e+02	 -1.2000e+02	 -1.2000e+02	 -1.2000e+02	 -1.2000e+02	 -1.2000e+02
2.4000e+01	 -1.3096e+01	 -1.2000e+02	 -1.3096e+01	 -1.2000e+02	 -1.2000e+02	 -1.2000e+02	 -1.2000e+02	 -1.2000e+02	 -1.2000e+02	 -1.2000e+02	 -1.2000e+02	 -1.2000e+02
2.4120e+01	 -1.3133e+01	 -1.2000e+02	 -1.3133e+01	 -1.2000e+02	 -1.2000e+02	 -1.2000e+02	 -1.2000e+02	 -1.2000e+02	 -1.2000e+02	 -1.2000e+02	 -1.2000e+02	 -1.2000e+02
2.4240e+01	 -1.3169e+01	 -1.2000e+02	 -1.3169e+01	 -1.2000e+02	 -1.2000e+02	 -1.2000e+02	 -1.2000e+02	 -1.2000e+02	 -1.2000e+02	 -1.2000e+02	 -1.2000e+02	 -1.2000e+02
2.4360e+01	 -1.3209e+01	 -1.2000e+02	 -1.3209e+01	 -1.2000e+02	 -1.2000e+02	 -1.2000e+02	 -1.2000e+02	 -1.2000e+02	 -1.2000e+02	 -1.2000e+02	 -1.2000e+02	 -1.2000e+02
2.4480e+01	 -1.3255e+01	 -1.2000e+02	 -1.3255e+01	 -1.2000e+02	 -1.2000e+02	 -1.2000e+02	 -1.2000e+02	 -1.2000e+02	 -1.2000e+02	 -1.2000e+02	 -1.2000e+02	 -1.2000e+02
2.4600e+01	 -1.3301e+01	 -1.2000e+02	 -1.3301e+01	 -1.2000e+02	 -1.2000e+02	 -1.2000e+02	 -1.2000e+02	 -1.2000e+02	 -1.2000e+02	 -1.2000e+02	 -1.2000e+02	 -1.2000e+02
2.4720e+01	 -1.3348e+01	 -1.2000e+02	 -1.3348e+01	 -1.2000e+02	 -1.2000e+02	 -1.2000e+02	 -1.2000e+02	 -1.2000e+02	 -1.2000e+02	 -1.2000e+02	 -1.2000e+02	 -1.2000e+02
2.4840e+01	 -1.3401e+01	 -1.2000e+02	 -1.3401e+01	 -1.2000e+02	 -1.2000e+02	 -1.2000e+02	 -1.2000e+02	 -1.2000e+02	 -1.2000e+02	 -1.2000e+02	 -1.2000e+02	 -1.2000e+02
2.4960e+01	 -1.3454e+01	 -1.2000e+02	 -1.3454e+01	 -1.2000e+02	 -1.2000e+02	 -1.2000e+02	 -1.2000e+02	 -1.2000e+02	 -1.2000e+02	 -1.2000e+02	 -1.2000e+02	 -1.2000e+02
2.5080e+01	 -1.3507e+01	 -1.2000e+02	 -1.3507e+01	 -1.2000e+02	 -1.2000e+02	 -1.2000e+02	 -1.2000e+02	 -1.2000e+02	 -1.2000e+02	 -1.2000e+02	 -1.2000e+02	 -1.2000e+02
2.5200e+01	 -1.3570e+01	 -1.2000e+02	 -1.3570e+01	 -1.2000e+02	 -1.2000e+02	 -1.2000e+02	 -1.2000e+02	 -1.2000e+02	 -1.2000e+02	 -1.2000e+02	 -1.2000e+02	 -1.2000e+02
2.5320e+01	 -1.3635e+01	 -1.2000e+02	 -1.3635e+01	 -1.2000e+02	 -1.2000e+02	 -1.2000e+02	 -1.2000e+02	 -1.2000e+02	 -1.2000e+02	 -1.2000e+02	 -1.2000e+02	 -1.2000e+02
2.5440e+01	 -1.3699e+01	 -1.2000e+02	 -1.3699e+01	 -1.2000e+02	 -1.2000e+02	 -1.2000e+02	 -1.2000e+02	 -1.2000e+02	 -1.2000e+02	 -1.2000e+02	 -1.2000e+02	 -1.2000e+02
2.5560e+01	 -1.3775e+01	 -1.2000e+02	 -1.3775e+01	 -1.2000e+02	 -1.2000e+02	 -1.2000e+02	 -1.2000e+02	 -1.2000e+02	 -1.2000e+02	 -1.2000e+02	 -1.2000e+02	 -1.2000e+02
2.5680e+01	 -1.3856e+01	 -1.2000e+02	 -1.3856e+01	 -1.2000e+02	 -1.2000e+02	 -1.2000e+02	 -1.2000e+02	 -1.2000e+02	 -1.2000e+02	 -1.2000e+02	 -1.2000e+02	 -1.2000e+02
2.5800e+01	 -1.3937e+01	 -1.2000e+02	 -1.3937e+01	 -1.2000e+02	 -1.2000e+02	 -1.2000e+02	 -1.2000e+02	 -1.2000e+02	 -1.2000e+02	 -1.2000e+02	 -1.2000e+02	 -1.2000e+02
2.5920e+01	 -1.4029e+01	 -1.2000e+02	 -1.4029e+01	 -1.2000e+02	 -1.2000e+02	 -1.2000e+02	 -1.2000e+02	 -1.2000e+02	 -1.2000e+02	 -1.2000e+02	 -1.2000e+02	 -1.2000e+02
2.6040e+01	 -1.4137e+01	 -1.2000e+02	 -1.4137e+01	 -1.2000e+02	 -1.2000e+02	 -1.2000e+02	 -1.2000e+02	 -1.2000e+02	 -1.2000e+02	 -1.2000e+02	 -1.2000e+02	 -1.2000e+02
2.6160e+01	 -1.4244e+01	 -1.2000e+02	 -1.4244e+01	 -1.2000e+02	 -1.2000e+02	 -1.2000e+02	 -1.2000e+02	 -1.2000e+02	 -1.2000e+02	 -1.2000e+02	 -1.2000e+02	 -1.2000e+02
2.6280e+01	 -1.4360e+01	 -1.2000e+02	 -1.4360e+01	 -1.2000e+02	 -1.2000e+02	 -1.2000e+02	 -1.2000e+02	 -1.2000e+02	 -1.2000e+02	 -1.2000e+02	 -1.2000e+02	 -1.2000e+02
2.6400e+01	 -1.4518e+01	 -1.2000e+02	 -1.4518e+01	 -1.2000e+02	 -1.2000e+02	 -1.2000e+02	 -1.2000e+02	 -1.2000e+02	 -1.2000e+02	 -1.2000e+02	 -1.2000e+02	 -1.2000e+02
2.6520e+01	 -1.4676e+01	 -1.2000e+02	 -1.4676e+01	 -1.2000e+02	 -1.2000e+02	 -1.2000e+02	 -1.2000e+02	 -1.2000e+02	 -1.2000e+02	 -1.2000e+02	 -1.2000e+02	 -1.2000e+02
2.6640e+01	 -1.4833e+01	 -1.2000e+02	 -1.4833e+01	 -1.2000e+02	 -1.2000e+02	 -1.2000e+02	 -1.2000e+02	 -1.2000e+02	 -1.2000e+02	 -1.2000e+02	 -1.2000e+02	 -1.2000e+02
2.6760e+01	 -1.5152e+01	 -1.2000e+02	 -1.5152e+01	 -1.2000e+02	 -1.2000e+02	 -1.2000e+02	 -1.2000e+02	 -1.2000e+02	 -1.2000e+02	 -1.2000e+02	 -1.2000e+02	 -1.2000e+02
2.6880e+01	 -1.5483e+01	 -1.2000e+02	 -1.5483e+01	 -1.2000e+02	 -1.2000e+02	 -1.2000e+02	 -1.2000e+02	 -1.2000e+02	 -1.2000e+02	 -1.2000e+02	 -1.2000e+02	 -1.2000e+02
2.7000e+01	 -1.5815e+01	 -1.2000e+02	 -1.5815e+01	 -1.2000e+02	 -1.2000e+02	 -1.2000e+02	 -1.2000e+02	 -1.2000e+02	 -1.2000e+02	 -1.2000e+02	 -1.2000e+02	 -1.2000e+02
2.7120e+01	 -3.8157e+01	 -1.2000e+02	 -3.8157e+01	 -1.2000e+02	 -1.2000e+02	 -1.2000e+02	 -1.2000e+02	 -1.2000e+02	 -1.2000e+02	 -1.2000e+02	 -1.2000e+02	 -1.2000e+02
2.7240e+01	 -7.0302e+01	 -1.2000e+02	 -7.0302e+01	 -1.2000e+02	 -1.2000e+02	 -1.2000e+02	 -1.2000e+02	 -1.2000e+02	 -1.2000e+02	 -1.2000e+02	 -1.2000e+02	 -1.2000e+02
2.7360e+01	 -1.0245e+02	 -1.2000e+02	 -1.0245e+02	 -1.2000e+02	 -1.2000e+02	 -1.2000e+02	 -1.2000e+02	 -1.2000e+02	 -1.2000e+02	 -1.2000e+02	 -1.2000e+02	 -1.2000e+02
2.7480e+01	 -1.2000e+02	 -1.2000e+02	 -1.2000e+02	 -1.2000e+02	 -1.2000e+02	 -1.2000e+02	 -1.2000e+02	 -1.2000e+02	 -1.2000e+02	 -1.2000e+02	 -1.2000e+02	 -1.2000e+02
2.7600e+01	 -1.2000e+02	 -1.2000e+02	 -1.2000e+02	 -1.2000e+02	 -1.2000e+02	 -1.2000e+02	 -1.2000e+02	 -1.2000e+02	 -1.2000e+02	 -1.2000e+02	 -1.2000e+02	 -1.2000e+02
2.7720e+01	 -1.2000e+02	 -1.2000e+02	 -1.2000e+02	 -1.2000e+02	 -1.2000e+02	 -1.2000e+02	 -1.2000e+02	 -1.2000e+02	 -1.2000e+02	 -1.2000e+02	 -1.2000e+02	 -1.2000e+02
2.7840e+01	 -1.2000e+02	 -1.2000e+02	 -1.2000e+02	 -1.2000e+02	 -1.2000e+02	 -1.2000e+02	 -1.2000e+02	 -1.2000e+02	 -1.2000e+02	 -1.2000e+02	 -1.2000e+02	 -1.2000e+02
2.7960e+01	 -1.2000e+02	 -1.2000e+02	 -1.2000e+02	 -1.2000e+02	 -1.2000e+02	 -1.2000e+02	 -1.2000e+02	 -1.2000e+02	 -1.2000e+02	 -1.2000e+02	 -1.2000e+02	 -1.2000e+02
2.8080e+01	 -1.2000e+02	 -1.2000e+02	 -1.2000e+02	 -1.2000e+02	 -1.2000e+02	 -1.2000e+02	 -1.2000e+02	 -1.2000e+02	 -1.2000e+02	 -1.2000e+02	 -1.2000e+02	 -1.2000e+02
2.8200e+01	 -1.2000e+02	 -1.2000e+02	 -1.2000e+02	 -1.2000e+02	 -1.2000e+02	 -1.2000e+02	 -1.2000e+02	 -1.2000e+02	 -1.2000e+02	 -1.2000e+02	 -1.2000e+02	 -1.2000e+02
2.8320e+01	 -1.2000e+02	 -1.2000e+02	 -1.2000e+02	 -1.2000e+02	 -1.2000e+02	 -1.2000e+02	 -1.2000e+02	 -1.2000e+02	 -1.2000e+02	 -1.2000e+02	 -1.2000e+02	 -1.2000e+02
2.8440e+01	 -1.2000e+02	 -1.2000e+02	 -1.2000e+02	 -1.2000e+02	 -1.2000e+02	 -1.2000e+02	 -1.2000e+02	 -1.2000e+02	 -1.2000e+02	 -1.2000e+02	 -1.2000e+02	 -1.2000e+02
2.8560e+01	 -1.2000e+02	 -1.2000e+02	 -1.2000e+02	 -1.2000e+02	 -1.2000e+02	 -1.2000e+02	 -1.2000e+02	 -1.2000e+02	 -1.2000e+02	 -1.2000e+02	 -1.2000e+02	 -1.2000e+02
2.8680e+01	 -1.2000e+02	 -1.2000e+02	 -1.2000e+02	 -1.2000e+02	 -1.2000e+02	 -1.2000e+02	 -1.2000e+02	 -1.2000e+02	 -1.2000e+02	 -1.2000e+02	 -1.2000e+02	 -1.2000e+02
2.8800e+01	 -1.2000e+02	 -1.2000e+02	 -1.2000e+02	 -1.2000e+02	 -1.2000e+02	 -1.2000e+02	 -1.2000e+02	 -1.2000e+02	 -1.2000e+02	 -1.2000e+02	 -1.2000e+02	 -1.2000e+02
2.8920e+01	 -1.2000e+02	 -1.2000e+02	 -1.2000e+02	 -1.2000e+02	 -1.2000e+02	 -1.2000e+02	 -1.2000e+02	 -1.2000e+02	 -1.2000e+02	 -1.2000e+02	 -1.2000e+02	 -1.2000e+02
2.9040e+01	 -1.2000e+02	 -1.2000e+02	 -1.2000e+02	 -1.2000e+02	 -1.2000e+02	 -1.2000e+02	 -1.2000e+02	 -1.2000e+02	 -1.2000e+02	 -1.2000e+02	 -1.2000e+02	 -1.2000e+02
2.9160e+01	 -1.2000e+02	 -1.2000e+02	 -1.2000e+02	 -1.2000e+02	 -1.2000e+02	 -1.2000e+02	 -1.2000e+02	 -1.2000e+02	 -1.2000e+02	 -1.2000e+02	 -1.2000e+02	 -1.2000e+02
2.9280e+01	 -1.2000e+02	 -1.2000e+02	 -1.2000e+02	 -1.2000e+02	 -1.2000e+02	 -1.2000e+02	 -1.2000e+02	 -1.2000e+02	 -1.2000e+02	 -1.2000e+02	 -1.2000e+02	 -1.2000e+02
2.9400e+01	 -1.2000e+02	 -1.2000e+02	 -1.2000e+02	 -1.2000e+02	 -1.2000e+02	 -1.2000e+02	 -1.2000e+02	 -1.2000e+02	 -1.2000e+02	 -1.2000e+02	 -1.2000e+02	 -1.2000e+02
2.9520e+01	 -1.2000e+02	 -1.2000e+02	 -1.2000e+02	 -1.2000e+02	 -1.2000e+02	 -1.2000e+02	 -1.2000e+02	 -1.2000e+02	 -1.2000e+02	 -1.2000e+02	 -1.2000e+02	 -1.2000e+02
2.9640e+01	 -1.2000e+02	 -1.2000e+02	 -1.2000e+02	 -1.2000e+02	 -1.2000e+02	 -1.2000e+02	 -1.2000e+02	 -1.2000e+02	 -1.2000e+02	 -1.2000e+02	 -1.2000e+02	 -1.2000e+02
2.9760e+01	 -1.2000e+02	 -1.2000e+02	 -1.2000e+02	 -1.2000e+02	 -1.2000e+02	 -1.2000e+02	 -1.2000e+02	 -1.2000e+02	 -1.2000e+02	 -1.2000e+02	 -1.2000e+02	 -1.2000e+02
2.9880e+01	 -1.2000e+02	 -1.2000e+02	 -1.2000e+02	 -1.2000e+02	 -1.2000e+02	 -1.2000e+02	 -1.2000e+02	 -1.2000e+02	 -1.2000e+02	 -1.2000e+02	 -1.2000e+02	 -1.2000e+02
