#################################################################
# log(gamma)     log(N(gamma))   gamma     N(gamma)  TeV N(TeV) # 
#################################################################
0.000000e+00	-2.000000e+02	1.000000e+00	1.000000e-200	5.109989e-07	1.956951e-194
8.073679e-03	-2.000000e+02	1.018764e+00	1.000000e-200	5.205874e-07	1.956951e-194
1.600000e-02	-2.000000e+02	1.037528e+00	1.000000e-200	5.301759e-07	1.956951e-194
2.407368e-02	-2.000000e+02	1.056997e+00	1.000000e-200	5.401242e-07	1.956951e-194
3.200000e-02	-2.000000e+02	1.076465e+00	1.000000e-200	5.500726e-07	1.956951e-194
4.007368e-02	-2.000000e+02	1.096664e+00	1.000000e-200	5.603942e-07	1.956951e-194
4.800000e-02	-2.000000e+02	1.116863e+00	1.000000e-200	5.707159e-07	1.956951e-194
5.607368e-02	-2.000000e+02	1.137820e+00	1.000000e-200	5.814249e-07	1.956951e-194
6.400000e-02	-2.000000e+02	1.158777e+00	1.000000e-200	5.921340e-07	1.956951e-194
7.207368e-02	-2.000000e+02	1.180521e+00	1.000000e-200	6.032449e-07	1.956951e-194
8.000000e-02	-2.000000e+02	1.202264e+00	1.000000e-200	6.143558e-07	1.956951e-194
8.807368e-02	-2.000000e+02	1.224824e+00	1.000000e-200	6.258837e-07	1.956951e-194
9.600000e-02	-2.000000e+02	1.247384e+00	1.000000e-200	6.374116e-07	1.956951e-194
1.040737e-01	-2.000000e+02	1.270790e+00	1.000000e-200	6.493721e-07	1.956951e-194
1.120000e-01	-2.000000e+02	1.294196e+00	1.000000e-200	6.613327e-07	1.956951e-194
1.200737e-01	-2.000000e+02	1.318480e+00	1.000000e-200	6.737420e-07	1.956951e-194
1.280000e-01	-2.000000e+02	1.342765e+00	1.000000e-200	6.861514e-07	1.956951e-194
1.360737e-01	-2.000000e+02	1.367961e+00	1.000000e-200	6.990265e-07	1.956951e-194
1.440000e-01	-2.000000e+02	1.393157e+00	1.000000e-200	7.119016e-07	1.956951e-194
1.520737e-01	-2.000000e+02	1.419298e+00	1.000000e-200	7.252599e-07	1.956951e-194
1.600000e-01	-2.000000e+02	1.445440e+00	1.000000e-200	7.386181e-07	1.956951e-194
1.680737e-01	-2.000000e+02	1.472562e+00	1.000000e-200	7.524777e-07	1.956951e-194
1.760000e-01	-2.000000e+02	1.499685e+00	1.000000e-200	7.663373e-07	1.956951e-194
1.840737e-01	-2.000000e+02	1.527825e+00	1.000000e-200	7.807170e-07	1.956951e-194
1.920000e-01	-2.000000e+02	1.555966e+00	1.000000e-200	7.950967e-07	1.956951e-194
2.000737e-01	-2.000000e+02	1.585162e+00	1.000000e-200	8.100161e-07	1.956951e-194
2.080000e-01	-2.000000e+02	1.614359e+00	1.000000e-200	8.249355e-07	1.956951e-194
2.160737e-01	-2.000000e+02	1.644651e+00	1.000000e-200	8.404147e-07	1.956951e-194
2.240000e-01	-2.000000e+02	1.674943e+00	1.000000e-200	8.558940e-07	1.956951e-194
2.320737e-01	-2.000000e+02	1.706372e+00	1.000000e-200	8.719542e-07	1.956951e-194
2.400000e-01	-2.000000e+02	1.737801e+00	1.000000e-200	8.880143e-07	1.956951e-194
2.480737e-01	-2.000000e+02	1.770409e+00	1.000000e-200	9.046772e-07	1.956951e-194
2.560000e-01	-2.000000e+02	1.803018e+00	1.000000e-200	9.213401e-07	1.956951e-194
2.640737e-01	-2.000000e+02	1.836850e+00	1.000000e-200	9.386283e-07	1.956951e-194
2.720000e-01	-2.000000e+02	1.870682e+00	1.000000e-200	9.559165e-07	1.956951e-194
2.800737e-01	-2.000000e+02	1.905784e+00	1.000000e-200	9.738536e-07	1.956951e-194
2.880000e-01	-2.000000e+02	1.940886e+00	1.000000e-200	9.917906e-07	1.956951e-194
2.960737e-01	-2.000000e+02	1.977305e+00	1.000000e-200	1.010401e-06	1.956951e-194
3.040000e-01	-2.000000e+02	2.013724e+00	1.000000e-200	1.029011e-06	1.956951e-194
3.120737e-01	-2.000000e+02	2.051510e+00	1.000000e-200	1.048319e-06	1.956951e-194
3.200000e-01	-2.000000e+02	2.089296e+00	1.000000e-200	1.067628e-06	1.956951e-194
3.280737e-01	-2.000000e+02	2.128500e+00	1.000000e-200	1.087661e-06	1.956951e-194
3.360000e-01	-2.000000e+02	2.167704e+00	1.000000e-200	1.107694e-06	1.956951e-194
3.440737e-01	-2.000000e+02	2.208379e+00	1.000000e-200	1.128479e-06	1.956951e-194
3.520000e-01	-2.000000e+02	2.249055e+00	1.000000e-200	1.149264e-06	1.956951e-194
3.600737e-01	-2.000000e+02	2.291256e+00	1.000000e-200	1.170829e-06	1.956951e-194
3.680000e-01	-2.000000e+02	2.333458e+00	1.000000e-200	1.192395e-06	1.956951e-194
3.760737e-01	-2.000000e+02	2.377244e+00	1.000000e-200	1.214769e-06	1.956951e-194
3.840000e-01	-2.000000e+02	2.421029e+00	1.000000e-200	1.237143e-06	1.956951e-194
3.920737e-01	-2.000000e+02	2.466458e+00	1.000000e-200	1.260357e-06	1.956951e-194
4.000000e-01	-2.000000e+02	2.511886e+00	1.000000e-200	1.283571e-06	1.956951e-194
4.080737e-01	-2.000000e+02	2.559020e+00	1.000000e-200	1.307656e-06	1.956951e-194
4.160000e-01	-2.000000e+02	2.606154e+00	1.000000e-200	1.331742e-06	1.956951e-194
4.240737e-01	-2.000000e+02	2.655056e+00	1.000000e-200	1.356731e-06	1.956951e-194
4.320000e-01	-2.000000e+02	2.703958e+00	1.000000e-200	1.381720e-06	1.956951e-194
4.400737e-01	-2.000000e+02	2.754696e+00	1.000000e-200	1.407647e-06	1.956951e-194
4.480000e-01	-2.000000e+02	2.805434e+00	1.000000e-200	1.433574e-06	1.956951e-194
4.560737e-01	-2.000000e+02	2.858075e+00	1.000000e-200	1.460473e-06	1.956951e-194
4.640000e-01	-2.000000e+02	2.910717e+00	1.000000e-200	1.487373e-06	1.956951e-194
4.720737e-01	-2.000000e+02	2.965334e+00	1.000000e-200	1.515283e-06	1.956951e-194
4.800000e-01	-2.000000e+02	3.019952e+00	1.000000e-200	1.543192e-06	1.956951e-194
4.880737e-01	-2.000000e+02	3.076619e+00	1.000000e-200	1.572149e-06	1.956951e-194
4.960000e-01	-2.000000e+02	3.133286e+00	1.000000e-200	1.601106e-06	1.956951e-194
5.040737e-01	-2.000000e+02	3.192079e+00	1.000000e-200	1.631149e-06	1.956951e-194
5.120000e-01	-2.000000e+02	3.250873e+00	1.000000e-200	1.661193e-06	1.956951e-194
5.200737e-01	-2.000000e+02	3.311873e+00	1.000000e-200	1.692364e-06	1.956951e-194
5.280000e-01	-2.000000e+02	3.372873e+00	1.000000e-200	1.723534e-06	1.956951e-194
5.360737e-01	-2.000000e+02	3.436162e+00	1.000000e-200	1.755875e-06	1.956951e-194
5.440000e-01	-2.000000e+02	3.499452e+00	1.000000e-200	1.788216e-06	1.956951e-194
5.520737e-01	-2.000000e+02	3.565116e+00	1.000000e-200	1.821770e-06	1.956951e-194
5.600000e-01	-2.000000e+02	3.630781e+00	1.000000e-200	1.855325e-06	1.956951e-194
5.680737e-01	-2.000000e+02	3.698909e+00	1.000000e-200	1.890139e-06	1.956951e-194
5.760000e-01	-2.000000e+02	3.767038e+00	1.000000e-200	1.924952e-06	1.956951e-194
5.840737e-01	-2.000000e+02	3.837723e+00	1.000000e-200	1.961073e-06	1.956951e-194
5.920000e-01	-2.000000e+02	3.908409e+00	1.000000e-200	1.997193e-06	1.956951e-194
6.000737e-01	-2.000000e+02	3.981747e+00	1.000000e-200	2.034668e-06	1.956951e-194
6.080000e-01	-2.000000e+02	4.055085e+00	1.000000e-200	2.072144e-06	1.956951e-194
6.160737e-01	-2.000000e+02	4.131176e+00	1.000000e-200	2.111026e-06	1.956951e-194
6.240000e-01	-2.000000e+02	4.207266e+00	1.000000e-200	2.149908e-06	1.956951e-194
6.320737e-01	-2.000000e+02	4.286212e+00	1.000000e-200	2.190250e-06	1.956951e-194
6.400000e-01	-2.000000e+02	4.365158e+00	1.000000e-200	2.230591e-06	1.956951e-194
6.480737e-01	-2.000000e+02	4.447067e+00	1.000000e-200	2.272446e-06	1.956951e-194
6.560000e-01	-2.000000e+02	4.528976e+00	1.000000e-200	2.314302e-06	1.956951e-194
6.640737e-01	-2.000000e+02	4.613958e+00	1.000000e-200	2.357728e-06	1.956951e-194
6.720000e-01	-2.000000e+02	4.698941e+00	1.000000e-200	2.401154e-06	1.956951e-194
6.800737e-01	-2.000000e+02	4.787113e+00	1.000000e-200	2.446210e-06	1.956951e-194
6.880000e-01	-2.000000e+02	4.875285e+00	1.000000e-200	2.491265e-06	1.956951e-194
6.960737e-01	-2.000000e+02	4.966766e+00	1.000000e-200	2.538012e-06	1.956951e-194
7.040000e-01	-2.000000e+02	5.058247e+00	1.000000e-200	2.584759e-06	1.956951e-194
7.120737e-01	-2.000000e+02	5.153161e+00	1.000000e-200	2.633259e-06	1.956951e-194
7.200000e-01	-2.000000e+02	5.248075e+00	1.000000e-200	2.681760e-06	1.956951e-194
7.280737e-01	-2.000000e+02	5.346551e+00	1.000000e-200	2.732082e-06	1.956951e-194
7.360000e-01	-2.000000e+02	5.445027e+00	1.000000e-200	2.782403e-06	1.956951e-194
7.440737e-01	-2.000000e+02	5.547198e+00	1.000000e-200	2.834612e-06	1.956951e-194
7.520000e-01	-2.000000e+02	5.649370e+00	1.000000e-200	2.886822e-06	1.956951e-194
7.600737e-01	-2.000000e+02	5.755376e+00	1.000000e-200	2.940991e-06	1.956951e-194
7.680000e-01	-2.000000e+02	5.861382e+00	1.000000e-200	2.995160e-06	1.956951e-194
7.760737e-01	-2.000000e+02	5.971366e+00	1.000000e-200	3.051361e-06	1.956951e-194
7.840000e-01	-2.000000e+02	6.081350e+00	1.000000e-200	3.107563e-06	1.956951e-194
7.920737e-01	-2.000000e+02	6.195462e+00	1.000000e-200	3.165874e-06	1.956951e-194
8.000000e-01	-2.000000e+02	6.309573e+00	1.000000e-200	3.224185e-06	1.956951e-194
8.080737e-01	-2.000000e+02	6.427968e+00	1.000000e-200	3.284684e-06	1.956951e-194
8.160000e-01	-2.000000e+02	6.546362e+00	1.000000e-200	3.345184e-06	1.956951e-194
8.240737e-01	-2.000000e+02	6.669199e+00	1.000000e-200	3.407953e-06	1.956951e-194
8.320000e-01	-2.000000e+02	6.792036e+00	1.000000e-200	3.470723e-06	1.956951e-194
8.400737e-01	-2.000000e+02	6.919484e+00	1.000000e-200	3.535849e-06	1.956951e-194
8.480000e-01	-2.000000e+02	7.046931e+00	1.000000e-200	3.600974e-06	1.956951e-194
8.560737e-01	-2.000000e+02	7.179161e+00	1.000000e-200	3.668543e-06	1.956951e-194
8.640000e-01	-2.000000e+02	7.311391e+00	1.000000e-200	3.736113e-06	1.956951e-194
8.720737e-01	-2.000000e+02	7.448583e+00	1.000000e-200	3.806218e-06	1.956951e-194
8.800000e-01	-2.000000e+02	7.585776e+00	1.000000e-200	3.876323e-06	1.956951e-194
8.880737e-01	-2.000000e+02	7.728117e+00	1.000000e-200	3.949059e-06	1.956951e-194
8.960000e-01	-2.000000e+02	7.870458e+00	1.000000e-200	4.021795e-06	1.956951e-194
9.040737e-01	-2.000000e+02	8.018141e+00	1.000000e-200	4.097261e-06	1.956951e-194
9.120000e-01	-2.000000e+02	8.165824e+00	1.000000e-200	4.172727e-06	1.956951e-194
9.200737e-01	-2.000000e+02	8.319049e+00	1.000000e-200	4.251025e-06	1.956951e-194
9.280000e-01	-2.000000e+02	8.472274e+00	1.000000e-200	4.329323e-06	1.956951e-194
9.360737e-01	-2.000000e+02	8.631250e+00	1.000000e-200	4.410559e-06	1.956951e-194
9.440000e-01	-2.000000e+02	8.790225e+00	1.000000e-200	4.491795e-06	1.956951e-194
9.520737e-01	-2.000000e+02	8.955167e+00	1.000000e-200	4.576080e-06	1.956951e-194
9.600000e-01	-2.000000e+02	9.120108e+00	1.000000e-200	4.660365e-06	1.956951e-194
9.680737e-01	-2.000000e+02	9.291240e+00	1.000000e-200	4.747814e-06	1.956951e-194
9.760000e-01	-2.000000e+02	9.462372e+00	1.000000e-200	4.835262e-06	1.956951e-194
9.840737e-01	-2.000000e+02	9.639926e+00	1.000000e-200	4.925991e-06	1.956951e-194
9.920000e-01	-2.000000e+02	9.817479e+00	1.000000e-200	5.016721e-06	1.956951e-194
1.000074e+00	-2.000000e+02	1.000170e+01	1.000000e-200	5.110856e-06	1.956951e-194
1.008000e+00	-2.000000e+02	1.018591e+01	1.000000e-200	5.204991e-06	1.956951e-194
1.016074e+00	-2.000000e+02	1.037704e+01	1.000000e-200	5.302658e-06	1.956951e-194
1.024000e+00	-2.000000e+02	1.056818e+01	1.000000e-200	5.400326e-06	1.956951e-194
1.032074e+00	-2.000000e+02	1.076648e+01	1.000000e-200	5.501659e-06	1.956951e-194
1.040000e+00	-2.000000e+02	1.096478e+01	1.000000e-200	5.602992e-06	1.956951e-194
1.048074e+00	-2.000000e+02	1.117053e+01	1.000000e-200	5.708127e-06	1.956951e-194
1.056000e+00	-2.000000e+02	1.137627e+01	1.000000e-200	5.813263e-06	1.956951e-194
1.064074e+00	-2.000000e+02	1.158974e+01	1.000000e-200	5.922344e-06	1.956951e-194
1.072000e+00	-2.000000e+02	1.180321e+01	1.000000e-200	6.031426e-06	1.956951e-194
1.080074e+00	-2.000000e+02	1.202468e+01	1.000000e-200	6.144601e-06	1.956951e-194
1.088000e+00	-2.000000e+02	1.224616e+01	1.000000e-200	6.257775e-06	1.956951e-194
1.096074e+00	-2.000000e+02	1.247595e+01	1.000000e-200	6.375198e-06	1.956951e-194
1.104000e+00	-2.000000e+02	1.270574e+01	1.000000e-200	6.492620e-06	1.956951e-194
1.112074e+00	-2.000000e+02	1.294415e+01	1.000000e-200	6.614449e-06	1.956951e-194
1.120000e+00	-2.000000e+02	1.318257e+01	1.000000e-200	6.736278e-06	1.956951e-194
1.128074e+00	-2.000000e+02	1.342993e+01	1.000000e-200	6.862678e-06	1.956951e-194
1.136000e+00	-2.000000e+02	1.367729e+01	1.000000e-200	6.989079e-06	1.956951e-194
1.144074e+00	-2.000000e+02	1.393393e+01	1.000000e-200	7.120224e-06	1.956951e-194
1.152000e+00	-2.000000e+02	1.419058e+01	1.000000e-200	7.251368e-06	1.956951e-194
1.160074e+00	-2.000000e+02	1.445685e+01	1.000000e-200	7.387435e-06	1.956951e-194
1.168000e+00	-2.000000e+02	1.472313e+01	1.000000e-200	7.523501e-06	1.956951e-194
1.176074e+00	-2.000000e+02	1.499939e+01	1.000000e-200	7.664673e-06	1.956951e-194
1.184000e+00	-2.000000e+02	1.527566e+01	1.000000e-200	7.805846e-06	1.956951e-194
1.192074e+00	-2.000000e+02	1.556230e+01	1.000000e-200	7.952316e-06	1.956951e-194
1.200000e+00	-2.000000e+02	1.584893e+01	1.000000e-200	8.098787e-06	1.956951e-194
1.208074e+00	-2.000000e+02	1.614632e+01	1.000000e-200	8.250754e-06	1.956951e-194
1.216000e+00	-2.000000e+02	1.644372e+01	1.000000e-200	8.402722e-06	1.956951e-194
1.224074e+00	-2.000000e+02	1.675227e+01	1.000000e-200	8.560392e-06	1.956951e-194
1.232000e+00	-2.000000e+02	1.706082e+01	1.000000e-200	8.718062e-06	1.956951e-194
1.240074e+00	-2.000000e+02	1.738096e+01	1.000000e-200	8.881650e-06	1.956951e-194
1.248000e+00	-2.000000e+02	1.770109e+01	1.000000e-200	9.045237e-06	1.956951e-194
1.256074e+00	-2.000000e+02	1.803324e+01	1.000000e-200	9.214964e-06	1.956951e-194
1.264000e+00	-2.000000e+02	1.836538e+01	1.000000e-200	9.384691e-06	1.956951e-194
1.272074e+00	-2.000000e+02	1.871000e+01	1.000000e-200	9.560787e-06	1.956951e-194
1.280000e+00	-2.000000e+02	1.905461e+01	1.000000e-200	9.736883e-06	1.956951e-194
1.288074e+00	-2.000000e+02	1.941215e+01	1.000000e-200	9.919588e-06	1.956951e-194
1.296000e+00	-2.000000e+02	1.976970e+01	1.000000e-200	1.010229e-05	1.956951e-194
1.304074e+00	-2.000000e+02	2.014066e+01	1.000000e-200	1.029185e-05	1.956951e-194
1.312000e+00	-2.000000e+02	2.051162e+01	1.000000e-200	1.048142e-05	1.956951e-194
1.320074e+00	-2.000000e+02	2.089651e+01	1.000000e-200	1.067809e-05	1.956951e-194
1.328000e+00	-2.000000e+02	2.128139e+01	1.000000e-200	1.087477e-05	1.956951e-194
1.336074e+00	-2.000000e+02	2.168072e+01	1.000000e-200	1.107882e-05	1.956951e-194
1.344000e+00	-2.000000e+02	2.208005e+01	1.000000e-200	1.128288e-05	1.956951e-194
1.352074e+00	-2.000000e+02	2.249436e+01	1.000000e-200	1.149459e-05	1.956951e-194
1.360000e+00	-2.000000e+02	2.290868e+01	1.000000e-200	1.170631e-05	1.956951e-194
1.368074e+00	-2.000000e+02	2.333854e+01	1.000000e-200	1.192597e-05	1.956951e-194
1.376000e+00	-2.000000e+02	2.376840e+01	1.000000e-200	1.214563e-05	1.956951e-194
1.384074e+00	-2.000000e+02	2.421440e+01	1.000000e-200	1.237353e-05	1.956951e-194
1.392000e+00	-2.000000e+02	2.466039e+01	1.000000e-200	1.260143e-05	1.956951e-194
1.400074e+00	-2.000000e+02	2.512313e+01	1.000000e-200	1.283789e-05	1.956951e-194
1.408000e+00	-2.000000e+02	2.558586e+01	1.000000e-200	1.307435e-05	1.956951e-194
1.416074e+00	-2.000000e+02	2.606596e+01	1.000000e-200	1.331968e-05	1.956951e-194
1.424000e+00	-2.000000e+02	2.654606e+01	1.000000e-200	1.356501e-05	1.956951e-194
1.432074e+00	-2.000000e+02	2.704417e+01	1.000000e-200	1.381954e-05	1.956951e-194
1.440000e+00	-2.000000e+02	2.754229e+01	1.000000e-200	1.407408e-05	1.956951e-194
1.448074e+00	-2.000000e+02	2.805910e+01	1.000000e-200	1.433817e-05	1.956951e-194
1.456000e+00	-2.000000e+02	2.857591e+01	1.000000e-200	1.460226e-05	1.956951e-194
1.464074e+00	-2.000000e+02	2.911211e+01	1.000000e-200	1.487626e-05	1.956951e-194
1.472000e+00	-2.000000e+02	2.964831e+01	1.000000e-200	1.515026e-05	1.956951e-194
1.480074e+00	-2.000000e+02	3.020464e+01	1.000000e-200	1.543454e-05	1.956951e-194
1.488000e+00	-2.000000e+02	3.076097e+01	1.000000e-200	1.571882e-05	1.956951e-194
1.496074e+00	-2.000000e+02	3.133817e+01	1.000000e-200	1.601377e-05	1.956951e-194
1.504000e+00	-2.000000e+02	3.191538e+01	1.000000e-200	1.630872e-05	1.956951e-194
1.512074e+00	-2.000000e+02	3.251425e+01	1.000000e-200	1.661474e-05	1.956951e-194
1.520000e+00	-2.000000e+02	3.311311e+01	1.000000e-200	1.692076e-05	1.956951e-194
1.528074e+00	-2.000000e+02	3.373445e+01	1.000000e-200	1.723827e-05	1.956951e-194
1.536000e+00	-2.000000e+02	3.435579e+01	1.000000e-200	1.755577e-05	1.956951e-194
1.544074e+00	-2.000000e+02	3.500045e+01	1.000000e-200	1.788519e-05	1.956951e-194
1.552000e+00	-2.000000e+02	3.564511e+01	1.000000e-200	1.821461e-05	1.956951e-194
1.560074e+00	-2.000000e+02	3.631397e+01	1.000000e-200	1.855640e-05	1.956951e-194
1.568000e+00	-2.000000e+02	3.698282e+01	1.000000e-200	1.889818e-05	1.956951e-194
1.576074e+00	-2.000000e+02	3.767677e+01	1.000000e-200	1.925279e-05	1.956951e-194
1.584000e+00	-2.000000e+02	3.837072e+01	1.000000e-200	1.960740e-05	1.956951e-194
1.592074e+00	-2.000000e+02	3.909072e+01	1.000000e-200	1.997532e-05	1.956951e-194
1.600000e+00	-2.000000e+02	3.981072e+01	1.000000e-200	2.034323e-05	1.956951e-194
1.608074e+00	-2.000000e+02	4.055773e+01	1.000000e-200	2.072496e-05	1.956951e-194
1.616000e+00	-2.000000e+02	4.130475e+01	1.000000e-200	2.110668e-05	1.956951e-194
1.624074e+00	-2.000000e+02	4.207980e+01	1.000000e-200	2.150273e-05	1.956951e-194
1.632000e+00	-2.000000e+02	4.285485e+01	1.000000e-200	2.189878e-05	1.956951e-194
1.640074e+00	-2.000000e+02	4.365899e+01	1.000000e-200	2.230970e-05	1.956951e-194
1.648000e+00	-2.000000e+02	4.446313e+01	1.000000e-200	2.272061e-05	1.956951e-194
1.656074e+00	-2.000000e+02	4.529744e+01	1.000000e-200	2.314694e-05	1.956951e-194
1.664000e+00	-2.000000e+02	4.613176e+01	1.000000e-200	2.357328e-05	1.956951e-194
1.672074e+00	-2.000000e+02	4.699738e+01	1.000000e-200	2.401561e-05	1.956951e-194
1.680000e+00	-2.000000e+02	4.786301e+01	1.000000e-200	2.445795e-05	1.956951e-194
1.688074e+00	-2.000000e+02	4.876112e+01	1.000000e-200	2.491688e-05	1.956951e-194
1.696000e+00	-2.000000e+02	4.965923e+01	1.000000e-200	2.537581e-05	1.956951e-194
1.704074e+00	-2.000000e+02	5.059105e+01	1.000000e-200	2.585197e-05	1.956951e-194
1.712000e+00	-2.000000e+02	5.152286e+01	1.000000e-200	2.632813e-05	1.956951e-194
1.720074e+00	-2.000000e+02	5.248965e+01	1.000000e-200	2.682215e-05	1.956951e-194
1.728000e+00	-2.000000e+02	5.345644e+01	1.000000e-200	2.731618e-05	1.956951e-194
1.736074e+00	-2.000000e+02	5.445950e+01	1.000000e-200	2.782875e-05	1.956951e-194
1.744000e+00	-2.000000e+02	5.546257e+01	1.000000e-200	2.834131e-05	1.956951e-194
1.752074e+00	-2.000000e+02	5.650328e+01	1.000000e-200	2.887312e-05	1.956951e-194
1.760000e+00	-2.000000e+02	5.754399e+01	1.000000e-200	2.940492e-05	1.956951e-194
1.768074e+00	-2.000000e+02	5.862376e+01	1.000000e-200	2.995668e-05	1.956951e-194
1.776000e+00	-2.000000e+02	5.970353e+01	1.000000e-200	3.050844e-05	1.956951e-194
1.784074e+00	-2.000000e+02	6.082382e+01	1.000000e-200	3.108090e-05	1.956951e-194
1.792000e+00	-2.000000e+02	6.194411e+01	1.000000e-200	3.165337e-05	1.956951e-194
1.800074e+00	-2.000000e+02	6.310644e+01	1.000000e-200	3.224732e-05	1.956951e-194
1.808000e+00	-2.000000e+02	6.426877e+01	1.000000e-200	3.284127e-05	1.956951e-194
1.816074e+00	-2.000000e+02	6.547472e+01	1.000000e-200	3.345751e-05	1.956951e-194
1.824000e+00	-2.000000e+02	6.668068e+01	1.000000e-200	3.407375e-05	1.956951e-194
1.832074e+00	-2.000000e+02	6.793189e+01	1.000000e-200	3.471312e-05	1.956951e-194
1.840000e+00	-2.000000e+02	6.918310e+01	1.000000e-200	3.535249e-05	1.956951e-194
1.848074e+00	-2.000000e+02	7.048126e+01	1.000000e-200	3.601585e-05	1.956951e-194
1.856000e+00	-2.000000e+02	7.177943e+01	1.000000e-200	3.667921e-05	1.956951e-194
1.864074e+00	-2.000000e+02	7.312631e+01	1.000000e-200	3.736747e-05	1.956951e-194
1.872000e+00	-2.000000e+02	7.447320e+01	1.000000e-200	3.805572e-05	1.956951e-194
1.880074e+00	-2.000000e+02	7.587063e+01	1.000000e-200	3.876981e-05	1.956951e-194
1.888000e+00	-2.000000e+02	7.726806e+01	1.000000e-200	3.948389e-05	1.956951e-194
1.896074e+00	-2.000000e+02	7.871793e+01	1.000000e-200	4.022478e-05	1.956951e-194
1.904000e+00	-2.000000e+02	8.016781e+01	1.000000e-200	4.096566e-05	1.956951e-194
1.912074e+00	-2.000000e+02	8.167209e+01	1.000000e-200	4.173435e-05	1.956951e-194
1.920000e+00	-2.000000e+02	8.317638e+01	1.000000e-200	4.250304e-05	1.956951e-194
1.928074e+00	-2.000000e+02	8.473712e+01	1.000000e-200	4.330057e-05	1.956951e-194
1.936000e+00	-2.000000e+02	8.629785e+01	1.000000e-200	4.409811e-05	1.956951e-194
1.944074e+00	-2.000000e+02	8.791717e+01	1.000000e-200	4.492558e-05	1.956951e-194
1.952000e+00	-2.000000e+02	8.953648e+01	1.000000e-200	4.575304e-05	1.956951e-194
1.960074e+00	-2.000000e+02	9.121656e+01	1.000000e-200	4.661156e-05	1.956951e-194
1.968000e+00	-2.000000e+02	9.289664e+01	1.000000e-200	4.747008e-05	1.956951e-194
1.976074e+00	-2.000000e+02	9.463977e+01	1.000000e-200	4.836082e-05	1.956951e-194
1.984000e+00	-2.000000e+02	9.638290e+01	1.000000e-200	4.925156e-05	1.956951e-194
1.992074e+00	-2.000000e+02	9.819145e+01	1.000000e-200	5.017572e-05	1.956951e-194
2.000000e+00	-2.000000e+02	1.000000e+02	1.000000e-200	5.109989e-05	1.956951e-194
2.008074e+00	-2.000000e+02	1.018764e+02	1.000000e-200	5.205874e-05	1.956951e-194
2.016000e+00	-2.000000e+02	1.037528e+02	1.000000e-200	5.301759e-05	1.956951e-194
2.024074e+00	-2.000000e+02	1.056997e+02	1.000000e-200	5.401242e-05	1.956951e-194
2.032000e+00	-2.000000e+02	1.076465e+02	1.000000e-200	5.500726e-05	1.956951e-194
2.040074e+00	-2.000000e+02	1.096664e+02	1.000000e-200	5.603942e-05	1.956951e-194
2.048000e+00	-2.000000e+02	1.116863e+02	1.000000e-200	5.707159e-05	1.956951e-194
2.056074e+00	-2.000000e+02	1.137820e+02	1.000000e-200	5.814249e-05	1.956951e-194
2.064000e+00	-2.000000e+02	1.158777e+02	1.000000e-200	5.921340e-05	1.956951e-194
2.072074e+00	-2.000000e+02	1.180521e+02	1.000000e-200	6.032449e-05	1.956951e-194
2.080000e+00	-2.000000e+02	1.202264e+02	1.000000e-200	6.143558e-05	1.956951e-194
2.088074e+00	-2.000000e+02	1.224824e+02	1.000000e-200	6.258837e-05	1.956951e-194
2.096000e+00	-2.000000e+02	1.247384e+02	1.000000e-200	6.374116e-05	1.956951e-194
2.104074e+00	-2.000000e+02	1.270790e+02	1.000000e-200	6.493721e-05	1.956951e-194
2.112000e+00	-2.000000e+02	1.294196e+02	1.000000e-200	6.613327e-05	1.956951e-194
2.120074e+00	-2.000000e+02	1.318480e+02	1.000000e-200	6.737420e-05	1.956951e-194
2.128000e+00	-2.000000e+02	1.342765e+02	1.000000e-200	6.861514e-05	1.956951e-194
2.136074e+00	-2.000000e+02	1.367961e+02	1.000000e-200	6.990265e-05	1.956951e-194
2.144000e+00	-2.000000e+02	1.393157e+02	1.000000e-200	7.119016e-05	1.956951e-194
2.152074e+00	-2.000000e+02	1.419298e+02	1.000000e-200	7.252599e-05	1.956951e-194
2.160000e+00	-2.000000e+02	1.445440e+02	1.000000e-200	7.386181e-05	1.956951e-194
2.168074e+00	-2.000000e+02	1.472562e+02	1.000000e-200	7.524777e-05	1.956951e-194
2.176000e+00	-2.000000e+02	1.499685e+02	1.000000e-200	7.663373e-05	1.956951e-194
2.184074e+00	-2.000000e+02	1.527825e+02	1.000000e-200	7.807170e-05	1.956951e-194
2.192000e+00	-2.000000e+02	1.555966e+02	1.000000e-200	7.950967e-05	1.956951e-194
2.200074e+00	-2.000000e+02	1.585162e+02	1.000000e-200	8.100161e-05	1.956951e-194
2.208000e+00	-2.000000e+02	1.614359e+02	1.000000e-200	8.249355e-05	1.956951e-194
2.216074e+00	-2.000000e+02	1.644651e+02	1.000000e-200	8.404147e-05	1.956951e-194
2.224000e+00	-2.000000e+02	1.674943e+02	1.000000e-200	8.558940e-05	1.956951e-194
2.232074e+00	-2.000000e+02	1.706372e+02	1.000000e-200	8.719542e-05	1.956951e-194
2.240000e+00	-2.000000e+02	1.737801e+02	1.000000e-200	8.880143e-05	1.956951e-194
2.248074e+00	-2.000000e+02	1.770409e+02	1.000000e-200	9.046772e-05	1.956951e-194
2.256000e+00	-2.000000e+02	1.803018e+02	1.000000e-200	9.213401e-05	1.956951e-194
2.264074e+00	-2.000000e+02	1.836850e+02	1.000000e-200	9.386283e-05	1.956951e-194
2.272000e+00	-2.000000e+02	1.870682e+02	1.000000e-200	9.559165e-05	1.956951e-194
2.280074e+00	-2.000000e+02	1.905784e+02	1.000000e-200	9.738536e-05	1.956951e-194
2.288000e+00	-2.000000e+02	1.940886e+02	1.000000e-200	9.917906e-05	1.956951e-194
2.296074e+00	-2.000000e+02	1.977305e+02	1.000000e-200	1.010401e-04	1.956951e-194
2.304000e+00	-2.000000e+02	2.013724e+02	1.000000e-200	1.029011e-04	1.956951e-194
2.312074e+00	-2.000000e+02	2.051510e+02	1.000000e-200	1.048319e-04	1.956951e-194
2.320000e+00	-2.000000e+02	2.089296e+02	1.000000e-200	1.067628e-04	1.956951e-194
2.328074e+00	-2.000000e+02	2.128500e+02	1.000000e-200	1.087661e-04	1.956951e-194
2.336000e+00	-2.000000e+02	2.167704e+02	1.000000e-200	1.107694e-04	1.956951e-194
2.344074e+00	-2.000000e+02	2.208379e+02	1.000000e-200	1.128479e-04	1.956951e-194
2.352000e+00	-2.000000e+02	2.249055e+02	1.000000e-200	1.149264e-04	1.956951e-194
2.360074e+00	-2.000000e+02	2.291256e+02	1.000000e-200	1.170829e-04	1.956951e-194
2.368000e+00	-2.000000e+02	2.333458e+02	1.000000e-200	1.192395e-04	1.956951e-194
2.376074e+00	-2.000000e+02	2.377244e+02	1.000000e-200	1.214769e-04	1.956951e-194
2.384000e+00	-2.000000e+02	2.421029e+02	1.000000e-200	1.237143e-04	1.956951e-194
2.392074e+00	-2.000000e+02	2.466458e+02	1.000000e-200	1.260357e-04	1.956951e-194
2.400000e+00	-2.000000e+02	2.511886e+02	1.000000e-200	1.283571e-04	1.956951e-194
2.408074e+00	-2.000000e+02	2.559020e+02	1.000000e-200	1.307656e-04	1.956951e-194
2.416000e+00	-2.000000e+02	2.606154e+02	1.000000e-200	1.331742e-04	1.956951e-194
2.424074e+00	-2.000000e+02	2.655056e+02	1.000000e-200	1.356731e-04	1.956951e-194
2.432000e+00	-2.000000e+02	2.703958e+02	1.000000e-200	1.381720e-04	1.956951e-194
2.440074e+00	-2.000000e+02	2.754696e+02	1.000000e-200	1.407647e-04	1.956951e-194
2.448000e+00	-2.000000e+02	2.805434e+02	1.000000e-200	1.433574e-04	1.956951e-194
2.456074e+00	-2.000000e+02	2.858075e+02	1.000000e-200	1.460473e-04	1.956951e-194
2.464000e+00	-2.000000e+02	2.910717e+02	1.000000e-200	1.487373e-04	1.956951e-194
2.472074e+00	-2.000000e+02	2.965334e+02	1.000000e-200	1.515283e-04	1.956951e-194
2.480000e+00	-2.000000e+02	3.019952e+02	1.000000e-200	1.543192e-04	1.956951e-194
2.488074e+00	-2.000000e+02	3.076619e+02	1.000000e-200	1.572149e-04	1.956951e-194
2.496000e+00	-2.000000e+02	3.133286e+02	1.000000e-200	1.601106e-04	1.956951e-194
2.504074e+00	-2.000000e+02	3.192079e+02	1.000000e-200	1.631149e-04	1.956951e-194
2.512000e+00	-2.000000e+02	3.250873e+02	1.000000e-200	1.661193e-04	1.956951e-194
2.520074e+00	-2.000000e+02	3.311873e+02	1.000000e-200	1.692364e-04	1.956951e-194
2.528000e+00	-2.000000e+02	3.372873e+02	1.000000e-200	1.723534e-04	1.956951e-194
2.536074e+00	-2.000000e+02	3.436162e+02	1.000000e-200	1.755875e-04	1.956951e-194
2.544000e+00	-2.000000e+02	3.499452e+02	1.000000e-200	1.788216e-04	1.956951e-194
2.552074e+00	-2.000000e+02	3.565116e+02	1.000000e-200	1.821770e-04	1.956951e-194
2.560000e+00	-2.000000e+02	3.630781e+02	1.000000e-200	1.855325e-04	1.956951e-194
2.568074e+00	-2.000000e+02	3.698909e+02	1.000000e-200	1.890139e-04	1.956951e-194
2.576000e+00	-2.000000e+02	3.767038e+02	1.000000e-200	1.924952e-04	1.956951e-194
2.584074e+00	-2.000000e+02	3.837723e+02	1.000000e-200	1.961073e-04	1.956951e-194
2.592000e+00	-2.000000e+02	3.908409e+02	1.000000e-200	1.997193e-04	1.956951e-194
2.600074e+00	-2.000000e+02	3.981747e+02	1.000000e-200	2.034668e-04	1.956951e-194
2.608000e+00	-2.000000e+02	4.055085e+02	1.000000e-200	2.072144e-04	1.956951e-194
2.616074e+00	-2.000000e+02	4.131176e+02	1.000000e-200	2.111026e-04	1.956951e-194
2.624000e+00	-2.000000e+02	4.207266e+02	1.000000e-200	2.149908e-04	1.956951e-194
2.632074e+00	-2.000000e+02	4.286212e+02	1.000000e-200	2.190250e-04	1.956951e-194
2.640000e+00	-2.000000e+02	4.365158e+02	1.000000e-200	2.230591e-04	1.956951e-194
2.648074e+00	-2.000000e+02	4.447067e+02	1.000000e-200	2.272446e-04	1.956951e-194
2.656000e+00	-2.000000e+02	4.528976e+02	1.000000e-200	2.314302e-04	1.956951e-194
2.664074e+00	-2.000000e+02	4.613958e+02	1.000000e-200	2.357728e-04	1.956951e-194
2.672000e+00	-2.000000e+02	4.698941e+02	1.000000e-200	2.401154e-04	1.956951e-194
2.680074e+00	-2.000000e+02	4.787113e+02	1.000000e-200	2.446210e-04	1.956951e-194
2.688000e+00	-2.000000e+02	4.875285e+02	1.000000e-200	2.491265e-04	1.956951e-194
2.696074e+00	-2.000000e+02	4.966766e+02	1.000000e-200	2.538012e-04	1.956951e-194
2.704000e+00	-2.000000e+02	5.058247e+02	1.000000e-200	2.584759e-04	1.956951e-194
2.712074e+00	-2.000000e+02	5.153161e+02	1.000000e-200	2.633259e-04	1.956951e-194
2.720000e+00	-2.000000e+02	5.248075e+02	1.000000e-200	2.681760e-04	1.956951e-194
2.728074e+00	-2.000000e+02	5.346551e+02	1.000000e-200	2.732082e-04	1.956951e-194
2.736000e+00	-2.000000e+02	5.445027e+02	1.000000e-200	2.782403e-04	1.956951e-194
2.744074e+00	-2.000000e+02	5.547198e+02	1.000000e-200	2.834612e-04	1.956951e-194
2.752000e+00	-2.000000e+02	5.649370e+02	1.000000e-200	2.886822e-04	1.956951e-194
2.760074e+00	-2.000000e+02	5.755376e+02	1.000000e-200	2.940991e-04	1.956951e-194
2.768000e+00	-2.000000e+02	5.861382e+02	1.000000e-200	2.995160e-04	1.956951e-194
2.776074e+00	-2.000000e+02	5.971366e+02	1.000000e-200	3.051361e-04	1.956951e-194
2.784000e+00	-2.000000e+02	6.081350e+02	1.000000e-200	3.107563e-04	1.956951e-194
2.792074e+00	-2.000000e+02	6.195462e+02	1.000000e-200	3.165874e-04	1.956951e-194
2.800000e+00	-2.000000e+02	6.309573e+02	1.000000e-200	3.224185e-04	1.956951e-194
2.808074e+00	-2.000000e+02	6.427968e+02	1.000000e-200	3.284684e-04	1.956951e-194
2.816000e+00	-2.000000e+02	6.546362e+02	1.000000e-200	3.345184e-04	1.956951e-194
2.824074e+00	-2.000000e+02	6.669199e+02	1.000000e-200	3.407953e-04	1.956951e-194
2.832000e+00	-2.000000e+02	6.792036e+02	1.000000e-200	3.470723e-04	1.956951e-194
2.840074e+00	-2.000000e+02	6.919484e+02	1.000000e-200	3.535849e-04	1.956951e-194
2.848000e+00	-2.000000e+02	7.046931e+02	1.000000e-200	3.600974e-04	1.956951e-194
2.856074e+00	-2.000000e+02	7.179161e+02	1.000000e-200	3.668543e-04	1.956951e-194
2.864000e+00	-2.000000e+02	7.311391e+02	1.000000e-200	3.736113e-04	1.956951e-194
2.872074e+00	-2.000000e+02	7.448583e+02	1.000000e-200	3.806218e-04	1.956951e-194
2.880000e+00	-2.000000e+02	7.585776e+02	1.000000e-200	3.876323e-04	1.956951e-194
2.888074e+00	-2.000000e+02	7.728117e+02	1.000000e-200	3.949059e-04	1.956951e-194
2.896000e+00	-2.000000e+02	7.870458e+02	1.000000e-200	4.021795e-04	1.956951e-194
2.904074e+00	-2.000000e+02	8.018141e+02	1.000000e-200	4.097261e-04	1.956951e-194
2.912000e+00	-2.000000e+02	8.165824e+02	1.000000e-200	4.172727e-04	1.956951e-194
2.920074e+00	-2.000000e+02	8.319049e+02	1.000000e-200	4.251025e-04	1.956951e-194
2.928000e+00	-2.000000e+02	8.472274e+02	1.000000e-200	4.329323e-04	1.956951e-194
2.936074e+00	-2.000000e+02	8.631250e+02	1.000000e-200	4.410559e-04	1.956951e-194
2.944000e+00	-2.000000e+02	8.790225e+02	1.000000e-200	4.491795e-04	1.956951e-194
2.952074e+00	-2.000000e+02	8.955167e+02	1.000000e-200	4.576080e-04	1.956951e-194
2.960000e+00	-2.000000e+02	9.120108e+02	1.000000e-200	4.660365e-04	1.956951e-194
2.968074e+00	-2.000000e+02	9.291240e+02	1.000000e-200	4.747814e-04	1.956951e-194
2.976000e+00	-2.000000e+02	9.462372e+02	1.000000e-200	4.835262e-04	1.956951e-194
2.984074e+00	-2.000000e+02	9.639926e+02	1.000000e-200	4.925991e-04	1.956951e-194
2.992000e+00	-2.000000e+02	9.817479e+02	1.000000e-200	5.016721e-04	1.956951e-194
3.000074e+00	-2.000000e+02	1.000170e+03	1.000000e-200	5.110856e-04	1.956951e-194
3.008000e+00	-2.000000e+02	1.018591e+03	1.000000e-200	5.204991e-04	1.956951e-194
3.016074e+00	-2.000000e+02	1.037704e+03	1.000000e-200	5.302658e-04	1.956951e-194
3.024000e+00	-2.000000e+02	1.056818e+03	1.000000e-200	5.400326e-04	1.956951e-194
3.032074e+00	-2.000000e+02	1.076648e+03	1.000000e-200	5.501659e-04	1.956951e-194
3.040000e+00	-2.000000e+02	1.096478e+03	1.000000e-200	5.602992e-04	1.956951e-194
3.048074e+00	-2.000000e+02	1.117053e+03	1.000000e-200	5.708127e-04	1.956951e-194
3.056000e+00	-2.000000e+02	1.137627e+03	1.000000e-200	5.813263e-04	1.956951e-194
3.064074e+00	-2.000000e+02	1.158974e+03	1.000000e-200	5.922344e-04	1.956951e-194
3.072000e+00	-2.000000e+02	1.180321e+03	1.000000e-200	6.031426e-04	1.956951e-194
3.080074e+00	-2.000000e+02	1.202468e+03	1.000000e-200	6.144601e-04	1.956951e-194
3.088000e+00	-2.000000e+02	1.224616e+03	1.000000e-200	6.257775e-04	1.956951e-194
3.096074e+00	-2.000000e+02	1.247595e+03	1.000000e-200	6.375198e-04	1.956951e-194
3.104000e+00	-2.000000e+02	1.270574e+03	1.000000e-200	6.492620e-04	1.956951e-194
3.112074e+00	-2.000000e+02	1.294415e+03	1.000000e-200	6.614449e-04	1.956951e-194
3.120000e+00	-2.000000e+02	1.318257e+03	1.000000e-200	6.736278e-04	1.956951e-194
3.128074e+00	-2.000000e+02	1.342993e+03	1.000000e-200	6.862678e-04	1.956951e-194
3.136000e+00	-4.610069e+00	1.367729e+03	2.454321e-05	6.989079e-04	4.802987e+01
3.144074e+00	-4.638326e+00	1.393393e+03	2.299712e-05	7.120224e-04	4.500425e+01
3.152000e+00	-4.666069e+00	1.419058e+03	2.157404e-05	7.251368e-04	4.221934e+01
3.160074e+00	-4.694326e+00	1.445685e+03	2.021499e-05	7.387435e-04	3.955975e+01
3.168000e+00	-4.722069e+00	1.472313e+03	1.896406e-05	7.523501e-04	3.711175e+01
3.176074e+00	-4.750326e+00	1.499939e+03	1.776943e-05	7.664673e-04	3.477391e+01
3.184000e+00	-4.778069e+00	1.527566e+03	1.666984e-05	7.805846e-04	3.262206e+01
3.192074e+00	-4.806326e+00	1.556230e+03	1.561973e-05	7.952316e-04	3.056705e+01
3.200000e+00	-4.834069e+00	1.584893e+03	1.465316e-05	8.098787e-04	2.867553e+01
3.208074e+00	-4.862326e+00	1.614632e+03	1.373009e-05	8.250754e-04	2.686913e+01
3.216000e+00	-4.890069e+00	1.644372e+03	1.288046e-05	8.402722e-04	2.520643e+01
3.224074e+00	-4.918326e+00	1.675227e+03	1.206906e-05	8.560392e-04	2.361857e+01
3.232000e+00	-4.946069e+00	1.706082e+03	1.132221e-05	8.718062e-04	2.215702e+01
3.240074e+00	-4.974326e+00	1.738096e+03	1.060898e-05	8.881650e-04	2.076125e+01
3.248000e+00	-5.002069e+00	1.770109e+03	9.952482e-06	9.045237e-04	1.947652e+01
3.256074e+00	-5.030326e+00	1.803324e+03	9.325530e-06	9.214964e-04	1.824961e+01
3.264000e+00	-5.058069e+00	1.836538e+03	8.748455e-06	9.384691e-04	1.712030e+01
3.272074e+00	-5.086326e+00	1.871000e+03	8.197351e-06	9.560787e-04	1.604182e+01
3.280000e+00	-5.114069e+00	1.905461e+03	7.690089e-06	9.736883e-04	1.504913e+01
3.288074e+00	-5.142326e+00	1.941215e+03	7.205656e-06	9.919588e-04	1.410112e+01
3.296000e+00	-5.170069e+00	1.976970e+03	6.759762e-06	1.010229e-03	1.322852e+01
3.304074e+00	-5.198326e+00	2.014066e+03	6.333934e-06	1.029185e-03	1.239520e+01
3.312000e+00	-5.226069e+00	2.051162e+03	5.941983e-06	1.048142e-03	1.162817e+01
3.320074e+00	-5.254326e+00	2.089651e+03	5.567670e-06	1.067809e-03	1.089566e+01
3.328000e+00	-5.282069e+00	2.128139e+03	5.223137e-06	1.087477e-03	1.022142e+01
3.336074e+00	-5.310326e+00	2.168072e+03	4.894108e-06	1.107882e-03	9.577530e+00
3.344000e+00	-5.338069e+00	2.208005e+03	4.591255e-06	1.128288e-03	8.984862e+00
3.352074e+00	-5.366326e+00	2.249436e+03	4.302031e-06	1.149459e-03	8.418865e+00
3.360000e+00	-5.394069e+00	2.290868e+03	4.035816e-06	1.170631e-03	7.897896e+00
3.368074e+00	-5.422326e+00	2.333854e+03	3.781582e-06	1.192597e-03	7.400372e+00
3.376000e+00	-5.450069e+00	2.376840e+03	3.547573e-06	1.214563e-03	6.942428e+00
3.384074e+00	-5.478326e+00	2.421440e+03	3.324096e-06	1.237353e-03	6.505093e+00
3.392000e+00	-5.506069e+00	2.466039e+03	3.118397e-06	1.260143e-03	6.102551e+00
3.400074e+00	-5.534326e+00	2.512313e+03	2.921955e-06	1.283789e-03	5.718124e+00
3.408000e+00	-5.562069e+00	2.558586e+03	2.741141e-06	1.307435e-03	5.364280e+00
3.416074e+00	-5.590326e+00	2.606596e+03	2.568464e-06	1.331968e-03	5.026359e+00
3.424000e+00	-5.618069e+00	2.654606e+03	2.409525e-06	1.356501e-03	4.715323e+00
3.432074e+00	-5.646326e+00	2.704417e+03	2.257738e-06	1.381954e-03	4.418283e+00
3.440000e+00	-5.674069e+00	2.754229e+03	2.118026e-06	1.407408e-03	4.144875e+00
3.448074e+00	-5.702326e+00	2.805910e+03	1.984602e-06	1.433817e-03	3.883770e+00
3.456000e+00	-5.730069e+00	2.857591e+03	1.861793e-06	1.460226e-03	3.643438e+00
3.464074e+00	-5.758326e+00	2.911211e+03	1.744510e-06	1.487626e-03	3.413922e+00
3.472000e+00	-5.786069e+00	2.964831e+03	1.636558e-06	1.515026e-03	3.202664e+00
3.480074e+00	-5.814326e+00	3.020464e+03	1.533464e-06	1.543454e-03	3.000914e+00
3.488000e+00	-5.842069e+00	3.076097e+03	1.438571e-06	1.571882e-03	2.815214e+00
3.496074e+00	-5.870326e+00	3.133817e+03	1.347949e-06	1.601377e-03	2.637871e+00
3.504000e+00	-5.898069e+00	3.191538e+03	1.264537e-06	1.630872e-03	2.474636e+00
3.512074e+00	-5.926326e+00	3.251425e+03	1.184878e-06	1.661474e-03	2.318748e+00
3.520000e+00	-5.954069e+00	3.311311e+03	1.111556e-06	1.692076e-03	2.175261e+00
3.528074e+00	-5.982326e+00	3.373445e+03	1.041534e-06	1.723827e-03	2.038232e+00
3.536000e+00	-6.010069e+00	3.435579e+03	9.770828e-07	1.755577e-03	1.912104e+00
3.544074e+00	-6.038326e+00	3.500045e+03	9.155320e-07	1.788519e-03	1.791651e+00
3.552000e+00	-6.066069e+00	3.564511e+03	8.588778e-07	1.821461e-03	1.680782e+00
3.560074e+00	-6.094326e+00	3.631397e+03	8.047732e-07	1.855640e-03	1.574902e+00
3.568000e+00	-6.122069e+00	3.698282e+03	7.549729e-07	1.889818e-03	1.477445e+00
3.576074e+00	-6.150326e+00	3.767677e+03	7.074138e-07	1.925279e-03	1.384374e+00
3.584000e+00	-6.178069e+00	3.837072e+03	6.636382e-07	1.960740e-03	1.298708e+00
3.592074e+00	-6.206326e+00	3.909072e+03	6.218326e-07	1.997532e-03	1.216896e+00
3.600000e+00	-6.234069e+00	3.981072e+03	5.833529e-07	2.034323e-03	1.141593e+00
3.608074e+00	-6.262326e+00	4.055773e+03	5.466049e-07	2.072496e-03	1.069679e+00
3.616000e+00	-6.290069e+00	4.130475e+03	5.127804e-07	2.110668e-03	1.003486e+00
3.624074e+00	-6.318326e+00	4.207980e+03	4.804780e-07	2.150273e-03	9.402721e-01
3.632000e+00	-6.346069e+00	4.285485e+03	4.507455e-07	2.189878e-03	8.820870e-01
3.640074e+00	-6.374326e+00	4.365899e+03	4.223510e-07	2.230970e-03	8.265203e-01
3.648000e+00	-6.402069e+00	4.446313e+03	3.962154e-07	2.272061e-03	7.753743e-01
3.656074e+00	-6.430326e+00	4.529744e+03	3.712560e-07	2.314694e-03	7.265300e-01
3.664000e+00	-6.458069e+00	4.613176e+03	3.482823e-07	2.357328e-03	6.815715e-01
3.672074e+00	-6.486326e+00	4.699738e+03	3.263424e-07	2.401561e-03	6.386362e-01
3.680000e+00	-6.514069e+00	4.786301e+03	3.061480e-07	2.445795e-03	5.991167e-01
3.688074e+00	-6.542326e+00	4.876112e+03	2.868623e-07	2.491688e-03	5.613756e-01
3.696000e+00	-6.570069e+00	4.965923e+03	2.691110e-07	2.537581e-03	5.266370e-01
3.704074e+00	-6.598326e+00	5.059105e+03	2.521584e-07	2.585197e-03	4.934618e-01
3.712000e+00	-6.626069e+00	5.152286e+03	2.365546e-07	2.632813e-03	4.629258e-01
3.720074e+00	-6.654326e+00	5.248965e+03	2.216529e-07	2.682215e-03	4.337640e-01
3.728000e+00	-6.682069e+00	5.345644e+03	2.079368e-07	2.731618e-03	4.069222e-01
3.736074e+00	-6.710326e+00	5.445950e+03	1.948379e-07	2.782875e-03	3.812883e-01
3.744000e+00	-6.738069e+00	5.546257e+03	1.827811e-07	2.834131e-03	3.576938e-01
3.752074e+00	-6.766326e+00	5.650328e+03	1.712669e-07	2.887312e-03	3.351610e-01
3.760000e+00	-6.794069e+00	5.754399e+03	1.606687e-07	2.940492e-03	3.144209e-01
3.768074e+00	-6.822326e+00	5.862376e+03	1.505475e-07	2.995668e-03	2.946141e-01
3.776000e+00	-6.850069e+00	5.970353e+03	1.412314e-07	3.050844e-03	2.763831e-01
3.784074e+00	-6.878326e+00	6.082382e+03	1.323346e-07	3.108090e-03	2.589724e-01
3.792000e+00	-6.906069e+00	6.194411e+03	1.241456e-07	3.165337e-03	2.429469e-01
3.800074e+00	-6.934326e+00	6.310644e+03	1.163251e-07	3.224732e-03	2.276426e-01
3.808000e+00	-6.962069e+00	6.426877e+03	1.091268e-07	3.284127e-03	2.135558e-01
3.816074e+00	-6.990326e+00	6.547472e+03	1.022524e-07	3.345751e-03	2.001030e-01
3.824000e+00	-7.018069e+00	6.668068e+03	9.592491e-08	3.407375e-03	1.877204e-01
3.832074e+00	-7.046326e+00	6.793189e+03	8.988216e-08	3.471312e-03	1.758950e-01
3.840000e+00	-7.074069e+00	6.918310e+03	8.432015e-08	3.535249e-03	1.650104e-01
3.848074e+00	-7.102326e+00	7.048126e+03	7.900844e-08	3.601585e-03	1.546157e-01
3.856000e+00	-7.130069e+00	7.177943e+03	7.411931e-08	3.667921e-03	1.450479e-01
3.864074e+00	-7.158326e+00	7.312631e+03	6.945020e-08	3.736747e-03	1.359107e-01
3.872000e+00	-7.186069e+00	7.447320e+03	6.515254e-08	3.805572e-03	1.275004e-01
3.880074e+00	-7.214326e+00	7.587063e+03	6.104829e-08	3.876981e-03	1.194685e-01
3.888000e+00	-7.242069e+00	7.726806e+03	5.727055e-08	3.948389e-03	1.120757e-01
3.896074e+00	-7.270326e+00	7.871793e+03	5.366282e-08	4.022478e-03	1.050155e-01
3.904000e+00	-7.298069e+00	8.016781e+03	5.034211e-08	4.096566e-03	9.851705e-02
3.912074e+00	-7.326326e+00	8.167209e+03	4.717083e-08	4.173435e-03	9.231102e-02
3.920000e+00	-7.354069e+00	8.317638e+03	4.425184e-08	4.250304e-03	8.659871e-02
3.928074e+00	-7.382326e+00	8.473712e+03	4.146422e-08	4.330057e-03	8.114346e-02
3.936000e+00	-7.410069e+00	8.629785e+03	3.889837e-08	4.409811e-03	7.612221e-02
3.944074e+00	-7.438326e+00	8.791717e+03	3.644798e-08	4.492558e-03	7.132693e-02
3.952000e+00	-7.466069e+00	8.953648e+03	3.419254e-08	4.575304e-03	6.691314e-02
3.960074e+00	-7.494326e+00	9.121656e+03	3.203860e-08	4.661156e-03	6.269798e-02
3.968000e+00	-7.522069e+00	9.289664e+03	3.005601e-08	4.747008e-03	5.881816e-02
3.976074e+00	-7.550326e+00	9.463977e+03	2.816265e-08	4.836082e-03	5.511293e-02
3.984000e+00	-7.578069e+00	9.638290e+03	2.641991e-08	4.925156e-03	5.170248e-02
3.992074e+00	-7.606326e+00	9.819145e+03	2.475560e-08	5.017572e-03	4.844551e-02
4.000000e+00	-7.634069e+00	1.000000e+04	2.322370e-08	5.109989e-03	4.544765e-02
4.008074e+00	-7.662326e+00	1.018764e+04	2.176073e-08	5.205874e-03	4.258469e-02
4.016000e+00	-7.690069e+00	1.037528e+04	2.041415e-08	5.301759e-03	3.994951e-02
4.024074e+00	-7.718326e+00	1.056997e+04	1.912817e-08	5.401242e-03	3.743291e-02
4.032000e+00	-7.746069e+00	1.076465e+04	1.794450e-08	5.500726e-03	3.511651e-02
4.040074e+00	-7.774326e+00	1.096664e+04	1.681410e-08	5.603942e-03	3.290437e-02
4.048000e+00	-7.802069e+00	1.116863e+04	1.577362e-08	5.707159e-03	3.086821e-02
4.056074e+00	-7.830326e+00	1.137820e+04	1.477997e-08	5.814249e-03	2.892368e-02
4.064000e+00	-7.858069e+00	1.158777e+04	1.386537e-08	5.921340e-03	2.713385e-02
4.072074e+00	-7.886326e+00	1.180521e+04	1.299193e-08	6.032449e-03	2.542457e-02
4.080000e+00	-7.914069e+00	1.202264e+04	1.218797e-08	6.143558e-03	2.385126e-02
4.088074e+00	-7.942326e+00	1.224824e+04	1.142019e-08	6.258837e-03	2.234877e-02
4.096000e+00	-7.970069e+00	1.247384e+04	1.071350e-08	6.374116e-03	2.096580e-02
4.104074e+00	-7.998326e+00	1.270790e+04	1.003861e-08	6.493721e-03	1.964507e-02
4.112000e+00	-8.026069e+00	1.294196e+04	9.417408e-09	6.613327e-03	1.842941e-02
4.120074e+00	-8.054326e+00	1.318480e+04	8.824163e-09	6.737420e-03	1.726846e-02
4.128000e+00	-8.082069e+00	1.342765e+04	8.278114e-09	6.861514e-03	1.619987e-02
4.136074e+00	-8.110326e+00	1.367961e+04	7.756638e-09	6.990265e-03	1.517936e-02
4.144000e+00	-8.138069e+00	1.393157e+04	7.276648e-09	7.119016e-03	1.424005e-02
4.152074e+00	-8.166326e+00	1.419298e+04	6.818259e-09	7.252599e-03	1.334300e-02
4.160000e+00	-8.194069e+00	1.445440e+04	6.396338e-09	7.386181e-03	1.251732e-02
4.168074e+00	-8.222326e+00	1.472562e+04	5.993403e-09	7.524777e-03	1.172880e-02
4.176000e+00	-8.250069e+00	1.499685e+04	5.622525e-09	7.663373e-03	1.100301e-02
4.184074e+00	-8.278326e+00	1.527825e+04	5.268337e-09	7.807170e-03	1.030988e-02
4.192000e+00	-8.306069e+00	1.555966e+04	4.942326e-09	7.950967e-03	9.671891e-03
4.200074e+00	-8.334326e+00	1.585162e+04	4.630986e-09	8.100161e-03	9.062615e-03
4.208000e+00	-8.362069e+00	1.614359e+04	4.344416e-09	8.249355e-03	8.501810e-03
4.216074e+00	-8.390326e+00	1.644651e+04	4.070741e-09	8.404147e-03	7.966243e-03
4.224000e+00	-8.418069e+00	1.674943e+04	3.818839e-09	8.558940e-03	7.473283e-03
4.232074e+00	-8.446326e+00	1.706372e+04	3.578273e-09	8.719542e-03	7.002507e-03
4.240000e+00	-8.474069e+00	1.737801e+04	3.356846e-09	8.880143e-03	6.569184e-03
4.248074e+00	-8.502326e+00	1.770409e+04	3.145383e-09	9.046772e-03	6.155361e-03
4.256000e+00	-8.530069e+00	1.803018e+04	2.950743e-09	9.213401e-03	5.774460e-03
4.264074e+00	-8.558326e+00	1.836850e+04	2.764862e-09	9.386283e-03	5.410701e-03
4.272000e+00	-8.586069e+00	1.870682e+04	2.593770e-09	9.559165e-03	5.075881e-03
4.280074e+00	-8.614326e+00	1.905784e+04	2.430376e-09	9.738536e-03	4.756128e-03
4.288000e+00	-8.642069e+00	1.940886e+04	2.279982e-09	9.917906e-03	4.461813e-03
4.296074e+00	-8.670326e+00	1.977305e+04	2.136355e-09	1.010401e-02	4.180744e-03
4.304000e+00	-8.698069e+00	2.013724e+04	2.004155e-09	1.029011e-02	3.922034e-03
4.312074e+00	-8.726326e+00	2.051510e+04	1.877905e-09	1.048319e-02	3.674968e-03
4.320000e+00	-8.754069e+00	2.089296e+04	1.761698e-09	1.067628e-02	3.447557e-03
4.328074e+00	-8.782326e+00	2.128500e+04	1.650720e-09	1.087661e-02	3.230379e-03
4.336000e+00	-8.810069e+00	2.167704e+04	1.548572e-09	1.107694e-02	3.030480e-03
4.344074e+00	-8.838326e+00	2.208379e+04	1.451020e-09	1.128479e-02	2.839576e-03
4.352000e+00	-8.866069e+00	2.249055e+04	1.361230e-09	1.149264e-02	2.663860e-03
4.360074e+00	-8.894326e+00	2.291256e+04	1.275480e-09	1.170829e-02	2.496051e-03
4.368000e+00	-8.922069e+00	2.333458e+04	1.196551e-09	1.192395e-02	2.341593e-03
4.376074e+00	-8.950326e+00	2.377244e+04	1.121175e-09	1.214769e-02	2.194085e-03
4.384000e+00	-8.978069e+00	2.421029e+04	1.051796e-09	1.237143e-02	2.058313e-03
4.392074e+00	-9.006326e+00	2.466458e+04	9.855383e-10	1.260357e-02	1.928650e-03
4.400000e+00	-9.034069e+00	2.511886e+04	9.245521e-10	1.283571e-02	1.809303e-03
4.408074e+00	-9.062326e+00	2.559020e+04	8.663104e-10	1.307656e-02	1.695327e-03
4.416000e+00	-9.090069e+00	2.606154e+04	8.127021e-10	1.331742e-02	1.590418e-03
4.424074e+00	-9.118326e+00	2.655056e+04	7.615063e-10	1.356731e-02	1.490231e-03
4.432000e+00	-9.146069e+00	2.703958e+04	7.143834e-10	1.381720e-02	1.398014e-03
4.440074e+00	-9.174326e+00	2.754696e+04	6.693812e-10	1.407647e-02	1.309946e-03
4.448000e+00	-9.202069e+00	2.805434e+04	6.279591e-10	1.433574e-02	1.228885e-03
4.456074e+00	-9.230326e+00	2.858075e+04	5.884011e-10	1.460473e-02	1.151472e-03
4.464000e+00	-9.258069e+00	2.910717e+04	5.519902e-10	1.487373e-02	1.080218e-03
4.472074e+00	-9.286326e+00	2.965334e+04	5.172179e-10	1.515283e-02	1.012170e-03
4.480000e+00	-9.314069e+00	3.019952e+04	4.852118e-10	1.543192e-02	9.495359e-04
4.488074e+00	-9.342326e+00	3.076619e+04	4.546461e-10	1.572149e-02	8.897204e-04
4.496000e+00	-9.370069e+00	3.133286e+04	4.265121e-10	1.601106e-02	8.346635e-04
4.504074e+00	-9.398326e+00	3.192079e+04	3.996442e-10	1.631149e-02	7.820842e-04
4.512000e+00	-9.426069e+00	3.250873e+04	3.749138e-10	1.661193e-02	7.336880e-04
4.520074e+00	-9.454326e+00	3.311873e+04	3.512962e-10	1.692364e-02	6.874697e-04
4.528000e+00	-9.482069e+00	3.372873e+04	3.295576e-10	1.723534e-02	6.449283e-04
4.536074e+00	-9.510326e+00	3.436162e+04	3.087973e-10	1.755875e-02	6.043013e-04
4.544000e+00	-9.538069e+00	3.499452e+04	2.896886e-10	1.788216e-02	5.669065e-04
4.552074e+00	-9.566326e+00	3.565116e+04	2.714398e-10	1.821770e-02	5.311945e-04
4.560000e+00	-9.594069e+00	3.630781e+04	2.546428e-10	1.855325e-02	4.983235e-04
4.568074e+00	-9.622326e+00	3.698909e+04	2.386017e-10	1.890139e-02	4.669319e-04
4.576000e+00	-9.650069e+00	3.767038e+04	2.238367e-10	1.924952e-02	4.380376e-04
4.584074e+00	-9.678326e+00	3.837723e+04	2.097363e-10	1.961073e-02	4.104436e-04
4.592000e+00	-9.706069e+00	3.908409e+04	1.967575e-10	1.997193e-02	3.850449e-04
4.600074e+00	-9.734326e+00	3.981747e+04	1.843629e-10	2.034668e-02	3.607892e-04
4.608000e+00	-9.762069e+00	4.055085e+04	1.729543e-10	2.072144e-02	3.384632e-04
4.616074e+00	-9.790326e+00	4.131176e+04	1.620591e-10	2.111026e-02	3.171418e-04
4.624000e+00	-9.818069e+00	4.207266e+04	1.520307e-10	2.149908e-02	2.975167e-04
4.632074e+00	-9.846326e+00	4.286212e+04	1.424536e-10	2.190250e-02	2.787748e-04
4.640000e+00	-9.874069e+00	4.365158e+04	1.336384e-10	2.230591e-02	2.615239e-04
4.648074e+00	-9.902326e+00	4.447067e+04	1.252199e-10	2.272446e-02	2.450493e-04
4.656000e+00	-9.930069e+00	4.528976e+04	1.174712e-10	2.314302e-02	2.298854e-04
4.664074e+00	-9.958326e+00	4.613958e+04	1.100712e-10	2.357728e-02	2.154039e-04
4.672000e+00	-9.986069e+00	4.698941e+04	1.032598e-10	2.401154e-02	2.020745e-04
4.680074e+00	-1.001433e+01	4.787113e+04	9.675502e-11	2.446210e-02	1.893449e-04
4.688000e+00	-1.004207e+01	4.875285e+04	9.076771e-11	2.491265e-02	1.776280e-04
4.696074e+00	-1.007033e+01	4.966766e+04	8.504984e-11	2.538012e-02	1.664384e-04
4.704000e+00	-1.009807e+01	5.058247e+04	7.978686e-11	2.584759e-02	1.561390e-04
4.712074e+00	-1.012633e+01	5.153161e+04	7.476073e-11	2.633259e-02	1.463031e-04
4.720000e+00	-1.015407e+01	5.248075e+04	7.013445e-11	2.681760e-02	1.372497e-04
4.728074e+00	-1.018233e+01	5.346551e+04	6.571636e-11	2.732082e-02	1.286037e-04
4.736000e+00	-1.021007e+01	5.445027e+04	6.164976e-11	2.782403e-02	1.206456e-04
4.744074e+00	-1.023833e+01	5.547198e+04	5.776616e-11	2.834612e-02	1.130456e-04
4.752000e+00	-1.026607e+01	5.649370e+04	5.419153e-11	2.886822e-02	1.060502e-04
4.760074e+00	-1.029433e+01	5.755376e+04	5.077776e-11	2.940991e-02	9.936960e-05
4.768000e+00	-1.032207e+01	5.861382e+04	4.763557e-11	2.995160e-02	9.322050e-05
4.776074e+00	-1.035033e+01	5.971366e+04	4.463479e-11	3.051361e-02	8.734811e-05
4.784000e+00	-1.037807e+01	6.081350e+04	4.187274e-11	3.107563e-02	8.194291e-05
4.792074e+00	-1.040633e+01	6.195462e+04	3.923499e-11	3.165874e-02	7.678096e-05
4.800000e+00	-1.043407e+01	6.309573e+04	3.680708e-11	3.224185e-02	7.202967e-05
4.808074e+00	-1.046233e+01	6.427968e+04	3.448844e-11	3.284684e-02	6.749219e-05
4.816000e+00	-1.049007e+01	6.546362e+04	3.235425e-11	3.345184e-02	6.331570e-05
4.824074e+00	-1.051833e+01	6.669199e+04	3.031611e-11	3.407953e-02	5.932716e-05
4.832000e+00	-1.054607e+01	6.792036e+04	2.844012e-11	3.470723e-02	5.565593e-05
4.840074e+00	-1.057433e+01	6.919484e+04	2.664855e-11	3.535849e-02	5.214991e-05
4.848000e+00	-1.060207e+01	7.046931e+04	2.499950e-11	3.600974e-02	4.892281e-05
4.856074e+00	-1.063033e+01	7.179161e+04	2.342467e-11	3.668543e-02	4.584094e-05
4.864000e+00	-1.065807e+01	7.311391e+04	2.197513e-11	3.736113e-02	4.300425e-05
4.872074e+00	-1.068633e+01	7.448583e+04	2.059081e-11	3.806218e-02	4.029522e-05
4.880000e+00	-1.071407e+01	7.585776e+04	1.931663e-11	3.876323e-02	3.780171e-05
4.888074e+00	-1.074233e+01	7.728117e+04	1.809979e-11	3.949059e-02	3.542041e-05
4.896000e+00	-1.077007e+01	7.870458e+04	1.697975e-11	4.021795e-02	3.322855e-05
4.904074e+00	-1.079833e+01	8.018141e+04	1.591012e-11	4.097261e-02	3.113533e-05
4.912000e+00	-1.082607e+01	8.165824e+04	1.492559e-11	4.172727e-02	2.920864e-05
4.920074e+00	-1.085433e+01	8.319049e+04	1.398536e-11	4.251025e-02	2.736866e-05
4.928000e+00	-1.088207e+01	8.472274e+04	1.311993e-11	4.329323e-02	2.567506e-05
4.936074e+00	-1.091033e+01	8.631250e+04	1.229344e-11	4.410559e-02	2.405767e-05
4.944000e+00	-1.093807e+01	8.790225e+04	1.153271e-11	4.491795e-02	2.256895e-05
4.952074e+00	-1.096633e+01	8.955167e+04	1.080621e-11	4.576080e-02	2.114723e-05
4.960000e+00	-1.099407e+01	9.120108e+04	1.013751e-11	4.660365e-02	1.983862e-05
4.968074e+00	-1.102233e+01	9.291240e+04	9.498904e-12	4.747814e-02	1.858889e-05
4.976000e+00	-1.105007e+01	9.462372e+04	8.911101e-12	4.835262e-02	1.743859e-05
4.984074e+00	-1.107833e+01	9.639926e+04	8.349751e-12	4.925991e-02	1.634006e-05
4.992000e+00	-1.110607e+01	9.817479e+04	7.833059e-12	5.016721e-02	1.532891e-05
5.000074e+00	-1.113433e+01	1.000170e+05	7.339619e-12	5.110856e-02	1.436328e-05
5.008000e+00	-1.116207e+01	1.018591e+05	6.885435e-12	5.204991e-02	1.347446e-05
5.016074e+00	-1.119033e+01	1.037704e+05	6.451690e-12	5.302658e-02	1.262564e-05
5.024000e+00	-1.121807e+01	1.056818e+05	6.052452e-12	5.400326e-02	1.184435e-05
5.032074e+00	-1.124633e+01	1.076648e+05	5.671181e-12	5.501659e-02	1.109823e-05
5.040000e+00	-1.127407e+01	1.096478e+05	5.320242e-12	5.602992e-02	1.041145e-05
5.048074e+00	-1.130233e+01	1.117053e+05	4.985096e-12	5.708127e-02	9.755590e-06
5.056000e+00	-1.133007e+01	1.137627e+05	4.676612e-12	5.813263e-02	9.151903e-06
5.064074e+00	-1.135833e+01	1.158974e+05	4.382011e-12	5.922344e-02	8.575383e-06
5.072000e+00	-1.138607e+01	1.180321e+05	4.110848e-12	6.031426e-02	8.044729e-06
5.080074e+00	-1.141433e+01	1.202468e+05	3.851887e-12	6.144601e-02	7.537955e-06
5.088000e+00	-1.144207e+01	1.224616e+05	3.613528e-12	6.257775e-02	7.071498e-06
5.096074e+00	-1.147033e+01	1.247595e+05	3.385895e-12	6.375198e-02	6.626032e-06
5.104000e+00	-1.149807e+01	1.270574e+05	3.176372e-12	6.492620e-02	6.216006e-06
5.112074e+00	-1.152633e+01	1.294415e+05	2.976278e-12	6.614449e-02	5.824431e-06
5.120000e+00	-1.155407e+01	1.318257e+05	2.792103e-12	6.736278e-02	5.464009e-06
5.128074e+00	-1.158233e+01	1.342993e+05	2.616215e-12	6.862678e-02	5.119806e-06
5.136000e+00	-1.161007e+01	1.367729e+05	2.454321e-12	6.989079e-02	4.802987e-06
5.144074e+00	-1.163833e+01	1.393393e+05	2.299712e-12	7.120224e-02	4.500425e-06
5.152000e+00	-1.166607e+01	1.419058e+05	2.157404e-12	7.251368e-02	4.221934e-06
5.160074e+00	-1.169433e+01	1.445685e+05	2.021499e-12	7.387435e-02	3.955975e-06
5.168000e+00	-1.172207e+01	1.472313e+05	1.896406e-12	7.523501e-02	3.711175e-06
5.176074e+00	-1.175033e+01	1.499939e+05	1.776943e-12	7.664673e-02	3.477391e-06
5.184000e+00	-1.177807e+01	1.527566e+05	1.666984e-12	7.805846e-02	3.262206e-06
5.192074e+00	-1.180633e+01	1.556230e+05	1.561973e-12	7.952316e-02	3.056705e-06
5.200000e+00	-1.183407e+01	1.584893e+05	1.465316e-12	8.098787e-02	2.867553e-06
5.208074e+00	-1.186233e+01	1.614632e+05	1.373009e-12	8.250754e-02	2.686913e-06
5.216000e+00	-1.189007e+01	1.644372e+05	1.288046e-12	8.402722e-02	2.520643e-06
5.224074e+00	-1.191833e+01	1.675227e+05	1.206906e-12	8.560392e-02	2.361857e-06
5.232000e+00	-1.194607e+01	1.706082e+05	1.132221e-12	8.718062e-02	2.215702e-06
5.240074e+00	-1.197433e+01	1.738096e+05	1.060898e-12	8.881650e-02	2.076125e-06
5.248000e+00	-1.200207e+01	1.770109e+05	9.952482e-13	9.045237e-02	1.947652e-06
5.256074e+00	-1.203033e+01	1.803324e+05	9.325530e-13	9.214964e-02	1.824961e-06
5.264000e+00	-1.205807e+01	1.836538e+05	8.748455e-13	9.384691e-02	1.712030e-06
5.272074e+00	-1.208633e+01	1.871000e+05	8.197351e-13	9.560787e-02	1.604182e-06
5.280000e+00	-1.211407e+01	1.905461e+05	7.690089e-13	9.736883e-02	1.504913e-06
5.288074e+00	-1.214233e+01	1.941215e+05	7.205656e-13	9.919588e-02	1.410112e-06
5.296000e+00	-1.217007e+01	1.976970e+05	6.759762e-13	1.010229e-01	1.322852e-06
5.304074e+00	-1.219833e+01	2.014066e+05	6.333934e-13	1.029185e-01	1.239520e-06
5.312000e+00	-1.222607e+01	2.051162e+05	5.941983e-13	1.048142e-01	1.162817e-06
5.320074e+00	-1.225433e+01	2.089651e+05	5.567670e-13	1.067809e-01	1.089566e-06
5.328000e+00	-1.228207e+01	2.128139e+05	5.223137e-13	1.087477e-01	1.022142e-06
5.336074e+00	-1.231033e+01	2.168072e+05	4.894108e-13	1.107882e-01	9.577530e-07
5.344000e+00	-1.233807e+01	2.208005e+05	4.591255e-13	1.128288e-01	8.984862e-07
5.352074e+00	-1.236633e+01	2.249436e+05	4.302031e-13	1.149459e-01	8.418865e-07
5.360000e+00	-1.239407e+01	2.290868e+05	4.035816e-13	1.170631e-01	7.897896e-07
5.368074e+00	-1.242233e+01	2.333854e+05	3.781582e-13	1.192597e-01	7.400372e-07
5.376000e+00	-1.245007e+01	2.376840e+05	3.547573e-13	1.214563e-01	6.942428e-07
5.384074e+00	-1.247833e+01	2.421440e+05	3.324096e-13	1.237353e-01	6.505093e-07
5.392000e+00	-1.250607e+01	2.466039e+05	3.118397e-13	1.260143e-01	6.102551e-07
5.400074e+00	-1.253433e+01	2.512313e+05	2.921955e-13	1.283789e-01	5.718124e-07
5.408000e+00	-1.256207e+01	2.558586e+05	2.741141e-13	1.307435e-01	5.364280e-07
5.416074e+00	-1.259033e+01	2.606596e+05	2.568464e-13	1.331968e-01	5.026359e-07
5.424000e+00	-1.261807e+01	2.654606e+05	2.409525e-13	1.356501e-01	4.715323e-07
5.432074e+00	-1.264633e+01	2.704417e+05	2.257738e-13	1.381954e-01	4.418283e-07
5.440000e+00	-1.267407e+01	2.754229e+05	2.118026e-13	1.407408e-01	4.144875e-07
5.448074e+00	-1.270233e+01	2.805910e+05	1.984602e-13	1.433817e-01	3.883770e-07
5.456000e+00	-1.273007e+01	2.857591e+05	1.861793e-13	1.460226e-01	3.643438e-07
5.464074e+00	-1.275833e+01	2.911211e+05	1.744510e-13	1.487626e-01	3.413922e-07
5.472000e+00	-1.278607e+01	2.964831e+05	1.636558e-13	1.515026e-01	3.202664e-07
5.480074e+00	-1.281433e+01	3.020464e+05	1.533464e-13	1.543454e-01	3.000914e-07
5.488000e+00	-1.284207e+01	3.076097e+05	1.438571e-13	1.571882e-01	2.815214e-07
5.496074e+00	-1.287033e+01	3.133817e+05	1.347949e-13	1.601377e-01	2.637871e-07
5.504000e+00	-1.289807e+01	3.191538e+05	1.264537e-13	1.630872e-01	2.474636e-07
5.512074e+00	-1.292633e+01	3.251425e+05	1.184878e-13	1.661474e-01	2.318748e-07
5.520000e+00	-1.295407e+01	3.311311e+05	1.111556e-13	1.692076e-01	2.175261e-07
5.528074e+00	-1.298233e+01	3.373445e+05	1.041534e-13	1.723827e-01	2.038232e-07
5.536000e+00	-1.301007e+01	3.435579e+05	9.770828e-14	1.755577e-01	1.912104e-07
5.544074e+00	-1.303833e+01	3.500045e+05	9.155320e-14	1.788519e-01	1.791651e-07
5.552000e+00	-1.306607e+01	3.564511e+05	8.588778e-14	1.821461e-01	1.680782e-07
5.560074e+00	-1.309433e+01	3.631397e+05	8.047732e-14	1.855640e-01	1.574902e-07
5.568000e+00	-1.312207e+01	3.698282e+05	7.549729e-14	1.889818e-01	1.477445e-07
5.576074e+00	-1.315033e+01	3.767677e+05	7.074138e-14	1.925279e-01	1.384374e-07
5.584000e+00	-1.317807e+01	3.837072e+05	6.636382e-14	1.960740e-01	1.298708e-07
5.592074e+00	-1.320633e+01	3.909072e+05	6.218326e-14	1.997532e-01	1.216896e-07
5.600000e+00	-1.323407e+01	3.981072e+05	5.833529e-14	2.034323e-01	1.141593e-07
5.608074e+00	-1.326233e+01	4.055773e+05	5.466049e-14	2.072496e-01	1.069679e-07
5.616000e+00	-1.329007e+01	4.130475e+05	5.127804e-14	2.110668e-01	1.003486e-07
5.624074e+00	-1.331833e+01	4.207980e+05	4.804780e-14	2.150273e-01	9.402721e-08
5.632000e+00	-1.334607e+01	4.285485e+05	4.507455e-14	2.189878e-01	8.820870e-08
5.640074e+00	-1.337433e+01	4.365899e+05	4.223510e-14	2.230970e-01	8.265203e-08
5.648000e+00	-1.340207e+01	4.446313e+05	3.962154e-14	2.272061e-01	7.753743e-08
5.656074e+00	-1.343033e+01	4.529744e+05	3.712560e-14	2.314694e-01	7.265300e-08
5.664000e+00	-1.345807e+01	4.613176e+05	3.482823e-14	2.357328e-01	6.815715e-08
5.672074e+00	-1.348633e+01	4.699738e+05	3.263424e-14	2.401561e-01	6.386362e-08
5.680000e+00	-1.351407e+01	4.786301e+05	3.061480e-14	2.445795e-01	5.991167e-08
5.688074e+00	-1.354233e+01	4.876112e+05	2.868623e-14	2.491688e-01	5.613756e-08
5.696000e+00	-1.357007e+01	4.965923e+05	2.691110e-14	2.537581e-01	5.266370e-08
5.704074e+00	-1.359833e+01	5.059105e+05	2.521584e-14	2.585197e-01	4.934618e-08
5.712000e+00	-1.362607e+01	5.152286e+05	2.365546e-14	2.632813e-01	4.629258e-08
5.720074e+00	-1.365433e+01	5.248965e+05	2.216529e-14	2.682215e-01	4.337640e-08
5.728000e+00	-1.368207e+01	5.345644e+05	2.079368e-14	2.731618e-01	4.069222e-08
5.736074e+00	-1.371033e+01	5.445950e+05	1.948379e-14	2.782875e-01	3.812883e-08
5.744000e+00	-1.373807e+01	5.546257e+05	1.827811e-14	2.834131e-01	3.576938e-08
5.752074e+00	-1.376633e+01	5.650328e+05	1.712669e-14	2.887312e-01	3.351610e-08
5.760000e+00	-1.379407e+01	5.754399e+05	1.606687e-14	2.940492e-01	3.144209e-08
5.768074e+00	-1.382233e+01	5.862376e+05	1.505475e-14	2.995668e-01	2.946141e-08
5.776000e+00	-1.385007e+01	5.970353e+05	1.412314e-14	3.050844e-01	2.763831e-08
5.784074e+00	-1.387833e+01	6.082382e+05	1.323346e-14	3.108090e-01	2.589724e-08
5.792000e+00	-1.390607e+01	6.194411e+05	1.241456e-14	3.165337e-01	2.429469e-08
5.800074e+00	-1.393433e+01	6.310644e+05	1.163251e-14	3.224732e-01	2.276426e-08
5.808000e+00	-1.396207e+01	6.426877e+05	1.091268e-14	3.284127e-01	2.135558e-08
5.816074e+00	-1.399033e+01	6.547472e+05	1.022524e-14	3.345751e-01	2.001030e-08
5.824000e+00	-1.401807e+01	6.668068e+05	9.592491e-15	3.407375e-01	1.877204e-08
5.832074e+00	-1.404633e+01	6.793189e+05	8.988216e-15	3.471312e-01	1.758950e-08
5.840000e+00	-1.407407e+01	6.918310e+05	8.432015e-15	3.535249e-01	1.650104e-08
5.848074e+00	-1.410233e+01	7.048126e+05	7.900844e-15	3.601585e-01	1.546157e-08
5.856000e+00	-1.413007e+01	7.177943e+05	7.411931e-15	3.667921e-01	1.450479e-08
5.864074e+00	-1.415833e+01	7.312631e+05	6.945020e-15	3.736747e-01	1.359107e-08
5.872000e+00	-1.418607e+01	7.447320e+05	6.515254e-15	3.805572e-01	1.275004e-08
5.880074e+00	-1.421433e+01	7.587063e+05	6.104829e-15	3.876981e-01	1.194685e-08
5.888000e+00	-1.424207e+01	7.726806e+05	5.727055e-15	3.948389e-01	1.120757e-08
5.896074e+00	-1.427033e+01	7.871793e+05	5.366282e-15	4.022478e-01	1.050155e-08
5.904000e+00	-1.429807e+01	8.016781e+05	5.034211e-15	4.096566e-01	9.851705e-09
5.912074e+00	-1.432633e+01	8.167209e+05	4.717083e-15	4.173435e-01	9.231102e-09
5.920000e+00	-1.435407e+01	8.317638e+05	4.425184e-15	4.250304e-01	8.659871e-09
5.928074e+00	-1.438233e+01	8.473712e+05	4.146422e-15	4.330057e-01	8.114346e-09
5.936000e+00	-1.441007e+01	8.629785e+05	3.889837e-15	4.409811e-01	7.612221e-09
5.944074e+00	-2.000000e+02	8.791717e+05	1.000000e-200	4.492558e-01	1.956951e-194
5.952000e+00	-2.000000e+02	8.953648e+05	1.000000e-200	4.575304e-01	1.956951e-194
5.960074e+00	-2.000000e+02	9.121656e+05	1.000000e-200	4.661156e-01	1.956951e-194
5.968000e+00	-2.000000e+02	9.289664e+05	1.000000e-200	4.747008e-01	1.956951e-194
5.976074e+00	-2.000000e+02	9.463977e+05	1.000000e-200	4.836082e-01	1.956951e-194
5.984000e+00	-2.000000e+02	9.638290e+05	1.000000e-200	4.925156e-01	1.956951e-194
5.992074e+00	-2.000000e+02	9.819145e+05	1.000000e-200	5.017572e-01	1.956951e-194
6.000000e+00	-2.000000e+02	1.000000e+06	1.000000e-200	5.109989e-01	1.956951e-194
6.008074e+00	-2.000000e+02	1.018764e+06	1.000000e-200	5.205874e-01	1.956951e-194
6.016000e+00	-2.000000e+02	1.037528e+06	1.000000e-200	5.301759e-01	1.956951e-194
6.024074e+00	-2.000000e+02	1.056997e+06	1.000000e-200	5.401242e-01	1.956951e-194
6.032000e+00	-2.000000e+02	1.076465e+06	1.000000e-200	5.500726e-01	1.956951e-194
6.040074e+00	-2.000000e+02	1.096664e+06	1.000000e-200	5.603942e-01	1.956951e-194
6.048000e+00	-2.000000e+02	1.116863e+06	1.000000e-200	5.707159e-01	1.956951e-194
6.056074e+00	-2.000000e+02	1.137820e+06	1.000000e-200	5.814249e-01	1.956951e-194
6.064000e+00	-2.000000e+02	1.158777e+06	1.000000e-200	5.921340e-01	1.956951e-194
6.072074e+00	-2.000000e+02	1.180521e+06	1.000000e-200	6.032449e-01	1.956951e-194
6.080000e+00	-2.000000e+02	1.202264e+06	1.000000e-200	6.143558e-01	1.956951e-194
6.088074e+00	-2.000000e+02	1.224824e+06	1.000000e-200	6.258837e-01	1.956951e-194
6.096000e+00	-2.000000e+02	1.247384e+06	1.000000e-200	6.374116e-01	1.956951e-194
6.104074e+00	-2.000000e+02	1.270790e+06	1.000000e-200	6.493721e-01	1.956951e-194
6.112000e+00	-2.000000e+02	1.294196e+06	1.000000e-200	6.613327e-01	1.956951e-194
6.120074e+00	-2.000000e+02	1.318480e+06	1.000000e-200	6.737420e-01	1.956951e-194
6.128000e+00	-2.000000e+02	1.342765e+06	1.000000e-200	6.861514e-01	1.956951e-194
6.136074e+00	-2.000000e+02	1.367961e+06	1.000000e-200	6.990265e-01	1.956951e-194
6.144000e+00	-2.000000e+02	1.393157e+06	1.000000e-200	7.119016e-01	1.956951e-194
6.152074e+00	-2.000000e+02	1.419298e+06	1.000000e-200	7.252599e-01	1.956951e-194
6.160000e+00	-2.000000e+02	1.445440e+06	1.000000e-200	7.386181e-01	1.956951e-194
6.168074e+00	-2.000000e+02	1.472562e+06	1.000000e-200	7.524777e-01	1.956951e-194
6.176000e+00	-2.000000e+02	1.499685e+06	1.000000e-200	7.663373e-01	1.956951e-194
6.184074e+00	-2.000000e+02	1.527825e+06	1.000000e-200	7.807170e-01	1.956951e-194
6.192000e+00	-2.000000e+02	1.555966e+06	1.000000e-200	7.950967e-01	1.956951e-194
6.200074e+00	-2.000000e+02	1.585162e+06	1.000000e-200	8.100161e-01	1.956951e-194
6.208000e+00	-2.000000e+02	1.614359e+06	1.000000e-200	8.249355e-01	1.956951e-194
6.216074e+00	-2.000000e+02	1.644651e+06	1.000000e-200	8.404147e-01	1.956951e-194
6.224000e+00	-2.000000e+02	1.674943e+06	1.000000e-200	8.558940e-01	1.956951e-194
6.232074e+00	-2.000000e+02	1.706372e+06	1.000000e-200	8.719542e-01	1.956951e-194
6.240000e+00	-2.000000e+02	1.737801e+06	1.000000e-200	8.880143e-01	1.956951e-194
6.248074e+00	-2.000000e+02	1.770409e+06	1.000000e-200	9.046772e-01	1.956951e-194
6.256000e+00	-2.000000e+02	1.803018e+06	1.000000e-200	9.213401e-01	1.956951e-194
6.264074e+00	-2.000000e+02	1.836850e+06	1.000000e-200	9.386283e-01	1.956951e-194
6.272000e+00	-2.000000e+02	1.870682e+06	1.000000e-200	9.559165e-01	1.956951e-194
6.280074e+00	-2.000000e+02	1.905784e+06	1.000000e-200	9.738536e-01	1.956951e-194
6.288000e+00	-2.000000e+02	1.940886e+06	1.000000e-200	9.917906e-01	1.956951e-194
6.296074e+00	-2.000000e+02	1.977305e+06	1.000000e-200	1.010401e+00	1.956951e-194
6.304000e+00	-2.000000e+02	2.013724e+06	1.000000e-200	1.029011e+00	1.956951e-194
6.312074e+00	-2.000000e+02	2.051510e+06	1.000000e-200	1.048319e+00	1.956951e-194
6.320000e+00	-2.000000e+02	2.089296e+06	1.000000e-200	1.067628e+00	1.956951e-194
6.328074e+00	-2.000000e+02	2.128500e+06	1.000000e-200	1.087661e+00	1.956951e-194
6.336000e+00	-2.000000e+02	2.167704e+06	1.000000e-200	1.107694e+00	1.956951e-194
6.344074e+00	-2.000000e+02	2.208379e+06	1.000000e-200	1.128479e+00	1.956951e-194
6.352000e+00	-2.000000e+02	2.249055e+06	1.000000e-200	1.149264e+00	1.956951e-194
6.360074e+00	-2.000000e+02	2.291256e+06	1.000000e-200	1.170829e+00	1.956951e-194
6.368000e+00	-2.000000e+02	2.333458e+06	1.000000e-200	1.192395e+00	1.956951e-194
6.376074e+00	-2.000000e+02	2.377244e+06	1.000000e-200	1.214769e+00	1.956951e-194
6.384000e+00	-2.000000e+02	2.421029e+06	1.000000e-200	1.237143e+00	1.956951e-194
6.392074e+00	-2.000000e+02	2.466458e+06	1.000000e-200	1.260357e+00	1.956951e-194
6.400000e+00	-2.000000e+02	2.511886e+06	1.000000e-200	1.283571e+00	1.956951e-194
6.408074e+00	-2.000000e+02	2.559020e+06	1.000000e-200	1.307656e+00	1.956951e-194
6.416000e+00	-2.000000e+02	2.606154e+06	1.000000e-200	1.331742e+00	1.956951e-194
6.424074e+00	-2.000000e+02	2.655056e+06	1.000000e-200	1.356731e+00	1.956951e-194
6.432000e+00	-2.000000e+02	2.703958e+06	1.000000e-200	1.381720e+00	1.956951e-194
6.440074e+00	-2.000000e+02	2.754696e+06	1.000000e-200	1.407647e+00	1.956951e-194
6.448000e+00	-2.000000e+02	2.805434e+06	1.000000e-200	1.433574e+00	1.956951e-194
6.456074e+00	-2.000000e+02	2.858075e+06	1.000000e-200	1.460473e+00	1.956951e-194
6.464000e+00	-2.000000e+02	2.910717e+06	1.000000e-200	1.487373e+00	1.956951e-194
6.472074e+00	-2.000000e+02	2.965334e+06	1.000000e-200	1.515283e+00	1.956951e-194
6.480000e+00	-2.000000e+02	3.019952e+06	1.000000e-200	1.543192e+00	1.956951e-194
6.488074e+00	-2.000000e+02	3.076619e+06	1.000000e-200	1.572149e+00	1.956951e-194
6.496000e+00	-2.000000e+02	3.133286e+06	1.000000e-200	1.601106e+00	1.956951e-194
6.504074e+00	-2.000000e+02	3.192079e+06	1.000000e-200	1.631149e+00	1.956951e-194
6.512000e+00	-2.000000e+02	3.250873e+06	1.000000e-200	1.661193e+00	1.956951e-194
6.520074e+00	-2.000000e+02	3.311873e+06	1.000000e-200	1.692364e+00	1.956951e-194
6.528000e+00	-2.000000e+02	3.372873e+06	1.000000e-200	1.723534e+00	1.956951e-194
6.536074e+00	-2.000000e+02	3.436162e+06	1.000000e-200	1.755875e+00	1.956951e-194
6.544000e+00	-2.000000e+02	3.499452e+06	1.000000e-200	1.788216e+00	1.956951e-194
6.552074e+00	-2.000000e+02	3.565116e+06	1.000000e-200	1.821770e+00	1.956951e-194
6.560000e+00	-2.000000e+02	3.630781e+06	1.000000e-200	1.855325e+00	1.956951e-194
6.568074e+00	-2.000000e+02	3.698909e+06	1.000000e-200	1.890139e+00	1.956951e-194
6.576000e+00	-2.000000e+02	3.767038e+06	1.000000e-200	1.924952e+00	1.956951e-194
6.584074e+00	-2.000000e+02	3.837723e+06	1.000000e-200	1.961073e+00	1.956951e-194
6.592000e+00	-2.000000e+02	3.908409e+06	1.000000e-200	1.997193e+00	1.956951e-194
6.600074e+00	-2.000000e+02	3.981747e+06	1.000000e-200	2.034668e+00	1.956951e-194
6.608000e+00	-2.000000e+02	4.055085e+06	1.000000e-200	2.072144e+00	1.956951e-194
6.616074e+00	-2.000000e+02	4.131176e+06	1.000000e-200	2.111026e+00	1.956951e-194
6.624000e+00	-2.000000e+02	4.207266e+06	1.000000e-200	2.149908e+00	1.956951e-194
6.632074e+00	-2.000000e+02	4.286212e+06	1.000000e-200	2.190250e+00	1.956951e-194
6.640000e+00	-2.000000e+02	4.365158e+06	1.000000e-200	2.230591e+00	1.956951e-194
6.648074e+00	-2.000000e+02	4.447067e+06	1.000000e-200	2.272446e+00	1.956951e-194
6.656000e+00	-2.000000e+02	4.528976e+06	1.000000e-200	2.314302e+00	1.956951e-194
6.664074e+00	-2.000000e+02	4.613958e+06	1.000000e-200	2.357728e+00	1.956951e-194
6.672000e+00	-2.000000e+02	4.698941e+06	1.000000e-200	2.401154e+00	1.956951e-194
6.680074e+00	-2.000000e+02	4.787113e+06	1.000000e-200	2.446210e+00	1.956951e-194
6.688000e+00	-2.000000e+02	4.875285e+06	1.000000e-200	2.491265e+00	1.956951e-194
6.696074e+00	-2.000000e+02	4.966766e+06	1.000000e-200	2.538012e+00	1.956951e-194
6.704000e+00	-2.000000e+02	5.058247e+06	1.000000e-200	2.584759e+00	1.956951e-194
6.712074e+00	-2.000000e+02	5.153161e+06	1.000000e-200	2.633259e+00	1.956951e-194
6.720000e+00	-2.000000e+02	5.248075e+06	1.000000e-200	2.681760e+00	1.956951e-194
6.728074e+00	-2.000000e+02	5.346551e+06	1.000000e-200	2.732082e+00	1.956951e-194
6.736000e+00	-2.000000e+02	5.445027e+06	1.000000e-200	2.782403e+00	1.956951e-194
6.744074e+00	-2.000000e+02	5.547198e+06	1.000000e-200	2.834612e+00	1.956951e-194
6.752000e+00	-2.000000e+02	5.649370e+06	1.000000e-200	2.886822e+00	1.956951e-194
6.760074e+00	-2.000000e+02	5.755376e+06	1.000000e-200	2.940991e+00	1.956951e-194
6.768000e+00	-2.000000e+02	5.861382e+06	1.000000e-200	2.995160e+00	1.956951e-194
6.776074e+00	-2.000000e+02	5.971366e+06	1.000000e-200	3.051361e+00	1.956951e-194
6.784000e+00	-2.000000e+02	6.081350e+06	1.000000e-200	3.107563e+00	1.956951e-194
6.792074e+00	-2.000000e+02	6.195462e+06	1.000000e-200	3.165874e+00	1.956951e-194
6.800000e+00	-2.000000e+02	6.309573e+06	1.000000e-200	3.224185e+00	1.956951e-194
6.808074e+00	-2.000000e+02	6.427968e+06	1.000000e-200	3.284684e+00	1.956951e-194
6.816000e+00	-2.000000e+02	6.546362e+06	1.000000e-200	3.345184e+00	1.956951e-194
6.824074e+00	-2.000000e+02	6.669199e+06	1.000000e-200	3.407953e+00	1.956951e-194
6.832000e+00	-2.000000e+02	6.792036e+06	1.000000e-200	3.470723e+00	1.956951e-194
6.840074e+00	-2.000000e+02	6.919484e+06	1.000000e-200	3.535849e+00	1.956951e-194
6.848000e+00	-2.000000e+02	7.046931e+06	1.000000e-200	3.600974e+00	1.956951e-194
6.856074e+00	-2.000000e+02	7.179161e+06	1.000000e-200	3.668543e+00	1.956951e-194
6.864000e+00	-2.000000e+02	7.311391e+06	1.000000e-200	3.736113e+00	1.956951e-194
6.872074e+00	-2.000000e+02	7.448583e+06	1.000000e-200	3.806218e+00	1.956951e-194
6.880000e+00	-2.000000e+02	7.585776e+06	1.000000e-200	3.876323e+00	1.956951e-194
6.888074e+00	-2.000000e+02	7.728117e+06	1.000000e-200	3.949059e+00	1.956951e-194
6.896000e+00	-2.000000e+02	7.870458e+06	1.000000e-200	4.021795e+00	1.956951e-194
6.904074e+00	-2.000000e+02	8.018141e+06	1.000000e-200	4.097261e+00	1.956951e-194
6.912000e+00	-2.000000e+02	8.165824e+06	1.000000e-200	4.172727e+00	1.956951e-194
6.920074e+00	-2.000000e+02	8.319049e+06	1.000000e-200	4.251025e+00	1.956951e-194
6.928000e+00	-2.000000e+02	8.472274e+06	1.000000e-200	4.329323e+00	1.956951e-194
6.936074e+00	-2.000000e+02	8.631250e+06	1.000000e-200	4.410559e+00	1.956951e-194
6.944000e+00	-2.000000e+02	8.790225e+06	1.000000e-200	4.491795e+00	1.956951e-194
6.952074e+00	-2.000000e+02	8.955167e+06	1.000000e-200	4.576080e+00	1.956951e-194
6.960000e+00	-2.000000e+02	9.120108e+06	1.000000e-200	4.660365e+00	1.956951e-194
6.968074e+00	-2.000000e+02	9.291240e+06	1.000000e-200	4.747814e+00	1.956951e-194
6.976000e+00	-2.000000e+02	9.462372e+06	1.000000e-200	4.835262e+00	1.956951e-194
6.984074e+00	-2.000000e+02	9.639926e+06	1.000000e-200	4.925991e+00	1.956951e-194
6.992000e+00	-2.000000e+02	9.817479e+06	1.000000e-200	5.016721e+00	1.956951e-194
7.000074e+00	-2.000000e+02	1.000170e+07	1.000000e-200	5.110856e+00	1.956951e-194
7.008000e+00	-2.000000e+02	1.018591e+07	1.000000e-200	5.204991e+00	1.956951e-194
7.016074e+00	-2.000000e+02	1.037704e+07	1.000000e-200	5.302658e+00	1.956951e-194
7.024000e+00	-2.000000e+02	1.056818e+07	1.000000e-200	5.400326e+00	1.956951e-194
7.032074e+00	-2.000000e+02	1.076648e+07	1.000000e-200	5.501659e+00	1.956951e-194
7.040000e+00	-2.000000e+02	1.096478e+07	1.000000e-200	5.602992e+00	1.956951e-194
7.048074e+00	-2.000000e+02	1.117053e+07	1.000000e-200	5.708127e+00	1.956951e-194
7.056000e+00	-2.000000e+02	1.137627e+07	1.000000e-200	5.813263e+00	1.956951e-194
7.064074e+00	-2.000000e+02	1.158974e+07	1.000000e-200	5.922344e+00	1.956951e-194
7.072000e+00	-2.000000e+02	1.180321e+07	1.000000e-200	6.031426e+00	1.956951e-194
7.080074e+00	-2.000000e+02	1.202468e+07	1.000000e-200	6.144601e+00	1.956951e-194
7.088000e+00	-2.000000e+02	1.224616e+07	1.000000e-200	6.257775e+00	1.956951e-194
7.096074e+00	-2.000000e+02	1.247595e+07	1.000000e-200	6.375198e+00	1.956951e-194
7.104000e+00	-2.000000e+02	1.270574e+07	1.000000e-200	6.492620e+00	1.956951e-194
7.112074e+00	-2.000000e+02	1.294415e+07	1.000000e-200	6.614449e+00	1.956951e-194
7.120000e+00	-2.000000e+02	1.318257e+07	1.000000e-200	6.736278e+00	1.956951e-194
7.128074e+00	-2.000000e+02	1.342993e+07	1.000000e-200	6.862678e+00	1.956951e-194
7.136000e+00	-2.000000e+02	1.367729e+07	1.000000e-200	6.989079e+00	1.956951e-194
7.144074e+00	-2.000000e+02	1.393393e+07	1.000000e-200	7.120224e+00	1.956951e-194
7.152000e+00	-2.000000e+02	1.419058e+07	1.000000e-200	7.251368e+00	1.956951e-194
7.160074e+00	-2.000000e+02	1.445685e+07	1.000000e-200	7.387435e+00	1.956951e-194
7.168000e+00	-2.000000e+02	1.472313e+07	1.000000e-200	7.523501e+00	1.956951e-194
7.176074e+00	-2.000000e+02	1.499939e+07	1.000000e-200	7.664673e+00	1.956951e-194
7.184000e+00	-2.000000e+02	1.527566e+07	1.000000e-200	7.805846e+00	1.956951e-194
7.192074e+00	-2.000000e+02	1.556230e+07	1.000000e-200	7.952316e+00	1.956951e-194
7.200000e+00	-2.000000e+02	1.584893e+07	1.000000e-200	8.098787e+00	1.956951e-194
7.208074e+00	-2.000000e+02	1.614632e+07	1.000000e-200	8.250754e+00	1.956951e-194
7.216000e+00	-2.000000e+02	1.644372e+07	1.000000e-200	8.402722e+00	1.956951e-194
7.224074e+00	-2.000000e+02	1.675227e+07	1.000000e-200	8.560392e+00	1.956951e-194
7.232000e+00	-2.000000e+02	1.706082e+07	1.000000e-200	8.718062e+00	1.956951e-194
7.240074e+00	-2.000000e+02	1.738096e+07	1.000000e-200	8.881650e+00	1.956951e-194
7.248000e+00	-2.000000e+02	1.770109e+07	1.000000e-200	9.045237e+00	1.956951e-194
7.256074e+00	-2.000000e+02	1.803324e+07	1.000000e-200	9.214964e+00	1.956951e-194
7.264000e+00	-2.000000e+02	1.836538e+07	1.000000e-200	9.384691e+00	1.956951e-194
7.272074e+00	-2.000000e+02	1.871000e+07	1.000000e-200	9.560787e+00	1.956951e-194
7.280000e+00	-2.000000e+02	1.905461e+07	1.000000e-200	9.736883e+00	1.956951e-194
7.288074e+00	-2.000000e+02	1.941215e+07	1.000000e-200	9.919588e+00	1.956951e-194
7.296000e+00	-2.000000e+02	1.976970e+07	1.000000e-200	1.010229e+01	1.956951e-194
7.304074e+00	-2.000000e+02	2.014066e+07	1.000000e-200	1.029185e+01	1.956951e-194
7.312000e+00	-2.000000e+02	2.051162e+07	1.000000e-200	1.048142e+01	1.956951e-194
7.320074e+00	-2.000000e+02	2.089651e+07	1.000000e-200	1.067809e+01	1.956951e-194
7.328000e+00	-2.000000e+02	2.128139e+07	1.000000e-200	1.087477e+01	1.956951e-194
7.336074e+00	-2.000000e+02	2.168072e+07	1.000000e-200	1.107882e+01	1.956951e-194
7.344000e+00	-2.000000e+02	2.208005e+07	1.000000e-200	1.128288e+01	1.956951e-194
7.352074e+00	-2.000000e+02	2.249436e+07	1.000000e-200	1.149459e+01	1.956951e-194
7.360000e+00	-2.000000e+02	2.290868e+07	1.000000e-200	1.170631e+01	1.956951e-194
7.368074e+00	-2.000000e+02	2.333854e+07	1.000000e-200	1.192597e+01	1.956951e-194
7.376000e+00	-2.000000e+02	2.376840e+07	1.000000e-200	1.214563e+01	1.956951e-194
7.384074e+00	-2.000000e+02	2.421440e+07	1.000000e-200	1.237353e+01	1.956951e-194
7.392000e+00	-2.000000e+02	2.466039e+07	1.000000e-200	1.260143e+01	1.956951e-194
7.400074e+00	-2.000000e+02	2.512313e+07	1.000000e-200	1.283789e+01	1.956951e-194
7.408000e+00	-2.000000e+02	2.558586e+07	1.000000e-200	1.307435e+01	1.956951e-194
7.416074e+00	-2.000000e+02	2.606596e+07	1.000000e-200	1.331968e+01	1.956951e-194
7.424000e+00	-2.000000e+02	2.654606e+07	1.000000e-200	1.356501e+01	1.956951e-194
7.432074e+00	-2.000000e+02	2.704417e+07	1.000000e-200	1.381954e+01	1.956951e-194
7.440000e+00	-2.000000e+02	2.754229e+07	1.000000e-200	1.407408e+01	1.956951e-194
7.448074e+00	-2.000000e+02	2.805910e+07	1.000000e-200	1.433817e+01	1.956951e-194
7.456000e+00	-2.000000e+02	2.857591e+07	1.000000e-200	1.460226e+01	1.956951e-194
7.464074e+00	-2.000000e+02	2.911211e+07	1.000000e-200	1.487626e+01	1.956951e-194
7.472000e+00	-2.000000e+02	2.964831e+07	1.000000e-200	1.515026e+01	1.956951e-194
7.480074e+00	-2.000000e+02	3.020464e+07	1.000000e-200	1.543454e+01	1.956951e-194
7.488000e+00	-2.000000e+02	3.076097e+07	1.000000e-200	1.571882e+01	1.956951e-194
7.496074e+00	-2.000000e+02	3.133817e+07	1.000000e-200	1.601377e+01	1.956951e-194
7.504000e+00	-2.000000e+02	3.191538e+07	1.000000e-200	1.630872e+01	1.956951e-194
7.512074e+00	-2.000000e+02	3.251425e+07	1.000000e-200	1.661474e+01	1.956951e-194
7.520000e+00	-2.000000e+02	3.311311e+07	1.000000e-200	1.692076e+01	1.956951e-194
7.528074e+00	-2.000000e+02	3.373445e+07	1.000000e-200	1.723827e+01	1.956951e-194
7.536000e+00	-2.000000e+02	3.435579e+07	1.000000e-200	1.755577e+01	1.956951e-194
7.544074e+00	-2.000000e+02	3.500045e+07	1.000000e-200	1.788519e+01	1.956951e-194
7.552000e+00	-2.000000e+02	3.564511e+07	1.000000e-200	1.821461e+01	1.956951e-194
7.560074e+00	-2.000000e+02	3.631397e+07	1.000000e-200	1.855640e+01	1.956951e-194
7.568000e+00	-2.000000e+02	3.698282e+07	1.000000e-200	1.889818e+01	1.956951e-194
7.576074e+00	-2.000000e+02	3.767677e+07	1.000000e-200	1.925279e+01	1.956951e-194
7.584000e+00	-2.000000e+02	3.837072e+07	1.000000e-200	1.960740e+01	1.956951e-194
7.592074e+00	-2.000000e+02	3.909072e+07	1.000000e-200	1.997532e+01	1.956951e-194
7.600000e+00	-2.000000e+02	3.981072e+07	1.000000e-200	2.034323e+01	1.956951e-194
7.608074e+00	-2.000000e+02	4.055773e+07	1.000000e-200	2.072496e+01	1.956951e-194
7.616000e+00	-2.000000e+02	4.130475e+07	1.000000e-200	2.110668e+01	1.956951e-194
7.624074e+00	-2.000000e+02	4.207980e+07	1.000000e-200	2.150273e+01	1.956951e-194
7.632000e+00	-2.000000e+02	4.285485e+07	1.000000e-200	2.189878e+01	1.956951e-194
7.640074e+00	-2.000000e+02	4.365899e+07	1.000000e-200	2.230970e+01	1.956951e-194
7.648000e+00	-2.000000e+02	4.446313e+07	1.000000e-200	2.272061e+01	1.956951e-194
7.656074e+00	-2.000000e+02	4.529744e+07	1.000000e-200	2.314694e+01	1.956951e-194
7.664000e+00	-2.000000e+02	4.613176e+07	1.000000e-200	2.357328e+01	1.956951e-194
7.672074e+00	-2.000000e+02	4.699738e+07	1.000000e-200	2.401561e+01	1.956951e-194
7.680000e+00	-2.000000e+02	4.786301e+07	1.000000e-200	2.445795e+01	1.956951e-194
7.688074e+00	-2.000000e+02	4.876112e+07	1.000000e-200	2.491688e+01	1.956951e-194
7.696000e+00	-2.000000e+02	4.965923e+07	1.000000e-200	2.537581e+01	1.956951e-194
7.704074e+00	-2.000000e+02	5.059105e+07	1.000000e-200	2.585197e+01	1.956951e-194
7.712000e+00	-2.000000e+02	5.152286e+07	1.000000e-200	2.632813e+01	1.956951e-194
7.720074e+00	-2.000000e+02	5.248965e+07	1.000000e-200	2.682215e+01	1.956951e-194
7.728000e+00	-2.000000e+02	5.345644e+07	1.000000e-200	2.731618e+01	1.956951e-194
7.736074e+00	-2.000000e+02	5.445950e+07	1.000000e-200	2.782875e+01	1.956951e-194
7.744000e+00	-2.000000e+02	5.546257e+07	1.000000e-200	2.834131e+01	1.956951e-194
7.752074e+00	-2.000000e+02	5.650328e+07	1.000000e-200	2.887312e+01	1.956951e-194
7.760000e+00	-2.000000e+02	5.754399e+07	1.000000e-200	2.940492e+01	1.956951e-194
7.768074e+00	-2.000000e+02	5.862376e+07	1.000000e-200	2.995668e+01	1.956951e-194
7.776000e+00	-2.000000e+02	5.970353e+07	1.000000e-200	3.050844e+01	1.956951e-194
7.784074e+00	-2.000000e+02	6.082382e+07	1.000000e-200	3.108090e+01	1.956951e-194
7.792000e+00	-2.000000e+02	6.194411e+07	1.000000e-200	3.165337e+01	1.956951e-194
7.800074e+00	-2.000000e+02	6.310644e+07	1.000000e-200	3.224732e+01	1.956951e-194
7.808000e+00	-2.000000e+02	6.426877e+07	1.000000e-200	3.284127e+01	1.956951e-194
7.816074e+00	-2.000000e+02	6.547472e+07	1.000000e-200	3.345751e+01	1.956951e-194
7.824000e+00	-2.000000e+02	6.668068e+07	1.000000e-200	3.407375e+01	1.956951e-194
7.832074e+00	-2.000000e+02	6.793189e+07	1.000000e-200	3.471312e+01	1.956951e-194
7.840000e+00	-2.000000e+02	6.918310e+07	1.000000e-200	3.535249e+01	1.956951e-194
7.848074e+00	-2.000000e+02	7.048126e+07	1.000000e-200	3.601585e+01	1.956951e-194
7.856000e+00	-2.000000e+02	7.177943e+07	1.000000e-200	3.667921e+01	1.956951e-194
7.864074e+00	-2.000000e+02	7.312631e+07	1.000000e-200	3.736747e+01	1.956951e-194
7.872000e+00	-2.000000e+02	7.447320e+07	1.000000e-200	3.805572e+01	1.956951e-194
7.880074e+00	-2.000000e+02	7.587063e+07	1.000000e-200	3.876981e+01	1.956951e-194
7.888000e+00	-2.000000e+02	7.726806e+07	1.000000e-200	3.948389e+01	1.956951e-194
7.896074e+00	-2.000000e+02	7.871793e+07	1.000000e-200	4.022478e+01	1.956951e-194
7.904000e+00	-2.000000e+02	8.016781e+07	1.000000e-200	4.096566e+01	1.956951e-194
7.912074e+00	-2.000000e+02	8.167209e+07	1.000000e-200	4.173435e+01	1.956951e-194
7.920000e+00	-2.000000e+02	8.317638e+07	1.000000e-200	4.250304e+01	1.956951e-194
7.928074e+00	-2.000000e+02	8.473712e+07	1.000000e-200	4.330057e+01	1.956951e-194
7.936000e+00	-2.000000e+02	8.629785e+07	1.000000e-200	4.409811e+01	1.956951e-194
7.944074e+00	-2.000000e+02	8.791717e+07	1.000000e-200	4.492558e+01	1.956951e-194
7.952000e+00	-2.000000e+02	8.953648e+07	1.000000e-200	4.575304e+01	1.956951e-194
7.960074e+00	-2.000000e+02	9.121656e+07	1.000000e-200	4.661156e+01	1.956951e-194
7.968000e+00	-2.000000e+02	9.289664e+07	1.000000e-200	4.747008e+01	1.956951e-194
7.976074e+00	-2.000000e+02	9.463977e+07	1.000000e-200	4.836082e+01	1.956951e-194
7.984000e+00	-2.000000e+02	9.638290e+07	1.000000e-200	4.925156e+01	1.956951e-194
7.992074e+00	-2.000000e+02	9.819145e+07	1.000000e-200	5.017572e+01	1.956951e-194
8.000000e+00	-2.000000e+02	1.000000e+08	1.000000e-200	5.109989e+01	1.956951e-194
