########################################################################
#_src is in the AGN rest frame:cosmo                 
#nu_src  nuFnu_somma_src  nuFnu_Sync_src nuFnu_SSC_src nu_Fnu_Disk_src  nu_Fnu_DT_src nu_Fnu_Star_src nu_Fnu_EC_Disk_src nu_Fnu_EC_BLR_src nu_Fnu_EC_DT_src nu_Fnu_EC_Star_src nu_Fnu_EC_CMB_src  
########################################################################
6.0132e+00	 -6.5673e+01	 -6.5673e+01	 -6.5673e+01	 -6.5673e+01	 -6.5673e+01	 -6.5673e+01	 -6.5673e+01	 -6.5673e+01	 -6.5673e+01	 -6.5673e+01	 -6.5673e+01	 -6.5673e+01
6.1332e+00	 -6.5673e+01	 -6.5673e+01	 -6.5673e+01	 -6.5673e+01	 -6.5673e+01	 -6.5673e+01	 -6.5673e+01	 -6.5673e+01	 -6.5673e+01	 -6.5673e+01	 -6.5673e+01	 -6.5673e+01
6.2532e+00	 -6.5673e+01	 -6.5673e+01	 -6.5673e+01	 -6.5673e+01	 -6.5673e+01	 -6.5673e+01	 -6.5673e+01	 -6.5673e+01	 -6.5673e+01	 -6.5673e+01	 -6.5673e+01	 -6.5673e+01
6.3732e+00	 -6.5673e+01	 -6.5673e+01	 -6.5673e+01	 -6.5673e+01	 -6.5673e+01	 -6.5673e+01	 -6.5673e+01	 -6.5673e+01	 -6.5673e+01	 -6.5673e+01	 -6.5673e+01	 -6.5673e+01
6.4932e+00	 -6.5673e+01	 -6.5673e+01	 -6.5673e+01	 -6.5673e+01	 -6.5673e+01	 -6.5673e+01	 -6.5673e+01	 -6.5673e+01	 -6.5673e+01	 -6.5673e+01	 -6.5673e+01	 -6.5673e+01
6.6132e+00	 -6.5673e+01	 -6.5673e+01	 -6.5673e+01	 -6.5673e+01	 -6.5673e+01	 -6.5673e+01	 -6.5673e+01	 -6.5673e+01	 -6.5673e+01	 -6.5673e+01	 -6.5673e+01	 -6.5673e+01
6.7332e+00	 -6.5673e+01	 -6.5673e+01	 -6.5673e+01	 -6.5673e+01	 -6.5673e+01	 -6.5673e+01	 -6.5673e+01	 -6.5673e+01	 -6.5673e+01	 -6.5673e+01	 -6.5673e+01	 -6.5673e+01
6.8532e+00	 -6.5673e+01	 -6.5673e+01	 -6.5673e+01	 -6.5673e+01	 -6.5673e+01	 -6.5673e+01	 -6.5673e+01	 -6.5673e+01	 -6.5673e+01	 -6.5673e+01	 -6.5673e+01	 -6.5673e+01
6.9732e+00	 -6.5673e+01	 -6.5673e+01	 -6.5673e+01	 -6.5673e+01	 -6.5673e+01	 -6.5673e+01	 -6.5673e+01	 -6.5673e+01	 -6.5673e+01	 -6.5673e+01	 -6.5673e+01	 -6.5673e+01
7.0932e+00	 -6.5673e+01	 -6.5673e+01	 -6.5673e+01	 -6.5673e+01	 -6.5673e+01	 -6.5673e+01	 -6.5673e+01	 -6.5673e+01	 -6.5673e+01	 -6.5673e+01	 -6.5673e+01	 -6.5673e+01
7.2132e+00	 -6.5673e+01	 -6.5673e+01	 -6.5673e+01	 -6.5673e+01	 -6.5673e+01	 -6.5673e+01	 -6.5673e+01	 -6.5673e+01	 -6.5673e+01	 -6.5673e+01	 -6.5673e+01	 -6.5673e+01
7.3332e+00	 -6.5673e+01	 -6.5673e+01	 -6.5673e+01	 -6.5673e+01	 -6.5673e+01	 -6.5673e+01	 -6.5673e+01	 -6.5673e+01	 -6.5673e+01	 -6.5673e+01	 -6.5673e+01	 -6.5673e+01
7.4532e+00	 3.4461e+01	 3.4461e+01	 -6.5673e+01	 -6.5673e+01	 -6.5673e+01	 -6.5673e+01	 -6.5673e+01	 -6.5673e+01	 -6.5673e+01	 -6.5673e+01	 -6.5673e+01	 -6.5673e+01
7.5732e+00	 3.4821e+01	 3.4821e+01	 -6.5673e+01	 -6.5673e+01	 -6.5673e+01	 -6.5673e+01	 -6.5673e+01	 -6.5673e+01	 -6.5673e+01	 -6.5673e+01	 -6.5673e+01	 -6.5673e+01
7.6932e+00	 3.5181e+01	 3.5181e+01	 -6.5673e+01	 -6.5673e+01	 -6.5673e+01	 -6.5673e+01	 -6.5673e+01	 -6.5673e+01	 -6.5673e+01	 -6.5673e+01	 -6.5673e+01	 -6.5673e+01
7.8132e+00	 3.5541e+01	 3.5541e+01	 -6.5673e+01	 -6.5673e+01	 -6.5673e+01	 -6.5673e+01	 -6.5673e+01	 -6.5673e+01	 -6.5673e+01	 -6.5673e+01	 -6.5673e+01	 -6.5673e+01
7.9332e+00	 3.5901e+01	 3.5901e+01	 -6.5673e+01	 -6.5673e+01	 -6.5673e+01	 -6.5673e+01	 -6.5673e+01	 -6.5673e+01	 -6.5673e+01	 -6.5673e+01	 -6.5673e+01	 -6.5673e+01
8.0532e+00	 3.6261e+01	 3.6261e+01	 -6.5673e+01	 -6.5673e+01	 -6.5673e+01	 -6.5673e+01	 -6.5673e+01	 -6.5673e+01	 -6.5673e+01	 -6.5673e+01	 -6.5673e+01	 -6.5673e+01
8.1732e+00	 3.6621e+01	 3.6621e+01	 -6.5673e+01	 -6.5673e+01	 -6.5673e+01	 -6.5673e+01	 -6.5673e+01	 -6.5673e+01	 -6.5673e+01	 -6.5673e+01	 -6.5673e+01	 -6.5673e+01
8.2932e+00	 3.6981e+01	 3.6981e+01	 -6.5673e+01	 -6.5673e+01	 -6.5673e+01	 -6.5673e+01	 -6.5673e+01	 -6.5673e+01	 -6.5673e+01	 -6.5673e+01	 -6.5673e+01	 -6.5673e+01
8.4132e+00	 3.7340e+01	 3.7340e+01	 -6.5673e+01	 -6.5673e+01	 -6.5673e+01	 -6.5673e+01	 -6.5673e+01	 -6.5673e+01	 -6.5673e+01	 -6.5673e+01	 -6.5673e+01	 -6.5673e+01
8.5332e+00	 3.7700e+01	 3.7700e+01	 -6.5673e+01	 -6.5673e+01	 -6.5673e+01	 -6.5673e+01	 -6.5673e+01	 -6.5673e+01	 -6.5673e+01	 -6.5673e+01	 -6.5673e+01	 -6.5673e+01
8.6532e+00	 3.8058e+01	 3.8058e+01	 -6.5673e+01	 -6.5673e+01	 -6.5673e+01	 -6.5673e+01	 -6.5673e+01	 -6.5673e+01	 -6.5673e+01	 -6.5673e+01	 -6.5673e+01	 -6.5673e+01
8.7732e+00	 3.8415e+01	 3.8415e+01	 -6.5673e+01	 -6.5673e+01	 -6.5673e+01	 -6.5673e+01	 -6.5673e+01	 -6.5673e+01	 -6.5673e+01	 -6.5673e+01	 -6.5673e+01	 -6.5673e+01
8.8932e+00	 3.8766e+01	 3.8766e+01	 -6.5673e+01	 -6.5673e+01	 -6.5673e+01	 -6.5673e+01	 -6.5673e+01	 -6.5673e+01	 -6.5673e+01	 -6.5673e+01	 -6.5673e+01	 -6.5673e+01
9.0132e+00	 3.9107e+01	 3.9107e+01	 -6.5673e+01	 -6.5673e+01	 -6.5673e+01	 -6.5673e+01	 -6.5673e+01	 -6.5673e+01	 -6.5673e+01	 -6.5673e+01	 -6.5673e+01	 -6.5673e+01
9.1332e+00	 3.9428e+01	 3.9428e+01	 -6.5673e+01	 -6.5673e+01	 -6.5673e+01	 -6.5673e+01	 -6.5673e+01	 -6.5673e+01	 -6.5673e+01	 -6.5673e+01	 -6.5673e+01	 -6.5673e+01
9.2532e+00	 3.9713e+01	 3.9713e+01	 -6.5673e+01	 -6.5673e+01	 -6.5673e+01	 -6.5673e+01	 -6.5673e+01	 -6.5673e+01	 -6.5673e+01	 -6.5673e+01	 -6.5673e+01	 -6.5673e+01
9.3732e+00	 3.9975e+01	 3.9975e+01	 -6.5673e+01	 -6.5673e+01	 -6.5673e+01	 -6.5673e+01	 -6.5673e+01	 -6.5673e+01	 -6.5673e+01	 -6.5673e+01	 -6.5673e+01	 -6.5673e+01
9.4932e+00	 4.0205e+01	 4.0205e+01	 -6.5673e+01	 -6.5673e+01	 -6.5673e+01	 -6.5673e+01	 -6.5673e+01	 -6.5673e+01	 -6.5673e+01	 -6.5673e+01	 -6.5673e+01	 -6.5673e+01
9.6132e+00	 4.0410e+01	 4.0410e+01	 -6.5673e+01	 -6.5673e+01	 -6.5673e+01	 -6.5673e+01	 -6.5673e+01	 -6.5673e+01	 -6.5673e+01	 -6.5673e+01	 -6.5673e+01	 -6.5673e+01
9.7332e+00	 4.0602e+01	 4.0602e+01	 -6.5673e+01	 -6.5673e+01	 -6.5673e+01	 -6.5673e+01	 -6.5673e+01	 -6.5673e+01	 -6.5673e+01	 -6.5673e+01	 -6.5673e+01	 -6.5673e+01
9.8532e+00	 4.0783e+01	 4.0783e+01	 -6.5673e+01	 -6.5673e+01	 -6.5673e+01	 -6.5673e+01	 -6.5673e+01	 -6.5673e+01	 -6.5673e+01	 -6.5673e+01	 -6.5673e+01	 -6.5673e+01
9.9732e+00	 4.0954e+01	 4.0954e+01	 -6.5673e+01	 -6.5673e+01	 -6.5673e+01	 -6.5673e+01	 -6.5673e+01	 -6.5673e+01	 -6.5673e+01	 -6.5673e+01	 -6.5673e+01	 -6.5673e+01
1.0093e+01	 4.1123e+01	 4.1123e+01	 -6.5673e+01	 -6.5673e+01	 -6.5673e+01	 -6.5673e+01	 -6.5673e+01	 -6.5673e+01	 -6.5673e+01	 -6.5673e+01	 -6.5673e+01	 -6.5673e+01
1.0213e+01	 4.1288e+01	 4.1288e+01	 -6.5673e+01	 -6.5673e+01	 -6.5673e+01	 -6.5673e+01	 -6.5673e+01	 -6.5673e+01	 -6.5673e+01	 -6.5673e+01	 -6.5673e+01	 -6.5673e+01
1.0333e+01	 4.1450e+01	 4.1450e+01	 -6.5673e+01	 -6.5673e+01	 -6.5673e+01	 -6.5673e+01	 -6.5673e+01	 -6.5673e+01	 -6.5673e+01	 -6.5673e+01	 -6.5673e+01	 -6.5673e+01
1.0453e+01	 4.1611e+01	 4.1611e+01	 -6.5673e+01	 -6.5673e+01	 -6.5673e+01	 -6.5673e+01	 -6.5673e+01	 -6.5673e+01	 -6.5673e+01	 -6.5673e+01	 -6.5673e+01	 -6.5673e+01
1.0573e+01	 4.1771e+01	 4.1771e+01	 -6.5673e+01	 -6.5673e+01	 -6.5673e+01	 -6.5673e+01	 -6.5673e+01	 -6.5673e+01	 -6.5673e+01	 -6.5673e+01	 -6.5673e+01	 -6.5673e+01
1.0693e+01	 4.1930e+01	 4.1930e+01	 -6.5673e+01	 -6.5673e+01	 -6.5673e+01	 -6.5673e+01	 -6.5673e+01	 -6.5673e+01	 -6.5673e+01	 -6.5673e+01	 -6.5673e+01	 -6.5673e+01
1.0813e+01	 4.2089e+01	 4.2089e+01	 -6.5673e+01	 -6.5673e+01	 -6.5673e+01	 -6.5673e+01	 -6.5673e+01	 -6.5673e+01	 -6.5673e+01	 -6.5673e+01	 -6.5673e+01	 -6.5673e+01
1.0933e+01	 4.2248e+01	 4.2248e+01	 -6.5673e+01	 -6.5673e+01	 -6.5673e+01	 -6.5673e+01	 -6.5673e+01	 -6.5673e+01	 -6.5673e+01	 -6.5673e+01	 -6.5673e+01	 -6.5673e+01
1.1053e+01	 4.2405e+01	 4.2405e+01	 -6.5673e+01	 -6.5673e+01	 -6.5673e+01	 -6.5673e+01	 -6.5673e+01	 -6.5673e+01	 -6.5673e+01	 -6.5673e+01	 -6.5673e+01	 -6.5673e+01
1.1173e+01	 4.2562e+01	 4.2562e+01	 -6.5673e+01	 -6.5673e+01	 -6.5673e+01	 -6.5673e+01	 -6.5673e+01	 -6.5673e+01	 -6.5673e+01	 -6.5673e+01	 -6.5673e+01	 -6.5673e+01
1.1293e+01	 4.2718e+01	 4.2718e+01	 -6.5673e+01	 -6.5673e+01	 -6.5673e+01	 -6.5673e+01	 -6.5673e+01	 -6.5673e+01	 -6.5673e+01	 -6.5673e+01	 -6.5673e+01	 -6.5673e+01
1.1413e+01	 4.2874e+01	 4.2874e+01	 -6.5673e+01	 -6.5673e+01	 -6.5673e+01	 -6.5673e+01	 -6.5673e+01	 -6.5673e+01	 -6.5673e+01	 -6.5673e+01	 -6.5673e+01	 -6.5673e+01
1.1533e+01	 4.3028e+01	 4.3028e+01	 -6.5673e+01	 -6.5673e+01	 -6.5673e+01	 -6.5673e+01	 -6.5673e+01	 -6.5673e+01	 -6.5673e+01	 -6.5673e+01	 -6.5673e+01	 -6.5673e+01
1.1653e+01	 4.3182e+01	 4.3182e+01	 -6.5673e+01	 -6.5673e+01	 -6.5673e+01	 -6.5673e+01	 -6.5673e+01	 -6.5673e+01	 -6.5673e+01	 -6.5673e+01	 -6.5673e+01	 -6.5673e+01
1.1773e+01	 4.3334e+01	 4.3334e+01	 -6.5673e+01	 -6.5673e+01	 -6.5673e+01	 -6.5673e+01	 -6.5673e+01	 -6.5673e+01	 -6.5673e+01	 -6.5673e+01	 -6.5673e+01	 -6.5673e+01
1.1893e+01	 4.3483e+01	 4.3483e+01	 -6.5673e+01	 -6.5673e+01	 -6.5673e+01	 -6.5673e+01	 -6.5673e+01	 -6.5673e+01	 -6.5673e+01	 -6.5673e+01	 -6.5673e+01	 -6.5673e+01
1.2013e+01	 4.3631e+01	 4.3631e+01	 -6.5673e+01	 -6.5673e+01	 -6.5673e+01	 -6.5673e+01	 -6.5673e+01	 -6.5673e+01	 -6.5673e+01	 -6.5673e+01	 -6.5673e+01	 -6.5673e+01
1.2133e+01	 4.3776e+01	 4.3776e+01	 -6.5673e+01	 -6.5673e+01	 -6.5673e+01	 -6.5673e+01	 -6.5673e+01	 -6.5673e+01	 -6.5673e+01	 -6.5673e+01	 -6.5673e+01	 -6.5673e+01
1.2253e+01	 4.3917e+01	 4.3917e+01	 -6.5673e+01	 -6.5673e+01	 -6.5673e+01	 -6.5673e+01	 -6.5673e+01	 -6.5673e+01	 -6.5673e+01	 -6.5673e+01	 -6.5673e+01	 -6.5673e+01
1.2373e+01	 4.4055e+01	 4.4055e+01	 -6.5673e+01	 -6.5673e+01	 -6.5673e+01	 -6.5673e+01	 -6.5673e+01	 -6.5673e+01	 -6.5673e+01	 -6.5673e+01	 -6.5673e+01	 -6.5673e+01
1.2493e+01	 4.4188e+01	 4.4188e+01	 -6.5673e+01	 -6.5673e+01	 -6.5673e+01	 -6.5673e+01	 -6.5673e+01	 -6.5673e+01	 -6.5673e+01	 -6.5673e+01	 -6.5673e+01	 -6.5673e+01
1.2613e+01	 4.4312e+01	 4.4312e+01	 -6.5673e+01	 -6.5673e+01	 -6.5673e+01	 -6.5673e+01	 -6.5673e+01	 -6.5673e+01	 -6.5673e+01	 -6.5673e+01	 -6.5673e+01	 -6.5673e+01
1.2733e+01	 4.4429e+01	 4.4429e+01	 -6.5673e+01	 -6.5673e+01	 -6.5673e+01	 -6.5673e+01	 -6.5673e+01	 -6.5673e+01	 -6.5673e+01	 -6.5673e+01	 -6.5673e+01	 -6.5673e+01
1.2853e+01	 4.4538e+01	 4.4538e+01	 -6.5673e+01	 -6.5673e+01	 -6.5673e+01	 -6.5673e+01	 -6.5673e+01	 -6.5673e+01	 -6.5673e+01	 -6.5673e+01	 -6.5673e+01	 -6.5673e+01
1.2973e+01	 4.4630e+01	 4.4630e+01	 -6.5673e+01	 -6.5673e+01	 -6.5673e+01	 -6.5673e+01	 -6.5673e+01	 -6.5673e+01	 -6.5673e+01	 -6.5673e+01	 -6.5673e+01	 -6.5673e+01
1.3093e+01	 4.4710e+01	 4.4710e+01	 -6.5673e+01	 -6.5673e+01	 -6.5673e+01	 -6.5673e+01	 -6.5673e+01	 -6.5673e+01	 -6.5673e+01	 -6.5673e+01	 -6.5673e+01	 -6.5673e+01
1.3213e+01	 4.4778e+01	 4.4778e+01	 -6.5673e+01	 -6.5673e+01	 -6.5673e+01	 -6.5673e+01	 -6.5673e+01	 -6.5673e+01	 -6.5673e+01	 -6.5673e+01	 -6.5673e+01	 -6.5673e+01
1.3333e+01	 4.4817e+01	 4.4817e+01	 -6.5673e+01	 -6.5673e+01	 -6.5673e+01	 -6.5673e+01	 -6.5673e+01	 -6.5673e+01	 -6.5673e+01	 -6.5673e+01	 -6.5673e+01	 -6.5673e+01
1.3453e+01	 4.4840e+01	 4.4840e+01	 -6.5673e+01	 -6.5673e+01	 -6.5673e+01	 -6.5673e+01	 -6.5673e+01	 -6.5673e+01	 -6.5673e+01	 -6.5673e+01	 -6.5673e+01	 -6.5673e+01
1.3573e+01	 4.4848e+01	 4.4848e+01	 3.5491e+01	 -6.5673e+01	 -6.5673e+01	 -6.5673e+01	 -6.5673e+01	 -6.5673e+01	 -6.5673e+01	 -6.5673e+01	 -6.5673e+01	 -6.5673e+01
1.3693e+01	 4.4834e+01	 4.4834e+01	 3.5725e+01	 -6.5673e+01	 -6.5673e+01	 -6.5673e+01	 -6.5673e+01	 -6.5673e+01	 -6.5673e+01	 -6.5673e+01	 -6.5673e+01	 -6.5673e+01
1.3813e+01	 4.4812e+01	 4.4812e+01	 3.5959e+01	 -6.5673e+01	 -6.5673e+01	 -6.5673e+01	 -6.5673e+01	 -6.5673e+01	 -6.5673e+01	 -6.5673e+01	 -6.5673e+01	 -6.5673e+01
1.3933e+01	 4.4785e+01	 4.4785e+01	 3.6192e+01	 -6.5673e+01	 -6.5673e+01	 -6.5673e+01	 -6.5673e+01	 -6.5673e+01	 -6.5673e+01	 -6.5673e+01	 -6.5673e+01	 -6.5673e+01
1.4053e+01	 4.4755e+01	 4.4755e+01	 3.6422e+01	 -6.5673e+01	 -6.5673e+01	 -6.5673e+01	 -6.5673e+01	 -6.5673e+01	 -6.5673e+01	 -6.5673e+01	 -6.5673e+01	 -6.5673e+01
1.4173e+01	 4.4725e+01	 4.4725e+01	 3.6651e+01	 -6.5673e+01	 -6.5673e+01	 -6.5673e+01	 -6.5673e+01	 -6.5673e+01	 -6.5673e+01	 -6.5673e+01	 -6.5673e+01	 -6.5673e+01
1.4293e+01	 4.4695e+01	 4.4695e+01	 3.6880e+01	 -6.5673e+01	 -6.5673e+01	 -6.5673e+01	 -6.5673e+01	 -6.5673e+01	 -6.5673e+01	 -6.5673e+01	 -6.5673e+01	 -6.5673e+01
1.4413e+01	 4.4665e+01	 4.4665e+01	 3.7105e+01	 -6.5673e+01	 -6.5673e+01	 -6.5673e+01	 -6.5673e+01	 -6.5673e+01	 -6.5673e+01	 -6.5673e+01	 -6.5673e+01	 -6.5673e+01
1.4533e+01	 4.4635e+01	 4.4635e+01	 3.7328e+01	 -6.5673e+01	 -6.5673e+01	 -6.5673e+01	 -6.5673e+01	 -6.5673e+01	 -6.5673e+01	 -6.5673e+01	 -6.5673e+01	 -6.5673e+01
1.4653e+01	 4.4605e+01	 4.4605e+01	 3.7551e+01	 -6.5673e+01	 -6.5673e+01	 -6.5673e+01	 -6.5673e+01	 -6.5673e+01	 -6.5673e+01	 -6.5673e+01	 -6.5673e+01	 -6.5673e+01
1.4773e+01	 4.4575e+01	 4.4575e+01	 3.7770e+01	 -6.5673e+01	 -6.5673e+01	 -6.5673e+01	 -6.5673e+01	 -6.5673e+01	 -6.5673e+01	 -6.5673e+01	 -6.5673e+01	 -6.5673e+01
1.4893e+01	 4.4545e+01	 4.4545e+01	 3.7984e+01	 -6.5673e+01	 -6.5673e+01	 -6.5673e+01	 -6.5673e+01	 -6.5673e+01	 -6.5673e+01	 -6.5673e+01	 -6.5673e+01	 -6.5673e+01
1.5013e+01	 4.4515e+01	 4.4515e+01	 3.8198e+01	 -6.5673e+01	 -6.5673e+01	 -6.5673e+01	 -6.5673e+01	 -6.5673e+01	 -6.5673e+01	 -6.5673e+01	 -6.5673e+01	 -6.5673e+01
1.5133e+01	 4.4485e+01	 4.4485e+01	 3.8410e+01	 -6.5673e+01	 -6.5673e+01	 -6.5673e+01	 -6.5673e+01	 -6.5673e+01	 -6.5673e+01	 -6.5673e+01	 -6.5673e+01	 -6.5673e+01
1.5253e+01	 4.4455e+01	 4.4455e+01	 3.8612e+01	 -6.5673e+01	 -6.5673e+01	 -6.5673e+01	 -6.5673e+01	 -6.5673e+01	 -6.5673e+01	 -6.5673e+01	 -6.5673e+01	 -6.5673e+01
1.5373e+01	 4.4425e+01	 4.4425e+01	 3.8815e+01	 -6.5673e+01	 -6.5673e+01	 -6.5673e+01	 -6.5673e+01	 -6.5673e+01	 -6.5673e+01	 -6.5673e+01	 -6.5673e+01	 -6.5673e+01
1.5493e+01	 4.4395e+01	 4.4395e+01	 3.9017e+01	 -6.5673e+01	 -6.5673e+01	 -6.5673e+01	 -6.5673e+01	 -6.5673e+01	 -6.5673e+01	 -6.5673e+01	 -6.5673e+01	 -6.5673e+01
1.5613e+01	 4.4365e+01	 4.4365e+01	 3.9203e+01	 -6.5673e+01	 -6.5673e+01	 -6.5673e+01	 -6.5673e+01	 -6.5673e+01	 -6.5673e+01	 -6.5673e+01	 -6.5673e+01	 -6.5673e+01
1.5733e+01	 4.4335e+01	 4.4335e+01	 3.9390e+01	 -6.5673e+01	 -6.5673e+01	 -6.5673e+01	 -6.5673e+01	 -6.5673e+01	 -6.5673e+01	 -6.5673e+01	 -6.5673e+01	 -6.5673e+01
1.5853e+01	 4.4305e+01	 4.4305e+01	 3.9576e+01	 -6.5673e+01	 -6.5673e+01	 -6.5673e+01	 -6.5673e+01	 -6.5673e+01	 -6.5673e+01	 -6.5673e+01	 -6.5673e+01	 -6.5673e+01
1.5973e+01	 4.4275e+01	 4.4275e+01	 3.9750e+01	 -6.5673e+01	 -6.5673e+01	 -6.5673e+01	 -6.5673e+01	 -6.5673e+01	 -6.5673e+01	 -6.5673e+01	 -6.5673e+01	 -6.5673e+01
1.6093e+01	 4.4245e+01	 4.4245e+01	 3.9921e+01	 -6.5673e+01	 -6.5673e+01	 -6.5673e+01	 -6.5673e+01	 -6.5673e+01	 -6.5673e+01	 -6.5673e+01	 -6.5673e+01	 -6.5673e+01
1.6213e+01	 4.4215e+01	 4.4215e+01	 4.0092e+01	 -6.5673e+01	 -6.5673e+01	 -6.5673e+01	 -6.5673e+01	 -6.5673e+01	 -6.5673e+01	 -6.5673e+01	 -6.5673e+01	 -6.5673e+01
1.6333e+01	 4.4185e+01	 4.4185e+01	 4.0258e+01	 -6.5673e+01	 -6.5673e+01	 -6.5673e+01	 -6.5673e+01	 -6.5673e+01	 -6.5673e+01	 -6.5673e+01	 -6.5673e+01	 -6.5673e+01
1.6453e+01	 4.4155e+01	 4.4155e+01	 4.0419e+01	 -6.5673e+01	 -6.5673e+01	 -6.5673e+01	 -6.5673e+01	 -6.5673e+01	 -6.5673e+01	 -6.5673e+01	 -6.5673e+01	 -6.5673e+01
1.6573e+01	 4.4125e+01	 4.4125e+01	 4.0581e+01	 -6.5673e+01	 -6.5673e+01	 -6.5673e+01	 -6.5673e+01	 -6.5673e+01	 -6.5673e+01	 -6.5673e+01	 -6.5673e+01	 -6.5673e+01
1.6693e+01	 4.4095e+01	 4.4095e+01	 4.0741e+01	 -6.5673e+01	 -6.5673e+01	 -6.5673e+01	 -6.5673e+01	 -6.5673e+01	 -6.5673e+01	 -6.5673e+01	 -6.5673e+01	 -6.5673e+01
1.6813e+01	 4.4065e+01	 4.4065e+01	 4.0897e+01	 -6.5673e+01	 -6.5673e+01	 -6.5673e+01	 -6.5673e+01	 -6.5673e+01	 -6.5673e+01	 -6.5673e+01	 -6.5673e+01	 -6.5673e+01
1.6933e+01	 4.4035e+01	 4.4035e+01	 4.1053e+01	 -6.5673e+01	 -6.5673e+01	 -6.5673e+01	 -6.5673e+01	 -6.5673e+01	 -6.5673e+01	 -6.5673e+01	 -6.5673e+01	 -6.5673e+01
1.7053e+01	 4.4005e+01	 4.4004e+01	 4.1209e+01	 -6.5673e+01	 -6.5673e+01	 -6.5673e+01	 -6.5673e+01	 -6.5673e+01	 -6.5673e+01	 -6.5673e+01	 -6.5673e+01	 -6.5673e+01
1.7173e+01	 4.3974e+01	 4.3973e+01	 4.1361e+01	 -6.5673e+01	 -6.5673e+01	 -6.5673e+01	 -6.5673e+01	 -6.5673e+01	 -6.5673e+01	 -6.5673e+01	 -6.5673e+01	 -6.5673e+01
1.7293e+01	 4.3944e+01	 4.3942e+01	 4.1514e+01	 -6.5673e+01	 -6.5673e+01	 -6.5673e+01	 -6.5673e+01	 -6.5673e+01	 -6.5673e+01	 -6.5673e+01	 -6.5673e+01	 -6.5673e+01
1.7413e+01	 4.3913e+01	 4.3911e+01	 4.1666e+01	 -6.5673e+01	 -6.5673e+01	 -6.5673e+01	 -6.5673e+01	 -6.5673e+01	 -6.5673e+01	 -6.5673e+01	 -6.5673e+01	 -6.5673e+01
1.7533e+01	 4.3882e+01	 4.3878e+01	 4.1815e+01	 -6.5673e+01	 -6.5673e+01	 -6.5673e+01	 -6.5673e+01	 -6.5673e+01	 -6.5673e+01	 -6.5673e+01	 -6.5673e+01	 -6.5673e+01
1.7653e+01	 4.3850e+01	 4.3844e+01	 4.1963e+01	 -6.5673e+01	 -6.5673e+01	 -6.5673e+01	 -6.5673e+01	 -6.5673e+01	 -6.5673e+01	 -6.5673e+01	 -6.5673e+01	 -6.5673e+01
1.7773e+01	 4.3817e+01	 4.3809e+01	 4.2111e+01	 -6.5673e+01	 -6.5673e+01	 -6.5673e+01	 -6.5673e+01	 -6.5673e+01	 -6.5673e+01	 -6.5673e+01	 -6.5673e+01	 -6.5673e+01
1.7893e+01	 4.3783e+01	 4.3769e+01	 4.2254e+01	 -6.5673e+01	 -6.5673e+01	 -6.5673e+01	 -6.5673e+01	 -6.5673e+01	 -6.5673e+01	 -6.5673e+01	 -6.5673e+01	 -6.5673e+01
1.8013e+01	 4.3747e+01	 4.3727e+01	 4.2396e+01	 -6.5673e+01	 -6.5673e+01	 -6.5673e+01	 -6.5673e+01	 -6.5673e+01	 -6.5673e+01	 -6.5673e+01	 -6.5673e+01	 -6.5673e+01
1.8133e+01	 4.3710e+01	 4.3680e+01	 4.2537e+01	 -6.5673e+01	 -6.5673e+01	 -6.5673e+01	 -6.5673e+01	 -6.5673e+01	 -6.5673e+01	 -6.5673e+01	 -6.5673e+01	 -6.5673e+01
1.8253e+01	 4.3669e+01	 4.3622e+01	 4.2674e+01	 -6.5673e+01	 -6.5673e+01	 -6.5673e+01	 -6.5673e+01	 -6.5673e+01	 -6.5673e+01	 -6.5673e+01	 -6.5673e+01	 -6.5673e+01
1.8373e+01	 4.3626e+01	 4.3555e+01	 4.2806e+01	 -6.5673e+01	 -6.5673e+01	 -6.5673e+01	 -6.5673e+01	 -6.5673e+01	 -6.5673e+01	 -6.5673e+01	 -6.5673e+01	 -6.5673e+01
1.8493e+01	 4.3586e+01	 4.3475e+01	 4.2938e+01	 -6.5673e+01	 -6.5673e+01	 -6.5673e+01	 -6.5673e+01	 -6.5673e+01	 -6.5673e+01	 -6.5673e+01	 -6.5673e+01	 -6.5673e+01
1.8613e+01	 4.3542e+01	 4.3366e+01	 4.3066e+01	 -6.5673e+01	 -6.5673e+01	 -6.5673e+01	 -6.5673e+01	 -6.5673e+01	 -6.5673e+01	 -6.5673e+01	 -6.5673e+01	 -6.5673e+01
1.8733e+01	 4.3509e+01	 4.3231e+01	 4.3184e+01	 -6.5673e+01	 -6.5673e+01	 -6.5673e+01	 -6.5673e+01	 -6.5673e+01	 -6.5673e+01	 -6.5673e+01	 -6.5673e+01	 -6.5673e+01
1.8853e+01	 4.3501e+01	 4.3069e+01	 4.3301e+01	 -6.5673e+01	 -6.5673e+01	 -6.5673e+01	 -6.5673e+01	 -6.5673e+01	 -6.5673e+01	 -6.5673e+01	 -6.5673e+01	 -6.5673e+01
1.8973e+01	 4.3518e+01	 4.2829e+01	 4.3419e+01	 -6.5673e+01	 -6.5673e+01	 -6.5673e+01	 -6.5673e+01	 -6.5673e+01	 -6.5673e+01	 -6.5673e+01	 -6.5673e+01	 -6.5673e+01
1.9093e+01	 4.3559e+01	 4.2527e+01	 4.3517e+01	 -6.5673e+01	 -6.5673e+01	 -6.5673e+01	 -6.5673e+01	 -6.5673e+01	 -6.5673e+01	 -6.5673e+01	 -6.5673e+01	 -6.5673e+01
1.9213e+01	 4.3630e+01	 4.2158e+01	 4.3615e+01	 -6.5673e+01	 -6.5673e+01	 -6.5673e+01	 -6.5673e+01	 -6.5673e+01	 -6.5673e+01	 -6.5673e+01	 -6.5673e+01	 -6.5673e+01
1.9333e+01	 4.3717e+01	 4.1622e+01	 4.3713e+01	 -6.5673e+01	 -6.5673e+01	 -6.5673e+01	 -6.5673e+01	 -6.5673e+01	 -6.5673e+01	 -6.5673e+01	 -6.5673e+01	 -6.5673e+01
1.9453e+01	 4.3792e+01	 4.0925e+01	 4.3791e+01	 -6.5673e+01	 -6.5673e+01	 -6.5673e+01	 -6.5673e+01	 -6.5673e+01	 -6.5673e+01	 -6.5673e+01	 -6.5673e+01	 -6.5673e+01
1.9573e+01	 4.3864e+01	 4.0069e+01	 4.3864e+01	 -6.5673e+01	 -6.5673e+01	 -6.5673e+01	 -6.5673e+01	 -6.5673e+01	 -6.5673e+01	 -6.5673e+01	 -6.5673e+01	 -6.5673e+01
1.9693e+01	 4.3936e+01	 3.8858e+01	 4.3936e+01	 -6.5673e+01	 -6.5673e+01	 -6.5673e+01	 -6.5673e+01	 -6.5673e+01	 -6.5673e+01	 -6.5673e+01	 -6.5673e+01	 -6.5673e+01
1.9813e+01	 4.3992e+01	 3.7247e+01	 4.3992e+01	 -6.5673e+01	 -6.5673e+01	 -6.5673e+01	 -6.5673e+01	 -6.5673e+01	 -6.5673e+01	 -6.5673e+01	 -6.5673e+01	 -6.5673e+01
1.9933e+01	 4.4035e+01	 3.5255e+01	 4.4035e+01	 -6.5673e+01	 -6.5673e+01	 -6.5673e+01	 -6.5673e+01	 -6.5673e+01	 -6.5673e+01	 -6.5673e+01	 -6.5673e+01	 -6.5673e+01
2.0053e+01	 4.4078e+01	 3.2522e+01	 4.4078e+01	 -6.5673e+01	 -6.5673e+01	 -6.5673e+01	 -6.5673e+01	 -6.5673e+01	 -6.5673e+01	 -6.5673e+01	 -6.5673e+01	 -6.5673e+01
2.0173e+01	 4.4113e+01	 2.8799e+01	 4.4113e+01	 -6.5673e+01	 -6.5673e+01	 -6.5673e+01	 -6.5673e+01	 -6.5673e+01	 -6.5673e+01	 -6.5673e+01	 -6.5673e+01	 -6.5673e+01
2.0293e+01	 4.4133e+01	 2.4171e+01	 4.4133e+01	 -6.5673e+01	 -6.5673e+01	 -6.5673e+01	 -6.5673e+01	 -6.5673e+01	 -6.5673e+01	 -6.5673e+01	 -6.5673e+01	 -6.5673e+01
2.0413e+01	 4.4153e+01	 1.7997e+01	 4.4153e+01	 -6.5673e+01	 -6.5673e+01	 -6.5673e+01	 -6.5673e+01	 -6.5673e+01	 -6.5673e+01	 -6.5673e+01	 -6.5673e+01	 -6.5673e+01
2.0533e+01	 4.4171e+01	 9.3848e+00	 4.4171e+01	 -6.5673e+01	 -6.5673e+01	 -6.5673e+01	 -6.5673e+01	 -6.5673e+01	 -6.5673e+01	 -6.5673e+01	 -6.5673e+01	 -6.5673e+01
2.0653e+01	 4.4177e+01	 -1.3756e+00	 4.4177e+01	 -6.5673e+01	 -6.5673e+01	 -6.5673e+01	 -6.5673e+01	 -6.5673e+01	 -6.5673e+01	 -6.5673e+01	 -6.5673e+01	 -6.5673e+01
2.0773e+01	 4.4183e+01	 -1.5343e+01	 4.4183e+01	 -6.5673e+01	 -6.5673e+01	 -6.5673e+01	 -6.5673e+01	 -6.5673e+01	 -6.5673e+01	 -6.5673e+01	 -6.5673e+01	 -6.5673e+01
2.0893e+01	 4.4189e+01	 -6.5673e+01	 4.4189e+01	 -6.5673e+01	 -6.5673e+01	 -6.5673e+01	 -6.5673e+01	 -6.5673e+01	 -6.5673e+01	 -6.5673e+01	 -6.5673e+01	 -6.5673e+01
2.1013e+01	 4.4188e+01	 -6.5673e+01	 4.4188e+01	 -6.5673e+01	 -6.5673e+01	 -6.5673e+01	 -6.5673e+01	 -6.5673e+01	 -6.5673e+01	 -6.5673e+01	 -6.5673e+01	 -6.5673e+01
2.1133e+01	 4.4186e+01	 -6.5673e+01	 4.4186e+01	 -6.5673e+01	 -6.5673e+01	 -6.5673e+01	 -6.5673e+01	 -6.5673e+01	 -6.5673e+01	 -6.5673e+01	 -6.5673e+01	 -6.5673e+01
2.1253e+01	 4.4185e+01	 -6.5673e+01	 4.4185e+01	 -6.5673e+01	 -6.5673e+01	 -6.5673e+01	 -6.5673e+01	 -6.5673e+01	 -6.5673e+01	 -6.5673e+01	 -6.5673e+01	 -6.5673e+01
2.1373e+01	 4.4180e+01	 -6.5673e+01	 4.4180e+01	 -6.5673e+01	 -6.5673e+01	 -6.5673e+01	 -6.5673e+01	 -6.5673e+01	 -6.5673e+01	 -6.5673e+01	 -6.5673e+01	 -6.5673e+01
2.1493e+01	 4.4174e+01	 -6.5673e+01	 4.4174e+01	 -6.5673e+01	 -6.5673e+01	 -6.5673e+01	 -6.5673e+01	 -6.5673e+01	 -6.5673e+01	 -6.5673e+01	 -6.5673e+01	 -6.5673e+01
2.1613e+01	 4.4168e+01	 -6.5673e+01	 4.4168e+01	 -6.5673e+01	 -6.5673e+01	 -6.5673e+01	 -6.5673e+01	 -6.5673e+01	 -6.5673e+01	 -6.5673e+01	 -6.5673e+01	 -6.5673e+01
2.1733e+01	 4.4160e+01	 -6.5673e+01	 4.4160e+01	 -6.5673e+01	 -6.5673e+01	 -6.5673e+01	 -6.5673e+01	 -6.5673e+01	 -6.5673e+01	 -6.5673e+01	 -6.5673e+01	 -6.5673e+01
2.1853e+01	 4.4150e+01	 -6.5673e+01	 4.4150e+01	 -6.5673e+01	 -6.5673e+01	 -6.5673e+01	 -6.5673e+01	 -6.5673e+01	 -6.5673e+01	 -6.5673e+01	 -6.5673e+01	 -6.5673e+01
2.1973e+01	 4.4140e+01	 -6.5673e+01	 4.4140e+01	 -6.5673e+01	 -6.5673e+01	 -6.5673e+01	 -6.5673e+01	 -6.5673e+01	 -6.5673e+01	 -6.5673e+01	 -6.5673e+01	 -6.5673e+01
2.2093e+01	 4.4129e+01	 -6.5673e+01	 4.4129e+01	 -6.5673e+01	 -6.5673e+01	 -6.5673e+01	 -6.5673e+01	 -6.5673e+01	 -6.5673e+01	 -6.5673e+01	 -6.5673e+01	 -6.5673e+01
2.2213e+01	 4.4116e+01	 -6.5673e+01	 4.4116e+01	 -6.5673e+01	 -6.5673e+01	 -6.5673e+01	 -6.5673e+01	 -6.5673e+01	 -6.5673e+01	 -6.5673e+01	 -6.5673e+01	 -6.5673e+01
2.2333e+01	 4.4103e+01	 -6.5673e+01	 4.4103e+01	 -6.5673e+01	 -6.5673e+01	 -6.5673e+01	 -6.5673e+01	 -6.5673e+01	 -6.5673e+01	 -6.5673e+01	 -6.5673e+01	 -6.5673e+01
2.2453e+01	 4.4090e+01	 -6.5673e+01	 4.4090e+01	 -6.5673e+01	 -6.5673e+01	 -6.5673e+01	 -6.5673e+01	 -6.5673e+01	 -6.5673e+01	 -6.5673e+01	 -6.5673e+01	 -6.5673e+01
2.2573e+01	 4.4075e+01	 -6.5673e+01	 4.4075e+01	 -6.5673e+01	 -6.5673e+01	 -6.5673e+01	 -6.5673e+01	 -6.5673e+01	 -6.5673e+01	 -6.5673e+01	 -6.5673e+01	 -6.5673e+01
2.2693e+01	 4.4059e+01	 -6.5673e+01	 4.4059e+01	 -6.5673e+01	 -6.5673e+01	 -6.5673e+01	 -6.5673e+01	 -6.5673e+01	 -6.5673e+01	 -6.5673e+01	 -6.5673e+01	 -6.5673e+01
2.2813e+01	 4.4044e+01	 -6.5673e+01	 4.4044e+01	 -6.5673e+01	 -6.5673e+01	 -6.5673e+01	 -6.5673e+01	 -6.5673e+01	 -6.5673e+01	 -6.5673e+01	 -6.5673e+01	 -6.5673e+01
2.2933e+01	 4.4026e+01	 -6.5673e+01	 4.4026e+01	 -6.5673e+01	 -6.5673e+01	 -6.5673e+01	 -6.5673e+01	 -6.5673e+01	 -6.5673e+01	 -6.5673e+01	 -6.5673e+01	 -6.5673e+01
2.3053e+01	 4.4008e+01	 -6.5673e+01	 4.4008e+01	 -6.5673e+01	 -6.5673e+01	 -6.5673e+01	 -6.5673e+01	 -6.5673e+01	 -6.5673e+01	 -6.5673e+01	 -6.5673e+01	 -6.5673e+01
2.3173e+01	 4.3990e+01	 -6.5673e+01	 4.3990e+01	 -6.5673e+01	 -6.5673e+01	 -6.5673e+01	 -6.5673e+01	 -6.5673e+01	 -6.5673e+01	 -6.5673e+01	 -6.5673e+01	 -6.5673e+01
2.3293e+01	 4.3969e+01	 -6.5673e+01	 4.3969e+01	 -6.5673e+01	 -6.5673e+01	 -6.5673e+01	 -6.5673e+01	 -6.5673e+01	 -6.5673e+01	 -6.5673e+01	 -6.5673e+01	 -6.5673e+01
2.3413e+01	 4.3948e+01	 -6.5673e+01	 4.3948e+01	 -6.5673e+01	 -6.5673e+01	 -6.5673e+01	 -6.5673e+01	 -6.5673e+01	 -6.5673e+01	 -6.5673e+01	 -6.5673e+01	 -6.5673e+01
2.3533e+01	 4.3926e+01	 -6.5673e+01	 4.3926e+01	 -6.5673e+01	 -6.5673e+01	 -6.5673e+01	 -6.5673e+01	 -6.5673e+01	 -6.5673e+01	 -6.5673e+01	 -6.5673e+01	 -6.5673e+01
2.3653e+01	 4.3902e+01	 -6.5673e+01	 4.3902e+01	 -6.5673e+01	 -6.5673e+01	 -6.5673e+01	 -6.5673e+01	 -6.5673e+01	 -6.5673e+01	 -6.5673e+01	 -6.5673e+01	 -6.5673e+01
2.3773e+01	 4.3874e+01	 -6.5673e+01	 4.3874e+01	 -6.5673e+01	 -6.5673e+01	 -6.5673e+01	 -6.5673e+01	 -6.5673e+01	 -6.5673e+01	 -6.5673e+01	 -6.5673e+01	 -6.5673e+01
2.3893e+01	 4.3846e+01	 -6.5673e+01	 4.3846e+01	 -6.5673e+01	 -6.5673e+01	 -6.5673e+01	 -6.5673e+01	 -6.5673e+01	 -6.5673e+01	 -6.5673e+01	 -6.5673e+01	 -6.5673e+01
2.4013e+01	 4.3817e+01	 -6.5673e+01	 4.3817e+01	 -6.5673e+01	 -6.5673e+01	 -6.5673e+01	 -6.5673e+01	 -6.5673e+01	 -6.5673e+01	 -6.5673e+01	 -6.5673e+01	 -6.5673e+01
2.4133e+01	 4.3779e+01	 -6.5673e+01	 4.3779e+01	 -6.5673e+01	 -6.5673e+01	 -6.5673e+01	 -6.5673e+01	 -6.5673e+01	 -6.5673e+01	 -6.5673e+01	 -6.5673e+01	 -6.5673e+01
2.4253e+01	 4.3741e+01	 -6.5673e+01	 4.3741e+01	 -6.5673e+01	 -6.5673e+01	 -6.5673e+01	 -6.5673e+01	 -6.5673e+01	 -6.5673e+01	 -6.5673e+01	 -6.5673e+01	 -6.5673e+01
2.4373e+01	 4.3703e+01	 -6.5673e+01	 4.3703e+01	 -6.5673e+01	 -6.5673e+01	 -6.5673e+01	 -6.5673e+01	 -6.5673e+01	 -6.5673e+01	 -6.5673e+01	 -6.5673e+01	 -6.5673e+01
2.4493e+01	 4.3657e+01	 -6.5673e+01	 4.3657e+01	 -6.5673e+01	 -6.5673e+01	 -6.5673e+01	 -6.5673e+01	 -6.5673e+01	 -6.5673e+01	 -6.5673e+01	 -6.5673e+01	 -6.5673e+01
2.4613e+01	 4.3610e+01	 -6.5673e+01	 4.3610e+01	 -6.5673e+01	 -6.5673e+01	 -6.5673e+01	 -6.5673e+01	 -6.5673e+01	 -6.5673e+01	 -6.5673e+01	 -6.5673e+01	 -6.5673e+01
2.4733e+01	 4.3563e+01	 -6.5673e+01	 4.3563e+01	 -6.5673e+01	 -6.5673e+01	 -6.5673e+01	 -6.5673e+01	 -6.5673e+01	 -6.5673e+01	 -6.5673e+01	 -6.5673e+01	 -6.5673e+01
2.4853e+01	 4.3511e+01	 -6.5673e+01	 4.3511e+01	 -6.5673e+01	 -6.5673e+01	 -6.5673e+01	 -6.5673e+01	 -6.5673e+01	 -6.5673e+01	 -6.5673e+01	 -6.5673e+01	 -6.5673e+01
2.4973e+01	 4.3457e+01	 -6.5673e+01	 4.3457e+01	 -6.5673e+01	 -6.5673e+01	 -6.5673e+01	 -6.5673e+01	 -6.5673e+01	 -6.5673e+01	 -6.5673e+01	 -6.5673e+01	 -6.5673e+01
2.5093e+01	 4.3402e+01	 -6.5673e+01	 4.3402e+01	 -6.5673e+01	 -6.5673e+01	 -6.5673e+01	 -6.5673e+01	 -6.5673e+01	 -6.5673e+01	 -6.5673e+01	 -6.5673e+01	 -6.5673e+01
2.5213e+01	 4.3342e+01	 -6.5673e+01	 4.3342e+01	 -6.5673e+01	 -6.5673e+01	 -6.5673e+01	 -6.5673e+01	 -6.5673e+01	 -6.5673e+01	 -6.5673e+01	 -6.5673e+01	 -6.5673e+01
2.5333e+01	 4.3275e+01	 -6.5673e+01	 4.3275e+01	 -6.5673e+01	 -6.5673e+01	 -6.5673e+01	 -6.5673e+01	 -6.5673e+01	 -6.5673e+01	 -6.5673e+01	 -6.5673e+01	 -6.5673e+01
2.5453e+01	 4.3209e+01	 -6.5673e+01	 4.3209e+01	 -6.5673e+01	 -6.5673e+01	 -6.5673e+01	 -6.5673e+01	 -6.5673e+01	 -6.5673e+01	 -6.5673e+01	 -6.5673e+01	 -6.5673e+01
2.5573e+01	 4.3137e+01	 -6.5673e+01	 4.3137e+01	 -6.5673e+01	 -6.5673e+01	 -6.5673e+01	 -6.5673e+01	 -6.5673e+01	 -6.5673e+01	 -6.5673e+01	 -6.5673e+01	 -6.5673e+01
2.5693e+01	 4.3054e+01	 -6.5673e+01	 4.3054e+01	 -6.5673e+01	 -6.5673e+01	 -6.5673e+01	 -6.5673e+01	 -6.5673e+01	 -6.5673e+01	 -6.5673e+01	 -6.5673e+01	 -6.5673e+01
2.5813e+01	 4.2971e+01	 -6.5673e+01	 4.2971e+01	 -6.5673e+01	 -6.5673e+01	 -6.5673e+01	 -6.5673e+01	 -6.5673e+01	 -6.5673e+01	 -6.5673e+01	 -6.5673e+01	 -6.5673e+01
2.5933e+01	 4.2885e+01	 -6.5673e+01	 4.2885e+01	 -6.5673e+01	 -6.5673e+01	 -6.5673e+01	 -6.5673e+01	 -6.5673e+01	 -6.5673e+01	 -6.5673e+01	 -6.5673e+01	 -6.5673e+01
2.6053e+01	 4.2777e+01	 -6.5673e+01	 4.2777e+01	 -6.5673e+01	 -6.5673e+01	 -6.5673e+01	 -6.5673e+01	 -6.5673e+01	 -6.5673e+01	 -6.5673e+01	 -6.5673e+01	 -6.5673e+01
2.6173e+01	 4.2668e+01	 -6.5673e+01	 4.2668e+01	 -6.5673e+01	 -6.5673e+01	 -6.5673e+01	 -6.5673e+01	 -6.5673e+01	 -6.5673e+01	 -6.5673e+01	 -6.5673e+01	 -6.5673e+01
2.6293e+01	 4.2559e+01	 -6.5673e+01	 4.2559e+01	 -6.5673e+01	 -6.5673e+01	 -6.5673e+01	 -6.5673e+01	 -6.5673e+01	 -6.5673e+01	 -6.5673e+01	 -6.5673e+01	 -6.5673e+01
2.6413e+01	 4.2400e+01	 -6.5673e+01	 4.2400e+01	 -6.5673e+01	 -6.5673e+01	 -6.5673e+01	 -6.5673e+01	 -6.5673e+01	 -6.5673e+01	 -6.5673e+01	 -6.5673e+01	 -6.5673e+01
2.6533e+01	 4.2233e+01	 -6.5673e+01	 4.2233e+01	 -6.5673e+01	 -6.5673e+01	 -6.5673e+01	 -6.5673e+01	 -6.5673e+01	 -6.5673e+01	 -6.5673e+01	 -6.5673e+01	 -6.5673e+01
2.6653e+01	 4.2066e+01	 -6.5673e+01	 4.2066e+01	 -6.5673e+01	 -6.5673e+01	 -6.5673e+01	 -6.5673e+01	 -6.5673e+01	 -6.5673e+01	 -6.5673e+01	 -6.5673e+01	 -6.5673e+01
2.6773e+01	 4.1778e+01	 -6.5673e+01	 4.1778e+01	 -6.5673e+01	 -6.5673e+01	 -6.5673e+01	 -6.5673e+01	 -6.5673e+01	 -6.5673e+01	 -6.5673e+01	 -6.5673e+01	 -6.5673e+01
2.6893e+01	 4.1422e+01	 -6.5673e+01	 4.1422e+01	 -6.5673e+01	 -6.5673e+01	 -6.5673e+01	 -6.5673e+01	 -6.5673e+01	 -6.5673e+01	 -6.5673e+01	 -6.5673e+01	 -6.5673e+01
2.7013e+01	 4.1066e+01	 -6.5673e+01	 4.1066e+01	 -6.5673e+01	 -6.5673e+01	 -6.5673e+01	 -6.5673e+01	 -6.5673e+01	 -6.5673e+01	 -6.5673e+01	 -6.5673e+01	 -6.5673e+01
2.7133e+01	 2.7027e+01	 -6.5673e+01	 2.7027e+01	 -6.5673e+01	 -6.5673e+01	 -6.5673e+01	 -6.5673e+01	 -6.5673e+01	 -6.5673e+01	 -6.5673e+01	 -6.5673e+01	 -6.5673e+01
2.7253e+01	 -6.0740e+00	 -6.5673e+01	 -6.0740e+00	 -6.5673e+01	 -6.5673e+01	 -6.5673e+01	 -6.5673e+01	 -6.5673e+01	 -6.5673e+01	 -6.5673e+01	 -6.5673e+01	 -6.5673e+01
2.7373e+01	 -3.9176e+01	 -6.5673e+01	 -3.9176e+01	 -6.5673e+01	 -6.5673e+01	 -6.5673e+01	 -6.5673e+01	 -6.5673e+01	 -6.5673e+01	 -6.5673e+01	 -6.5673e+01	 -6.5673e+01
2.7493e+01	 -6.5673e+01	 -6.5673e+01	 -6.5673e+01	 -6.5673e+01	 -6.5673e+01	 -6.5673e+01	 -6.5673e+01	 -6.5673e+01	 -6.5673e+01	 -6.5673e+01	 -6.5673e+01	 -6.5673e+01
2.7613e+01	 -6.5673e+01	 -6.5673e+01	 -6.5673e+01	 -6.5673e+01	 -6.5673e+01	 -6.5673e+01	 -6.5673e+01	 -6.5673e+01	 -6.5673e+01	 -6.5673e+01	 -6.5673e+01	 -6.5673e+01
2.7733e+01	 -6.5673e+01	 -6.5673e+01	 -6.5673e+01	 -6.5673e+01	 -6.5673e+01	 -6.5673e+01	 -6.5673e+01	 -6.5673e+01	 -6.5673e+01	 -6.5673e+01	 -6.5673e+01	 -6.5673e+01
2.7853e+01	 -6.5673e+01	 -6.5673e+01	 -6.5673e+01	 -6.5673e+01	 -6.5673e+01	 -6.5673e+01	 -6.5673e+01	 -6.5673e+01	 -6.5673e+01	 -6.5673e+01	 -6.5673e+01	 -6.5673e+01
2.7973e+01	 -6.5673e+01	 -6.5673e+01	 -6.5673e+01	 -6.5673e+01	 -6.5673e+01	 -6.5673e+01	 -6.5673e+01	 -6.5673e+01	 -6.5673e+01	 -6.5673e+01	 -6.5673e+01	 -6.5673e+01
2.8093e+01	 -6.5673e+01	 -6.5673e+01	 -6.5673e+01	 -6.5673e+01	 -6.5673e+01	 -6.5673e+01	 -6.5673e+01	 -6.5673e+01	 -6.5673e+01	 -6.5673e+01	 -6.5673e+01	 -6.5673e+01
2.8213e+01	 -6.5673e+01	 -6.5673e+01	 -6.5673e+01	 -6.5673e+01	 -6.5673e+01	 -6.5673e+01	 -6.5673e+01	 -6.5673e+01	 -6.5673e+01	 -6.5673e+01	 -6.5673e+01	 -6.5673e+01
2.8333e+01	 -6.5673e+01	 -6.5673e+01	 -6.5673e+01	 -6.5673e+01	 -6.5673e+01	 -6.5673e+01	 -6.5673e+01	 -6.5673e+01	 -6.5673e+01	 -6.5673e+01	 -6.5673e+01	 -6.5673e+01
2.8453e+01	 -6.5673e+01	 -6.5673e+01	 -6.5673e+01	 -6.5673e+01	 -6.5673e+01	 -6.5673e+01	 -6.5673e+01	 -6.5673e+01	 -6.5673e+01	 -6.5673e+01	 -6.5673e+01	 -6.5673e+01
2.8573e+01	 -6.5673e+01	 -6.5673e+01	 -6.5673e+01	 -6.5673e+01	 -6.5673e+01	 -6.5673e+01	 -6.5673e+01	 -6.5673e+01	 -6.5673e+01	 -6.5673e+01	 -6.5673e+01	 -6.5673e+01
2.8693e+01	 -6.5673e+01	 -6.5673e+01	 -6.5673e+01	 -6.5673e+01	 -6.5673e+01	 -6.5673e+01	 -6.5673e+01	 -6.5673e+01	 -6.5673e+01	 -6.5673e+01	 -6.5673e+01	 -6.5673e+01
2.8813e+01	 -6.5673e+01	 -6.5673e+01	 -6.5673e+01	 -6.5673e+01	 -6.5673e+01	 -6.5673e+01	 -6.5673e+01	 -6.5673e+01	 -6.5673e+01	 -6.5673e+01	 -6.5673e+01	 -6.5673e+01
2.8933e+01	 -6.5673e+01	 -6.5673e+01	 -6.5673e+01	 -6.5673e+01	 -6.5673e+01	 -6.5673e+01	 -6.5673e+01	 -6.5673e+01	 -6.5673e+01	 -6.5673e+01	 -6.5673e+01	 -6.5673e+01
2.9053e+01	 -6.5673e+01	 -6.5673e+01	 -6.5673e+01	 -6.5673e+01	 -6.5673e+01	 -6.5673e+01	 -6.5673e+01	 -6.5673e+01	 -6.5673e+01	 -6.5673e+01	 -6.5673e+01	 -6.5673e+01
2.9173e+01	 -6.5673e+01	 -6.5673e+01	 -6.5673e+01	 -6.5673e+01	 -6.5673e+01	 -6.5673e+01	 -6.5673e+01	 -6.5673e+01	 -6.5673e+01	 -6.5673e+01	 -6.5673e+01	 -6.5673e+01
2.9293e+01	 -6.5673e+01	 -6.5673e+01	 -6.5673e+01	 -6.5673e+01	 -6.5673e+01	 -6.5673e+01	 -6.5673e+01	 -6.5673e+01	 -6.5673e+01	 -6.5673e+01	 -6.5673e+01	 -6.5673e+01
2.9413e+01	 -6.5673e+01	 -6.5673e+01	 -6.5673e+01	 -6.5673e+01	 -6.5673e+01	 -6.5673e+01	 -6.5673e+01	 -6.5673e+01	 -6.5673e+01	 -6.5673e+01	 -6.5673e+01	 -6.5673e+01
2.9533e+01	 -6.5673e+01	 -6.5673e+01	 -6.5673e+01	 -6.5673e+01	 -6.5673e+01	 -6.5673e+01	 -6.5673e+01	 -6.5673e+01	 -6.5673e+01	 -6.5673e+01	 -6.5673e+01	 -6.5673e+01
2.9653e+01	 -6.5673e+01	 -6.5673e+01	 -6.5673e+01	 -6.5673e+01	 -6.5673e+01	 -6.5673e+01	 -6.5673e+01	 -6.5673e+01	 -6.5673e+01	 -6.5673e+01	 -6.5673e+01	 -6.5673e+01
2.9773e+01	 -6.5673e+01	 -6.5673e+01	 -6.5673e+01	 -6.5673e+01	 -6.5673e+01	 -6.5673e+01	 -6.5673e+01	 -6.5673e+01	 -6.5673e+01	 -6.5673e+01	 -6.5673e+01	 -6.5673e+01
2.9893e+01	 -6.5673e+01	 -6.5673e+01	 -6.5673e+01	 -6.5673e+01	 -6.5673e+01	 -6.5673e+01	 -6.5673e+01	 -6.5673e+01	 -6.5673e+01	 -6.5673e+01	 -6.5673e+01	 -6.5673e+01
